spA_par,spB_par,Dissimilarity,Exclusivity,D,I,a_A,b_A,alpha_A,gamma_A,a_B,b_B,alpha_B,gamma_B,ND_magnitude,ND_angle
1610,1610,0,0,1,1,19,35,1,4,19,35,1,4,0,0
1610,1611,0.115,0.062,0.8623327072318929,0.8584895137765092,19,35,1,4,20,35,1,4,0.13064838307457158,28.33045808554007
1610,1612,0.234,0.125,0.7001565845829218,0.7417671675333417,19,35,1,4,21,35,1,4,0.2652941763401526,28.11059942214725
1610,1613,0.354,0.188,0.5141706354628476,0.6318104218042233,19,35,1,4,22,35,1,4,0.4008241509689754,27.97158458138142
1610,1614,0.471,0.25,0.33636522529803015,0.5374910975609495,19,35,1,4,23,35,1,4,0.5332363453479141,27.958717197762567
1610,1615,0.582,0.313,0.2110171124873147,0.4733988686713435,19,35,1,4,24,35,1,4,0.6608275115338343,28.271394397502924
1610,1616,0.684,0.375,0.14621052396888878,0.43695419552682424,19,35,1,4,25,35,1,4,0.7800519213488292,28.733562747438384
1610,1617,0.773,0.438,0.09767217453532928,0.4065609121353023,19,35,1,4,26,35,1,4,0.8884666566619144,29.536912048711617
1610,1618,0.847,0.5,0.061989555060376955,0.3811857273531143,19,35,1,4,27,35,1,4,0.9835695196578633,30.55415113705478
1610,1619,0.904,0.563,0.037810907935404314,0.3598970063951491,19,35,1,4,28,35,1,4,1.0649812204917042,31.914138886670735
1610,1620,0.945,0.625,0.01914288973518119,0.3397592077511291,19,35,1,4,29,35,1,4,1.1329827889248802,33.47968005228896
1610,1621,0.973,0.688,0.009230131090126048,0.3249426659652993,19,35,1,4,30,35,1,4,1.1916681585072246,35.26380482211782
1610,1622,0.988,0.75,0.003506256418496667,0.3122734589848658,19,35,1,4,31,35,1,4,1.2404208963089909,37.20247179889837
1610,1623,0.996,0.813,8.527413459312738e-4,0.302405590505726,19,35,1,4,32,35,1,4,1.2856846425154187,39.22356048587564
1610,1624,0.999,0.876,1.3206874055560203e-4,0.29661269730616757,19,35,1,4,33,35,1,4,1.3286749038045387,41.24677452634258
1610,1625,1,0.938,2.7895760382756762e-6,0.2934261096661577,19,35,1,4,34,35,1,4,1.3710740315533658,43.16763304046667
1610,1662,1,1,0,0.2928932188134524,19,35,1,4,10,19,4,4,1.4142135623730951,45
1610,1663,1,1,0,0.2928932188134524,19,35,1,4,11,19,4,4,1.4142135623730951,45
1610,1664,1,1,0,0.2928932188134524,19,35,1,4,12,19,4,4,1.4142135623730951,45
1610,1665,1,1,0,0.2928932188134524,19,35,1,4,13,19,4,4,1.4142135623730951,45
1610,1666,1,1,0,0.2928932188134524,19,35,1,4,14,19,4,4,1.4142135623730951,45
1610,1667,1,1,0,0.2928932188134524,19,35,1,4,15,19,4,4,1.4142135623730951,45
1610,1668,1,1,0,0.2928932188134524,19,35,1,4,16,19,4,4,1.4142135623730951,45
1610,1669,1,1,0,0.2928932188134524,19,35,1,4,17,19,4,4,1.4142135623730951,45
1610,1670,1,1,0,0.2928932188134524,19,35,1,4,18,19,4,4,1.4142135623730951,45
1610,1671,0.999,0.96,0.0010245581180589047,0.29430937132544555,19,35,1,4,10,20,4,4,1.3854966618509046,43.85949960979526
1610,1672,0.999,0.959,0.001466894952927511,0.29462604606407294,19,35,1,4,11,20,4,4,1.3848039572444903,43.82966678616596
1610,1673,0.998,0.957,0.0021765149395360783,0.29507787405929153,19,35,1,4,12,20,4,4,1.3826977254627997,43.79857664765217
1610,1674,0.997,0.955,0.0033492702686539477,0.2957584258066688,19,35,1,4,13,20,4,4,1.3805919020478137,43.76739165605964
1610,1675,0.995,0.953,0.0053364325202908125,0.29685025369506524,19,35,1,4,14,20,4,4,1.3777641307567852,43.76486141602558
1610,1676,0.991,0.95,0.008694743279160755,0.2987271533168353,19,35,1,4,15,20,4,4,1.3728004224941075,43.789913616458435
1610,1677,0.982,0.948,0.01409297576546975,0.30228755446533806,19,35,1,4,16,20,4,4,1.364927836920326,43.990748695090254
1610,1678,0.962,0.945,0.022285280971156007,0.31009783379067135,19,35,1,4,17,20,4,4,1.3485062105900736,44.489248845649925
1610,1679,0.912,0.942,0.033048604609406285,0.33029044124616347,19,35,1,4,18,20,4,4,1.311147588946416,45.92703526977218
1610,1680,0.74,0.938,0.044025928013724736,0.36443028597060323,19,35,1,4,19,20,4,4,1.1947568790343917,51.729647255592454
1610,1681,0.991,0.92,0.012377270258767892,0.30380803122622246,19,35,1,4,10,21,4,4,1.3522133707370299,42.872250071645176
1610,1682,0.987,0.917,0.016128589344714617,0.3058688059110478,19,35,1,4,11,21,4,4,1.347240884177733,42.89448581114396
1610,1683,0.982,0.913,0.021399518430586184,0.3086862575071504,19,35,1,4,12,21,4,4,1.3408553240376084,42.91468969667506
1610,1684,0.974,0.909,0.028893727383617174,0.3126965452232029,19,35,1,4,13,21,4,4,1.3322751217372484,43.022970006549706
1610,1685,0.961,0.905,0.03954091845865715,0.31865259310805183,19,35,1,4,14,21,4,4,1.3200553018718573,43.2810284480628
1610,1686,0.942,0.9,0.05417134878095309,0.32788298514563086,19,35,1,4,15,21,4,4,1.30282922902428,43.69380790608125
1610,1687,0.91,0.895,0.0734975321954292,0.34294179675346326,19,35,1,4,16,21,4,4,1.2763718110331332,44.52386874835815
1610,1688,0.856,0.889,0.09824267106052453,0.3685687778556228,19,35,1,4,17,21,4,4,1.2341219550757534,46.08340135994491
1610,1689,0.757,0.883,0.12616563672191405,0.40885929336178073,19,35,1,4,18,21,4,4,1.1630726546523222,49.393362094774794
1610,1690,0.579,0.876,0.15223836902859122,0.4411448076891936,19,35,1,4,19,21,4,4,1.0500557128076586,56.536935167055425
1610,1691,0.518,0.938,0.11414875476271646,0.4176191540959674,19,35,1,4,20,21,4,4,1.0715260146165373,61.090816348852165
1610,1692,0.966,0.88,0.04228093320189297,0.325204812986267,19,35,1,4,10,22,4,4,1.3067348621660018,42.332677742085885
1610,1693,0.956,0.875,0.052422695908809436,0.33052699543309216,19,35,1,4,11,22,4,4,1.2959787806904866,42.46699387155209
1610,1694,0.943,0.87,0.0658110051423999,0.33757916686638,19,35,1,4,12,22,4,4,1.2830233824837332,42.6942450316347
1610,1695,0.924,0.864,0.0835462826695087,0.347206146911726,19,35,1,4,13,22,4,4,1.2650185769386946,43.078044041068566
1610,1696,0.899,0.858,0.10693364828367213,0.36071400363890704,19,35,1,4,14,22,4,4,1.2427248287533326,43.66323238080656
1610,1697,0.862,0.85,0.13709594420675497,0.38007846045032745,19,35,1,4,15,22,4,4,1.2105965471617701,44.598400645730415
1610,1698,0.81,0.843,0.17333585025798326,0.40820011803415424,19,35,1,4,16,22,4,4,1.1690804078419927,46.14368396659976
1610,1699,0.732,0.834,0.2125219627488718,0.44783806425833317,19,35,1,4,17,22,4,4,1.109675628280625,48.72664492323926
1610,1700,0.609,0.824,0.2529076933915593,0.4944388772603262,19,35,1,4,18,22,4,4,1.0246252973648464,53.532720763658794
1610,1701,0.47,0.813,0.2888290493720458,0.5202641490850735,19,35,1,4,19,22,4,4,0.9390788039350052,59.967544889975144
1610,1702,0.454,0.875,0.25537449372358845,0.5007285925238066,19,35,1,4,20,22,4,4,0.9857692427743929,62.57713600525468
1610,1703,0.471,0.938,0.1585534292934525,0.44554756825530784,19,35,1,4,21,22,4,4,1.0496118330125666,63.33729952758592
1610,1704,0.926,0.84,0.09147190672601502,0.35879350641039054,19,35,1,4,10,23,4,4,1.250230378770249,42.212034258005964
1610,1705,0.908,0.834,0.10996805835902612,0.3684933913304296,19,35,1,4,11,23,4,4,1.232890911638171,42.5675430028115
1610,1706,0.886,0.826,0.13359190819911704,0.3810245563801451,19,35,1,4,12,23,4,4,1.211310034631927,42.992791875158716
1610,1707,0.856,0.818,0.16385968144727103,0.3975541446887725,19,35,1,4,13,23,4,4,1.184001689187984,43.69960229199081
1610,1708,0.818,0.81,0.20161531768703422,0.4196864673719902,19,35,1,4,14,23,4,4,1.1511837385925845,44.71845052413981
1610,1709,0.768,0.8,0.24626469827108588,0.449437537987197,19,35,1,4,15,23,4,4,1.1089743008744612,46.16913932790742
1610,1710,0.7,0.79,0.29675000526796935,0.488823223475767,19,35,1,4,16,23,4,4,1.0555093557141026,48.456619172042004
1610,1711,0.608,0.778,0.3518229929520865,0.5374009720172261,19,35,1,4,17,23,4,4,0.9873945513319384,51.99269376772797
1610,1712,0.476,0.765,0.40742610231044585,0.585250445453088,19,35,1,4,18,23,4,4,0.901,58.10920819815429
1610,1713,0.397,0.75,0.4417626810093218,0.6047713983661165,19,35,1,4,19,23,4,4,0.8485923638591146,62.10623909460781
1610,1714,0.41,0.813,0.3955455746315252,0.57989731371505,19,35,1,4,20,23,4,4,0.9105322619215641,63.23796018033788
1610,1715,0.438,0.875,0.30516315976645336,0.5283446918043412,19,35,1,4,21,23,4,4,0.9785034491507938,63.40876245385269
1610,1716,0.469,0.938,0.1638825484852795,0.44850366835646893,19,35,1,4,22,23,4,4,1.0487158814474014,63.43494882292201
1610,1717,0.872,0.8,0.15699818729428805,0.40205796994547305,19,35,1,4,10,24,4,4,1.1833782151112975,42.53424100500224
1610,1718,0.847,0.792,0.1848928019755014,0.41659136176154976,19,35,1,4,11,24,4,4,1.1596003621938034,43.07804404106857
1610,1719,0.816,0.783,0.21957393335452402,0.43494053089571794,19,35,1,4,12,24,4,4,1.1309045052523223,43.81770334389924
1610,1720,0.777,0.773,0.26206139825611485,0.45840938474436355,19,35,1,4,13,24,4,4,1.0960191604164593,44.85214025207193
1610,1721,0.729,0.762,0.3124635768846159,0.4885628292899823,19,35,1,4,14,24,4,4,1.0545544082691989,46.267908838490705
1610,1722,0.668,0.75,0.3705346749946763,0.5269304592125419,19,35,1,4,15,24,4,4,1.004352527751088,48.3096102311061
1610,1723,0.59,0.737,0.4344330215049803,0.5740889834302156,19,35,1,4,16,24,4,4,0.944070442287015,51.32123532658071
1610,1724,0.49,0.722,0.49812752976281505,0.6266923787451764,19,35,1,4,17,24,4,4,0.8725732060979181,55.836424415285286
1610,1725,0.358,0.706,0.5583903138443456,0.6712163696988058,19,35,1,4,18,24,4,4,0.791580697086532,63.11124729800179
1610,1726,0.348,0.688,0.5734356953360051,0.6797863944213165,19,35,1,4,19,24,4,4,0.7710045395456501,63.16907704441841
1610,1727,0.375,0.75,0.5083990714474856,0.6439582420345404,19,35,1,4,20,24,4,4,0.8385254915624212,63.43494882292201
1610,1728,0.407,0.813,0.40435105000313887,0.5842152432050176,19,35,1,4,21,24,4,4,0.909185349639995,63.406765952832394
1610,1729,0.441,0.875,0.2652762947822169,0.5064090435115844,19,35,1,4,22,24,4,4,0.9798499885186508,63.25189583707854
1610,1730,0.48,0.938,0.11729502441487227,0.41948266104780374,19,35,1,4,23,24,4,4,1.053681166197821,62.89994436014885
1610,1731,0.809,0.76,0.23320614727077738,0.44980394459384165,19,35,1,4,10,25,4,4,1.1099914414084462,43.211229447457725
1610,1732,0.776,0.75,0.26994526574466715,0.46875801450973664,19,35,1,4,11,25,4,4,1.0792015567075504,44.02388850379871
1610,1733,0.738,0.739,0.3142590418712309,0.4921699958761683,19,35,1,4,12,25,4,4,1.0443969551851442,45.038791991034806
1610,1734,0.691,0.727,0.36678313430020715,0.5212714546797064,19,35,1,4,13,25,4,4,1.0030004985043626,46.454305414662855
1610,1735,0.635,0.715,0.4277078061389551,0.5573126634109878,19,35,1,4,14,25,4,4,0.9562687906650514,48.39133941979635
1610,1736,0.567,0.7,0.4955907673787925,0.601073449840347,19,35,1,4,15,25,4,4,0.9008268424064637,50.99252744787896
1610,1737,0.484,0.684,0.5648051681210755,0.651672325861643,19,35,1,4,16,25,4,4,0.8379212373487142,54.716685817785105
1610,1738,0.381,0.667,0.6299269272728045,0.7033589747239317,19,35,1,4,17,25,4,4,0.7681471213250753,60.26437040320554
1610,1739,0.292,0.647,0.6873684423539158,0.7393725610091626,19,35,1,4,18,25,4,4,0.7098401228445741,65.70968865785713
1610,1740,0.313,0.625,0.6587211890795219,0.7318482094064149,19,35,1,4,19,25,4,4,0.6989949928289901,63.398291259457324
1610,1741,0.344,0.688,0.574271869483738,0.6814421282440672,19,35,1,4,20,25,4,4,0.7692073842599275,63.43494882292201
1610,1742,0.379,0.75,0.4515013160826,0.6113669390472438,19,35,1,4,21,25,4,4,0.8403219621073817,63.19100871300709
1610,1743,0.419,0.813,0.30534593885305983,0.5296078388020686,19,35,1,4,22,25,4,4,0.9146201397301504,62.734546310686646
1610,1744,0.465,0.875,0.16519402597784638,0.4488500027614154,19,35,1,4,23,25,4,4,0.9908834442052203,62.01254680924402
1610,1745,0.516,0.938,0.05932324655388377,0.3774871698137582,19,35,1,4,24,25,4,4,1.0705606008068855,61.18451680053773
1610,1746,0.738,0.72,0.31250946104448096,0.49682000071146915,19,35,1,4,10,26,4,4,1.0310402513966175,44.29268063145574
1610,1747,0.7,0.708,0.3562426978556258,0.5191910518182308,19,35,1,4,11,26,4,4,0.9956224183896222,45.3255406986593
1610,1748,0.655,0.696,0.407777820226801,0.5462674279770052,19,35,1,4,12,26,4,4,0.9557410737223759,46.738272524544854
1610,1749,0.603,0.682,0.46762441663226617,0.5790742514098526,19,35,1,4,13,26,4,4,0.9103477357581552,48.518036446098115
1610,1750,0.541,0.667,0.5354417687967616,0.6184360084763044,19,35,1,4,14,26,4,4,0.8588189564745297,50.954683135067754
1610,1751,0.469,0.65,0.6075723869822276,0.6643780213215928,19,35,1,4,15,26,4,4,0.8015366491932855,54.18810229690066
1610,1752,0.383,0.632,0.6767912451237801,0.7147452349880515,19,35,1,4,16,26,4,4,0.7389945872602858,58.78360648588121
1610,1753,0.279,0.611,0.7363974449738055,0.7615942836514215,19,35,1,4,17,26,4,4,0.6716859385159109,65.45721080391411
1610,1754,0.253,0.588,0.7649059409894224,0.7849795566601601,19,35,1,4,18,26,4,4,0.6401195200898032,66.71913868000323
1610,1755,0.282,0.563,0.6968773438608353,0.7598016885558456,19,35,1,4,19,26,4,4,0.6296769012755669,63.39425580454181
1610,1756,0.317,0.625,0.5928935175330933,0.6972034401047416,19,35,1,4,20,26,4,4,0.7007952625410648,63.105876490039165
1610,1757,0.359,0.688,0.4624598537168859,0.6207286874489439,19,35,1,4,21,26,4,4,0.7760315715227054,62.444342417944135
1610,1758,0.407,0.75,0.31915189121489995,0.5385555125975707,19,35,1,4,22,26,4,4,0.8533164711875658,61.51279144665506
1610,1759,0.46,0.813,0.1892044527310588,0.46269870381166434,19,35,1,4,23,26,4,4,0.9341140187364709,60.49857294687757
1610,1760,0.518,0.876,0.09444461971103646,0.40385581516871116,19,35,1,4,24,26,4,4,1.017693470549949,59.403147724848296
1610,1761,0.578,0.938,0.042401385148681636,0.3630314630404484,19,35,1,4,25,26,4,4,1.1017840078708712,58.35842962867038
1610,1762,0.663,0.68,0.3886003166585247,0.5406509732336986,19,35,1,4,10,27,4,4,0.9497204851955128,45.725224299059256
1610,1763,0.62,0.667,0.43723081043842893,0.5654649391823012,19,35,1,4,11,27,4,4,0.9106530623678811,47.09145724448186
1610,1764,0.57,0.652,0.4935701969520565,0.5949856807695364,19,35,1,4,12,27,4,4,0.8660277131824362,48.83896980535595
1610,1765,0.513,0.636,0.5580330033649319,0.6300164561912629,19,35,1,4,13,27,4,4,0.8171077040390697,51.110221388784645
1610,1766,0.448,0.619,0.629578848479696,0.6710092560823753,19,35,1,4,14,27,4,4,0.7641105940896252,54.10493646422083
1610,1767,0.373,0.6,0.7028724108086566,0.7173969039436178,19,35,1,4,15,27,4,4,0.7064906227261619,58.132160784595975
1610,1768,0.287,0.579,0.7681886958598265,0.7659772000554448,19,35,1,4,16,27,4,4,0.6462275141155783,63.63320332412121
1610,1769,0.211,0.556,0.8160970564490699,0.8065799005828677,19,35,1,4,17,27,4,4,0.5946906758979832,69.21842640567316
1610,1770,0.221,0.529,0.7931455869866635,0.8162179389925248,19,35,1,4,18,27,4,4,0.573307945174319,67.32632177694828
1610,1771,0.256,0.5,0.7060164924829903,0.7756478553399455,19,35,1,4,19,27,4,4,0.5617259118110896,62.88755357204426
1610,1772,0.3,0.563,0.5943935913647862,0.7048346914806848,19,35,1,4,20,27,4,4,0.6379412198627706,61.94864566974038
1610,1773,0.351,0.625,0.4649760497064028,0.6250273349911828,19,35,1,4,21,27,4,4,0.7168165734691128,60.68143347257561
1610,1774,0.407,0.688,0.3263872780076783,0.5434729677009951,19,35,1,4,22,27,4,4,0.7993703772344831,59.392724087056706
1610,1775,0.467,0.75,0.2041264759381658,0.47182862114274204,19,35,1,4,23,27,4,4,0.8835094792926672,58.090854363462036
1610,1776,0.531,0.813,0.12081212614848169,0.4215990520617199,19,35,1,4,24,27,4,4,0.971045827960761,56.84997952648021
1610,1777,0.595,0.875,0.07172686386038452,0.38768629497588625,19,35,1,4,25,27,4,4,1.058135152048168,55.7842978675626
1610,1778,0.658,0.938,0.03162406043110788,0.3523170533772201,19,35,1,4,26,27,4,4,1.1457783380741668,54.950626687951605
1610,1779,0.585,0.64,0.45823816491603997,0.5806631234929274,19,35,1,4,10,28,4,4,0.8670784278253034,47.57073711069053
1610,1780,0.538,0.625,0.5099541996789347,0.6072055223566928,19,35,1,4,11,28,4,4,0.8246629614575884,49.278130434711244
1610,1781,0.485,0.609,0.5691646524857386,0.6383559719829752,19,35,1,4,12,28,4,4,0.7785280984010788,51.46662154565101
1610,1782,0.425,0.591,0.6361901332479896,0.6747367179769534,19,35,1,4,13,28,4,4,0.7279464266001997,54.27932768648773
1610,1783,0.358,0.572,0.7099597816768597,0.7165221960928043,19,35,1,4,14,28,4,4,0.6747947836194349,57.958615678518584
1610,1784,0.282,0.55,0.7841556167201214,0.7626878977742547,19,35,1,4,15,28,4,4,0.6180809008536019,62.85454833391924
1610,1785,0.196,0.526,0.8412035501088583,0.8089974453596701,19,35,1,4,16,28,4,4,0.5613305621467621,69.56342036941106
1610,1786,0.171,0.5,0.8599092154572501,0.8424213575738497,19,35,1,4,17,28,4,4,0.528432587942871,71.11931203464857
1610,1787,0.197,0.47,0.7984960026049157,0.8370770579308426,19,35,1,4,18,28,4,4,0.5096165224951011,67.25905735850138
1610,1788,0.243,0.438,0.7031824168831808,0.7829507835431633,19,35,1,4,19,28,4,4,0.5008922039720722,60.97872677529742
1610,1789,0.297,0.5,0.5882199153249636,0.705814310941631,19,35,1,4,20,28,4,4,0.5815573918367817,59.289688200216276
1610,1790,0.357,0.563,0.45686493695777874,0.6232851665946835,19,35,1,4,21,28,4,4,0.6666468330383036,57.62109259404857
1610,1791,0.42,0.625,0.32207549301721206,0.5422554764847736,19,35,1,4,22,28,4,4,0.7530106240950389,56.09889924964234
1610,1792,0.487,0.688,0.2076089615924115,0.47500991132634873,19,35,1,4,23,28,4,4,0.8429193318461737,54.707275779042696
1610,1793,0.554,0.75,0.1354660634608983,0.4307594287565749,19,35,1,4,24,28,4,4,0.9324247958950899,53.54795348389275
1610,1794,0.62,0.813,0.08919421032137542,0.4003690230978867,19,35,1,4,25,28,4,4,1.0224328828827836,52.67058032910497
1610,1795,0.684,0.876,0.05041452247891487,0.3699451671304548,19,35,1,4,26,28,4,4,1.1114099153777601,52.0165017447229
1610,1796,0.744,0.938,0.021327734930830622,0.3408057065023825,19,35,1,4,27,28,4,4,1.1972384891908545,51.579358755486076
1610,1797,0.506,0.6,0.5203733898015745,0.6168828538835105,19,35,1,4,10,29,4,4,0.7848796086024914,49.85794858964613
1610,1798,0.455,0.583,0.5738018954744342,0.64465677486121,19,35,1,4,11,29,4,4,0.7395363412300979,52.02988587261053
1610,1799,0.4,0.565,0.6343960956705799,0.6769076835487162,19,35,1,4,12,29,4,4,0.6922607890094599,54.702857232852374
1610,1800,0.338,0.545,0.702457266840528,0.7141152906451143,19,35,1,4,13,29,4,4,0.6413025806902698,58.19349390556435
1610,1801,0.27,0.524,0.7776368806297921,0.7562310659132047,19,35,1,4,14,29,4,4,0.5894709492417757,62.73943482957631
1610,1802,0.195,0.5,0.8551917450245528,0.8017793904529511,19,35,1,4,15,29,4,4,0.5366796064692602,68.69421638217123
1610,1803,0.141,0.474,0.8946903694690679,0.8451390455378897,19,35,1,4,16,29,4,4,0.49452704678308546,73.43392410149028
1610,1804,0.147,0.444,0.865941842206521,0.8691185367671257,19,35,1,4,17,29,4,4,0.4677018280913599,71.68126963739054
1610,1805,0.189,0.412,0.7905662310889683,0.8469734559853292,19,35,1,4,18,29,4,4,0.4532824726370963,65.35728395541597
1610,1806,0.247,0.375,0.6885941451237918,0.7815418014782675,19,35,1,4,19,29,4,4,0.44903674682591405,56.62843568834745
1610,1807,0.31,0.437,0.5700075124061249,0.6998694445892357,19,35,1,4,20,29,4,4,0.5357882044240989,54.648790782205054
1610,1808,0.377,0.5,0.4382323213545438,0.6159307704593675,19,35,1,4,21,29,4,4,0.626202044072039,52.98370655772472
1610,1809,0.447,0.563,0.31017702154940185,0.53710706897919,19,35,1,4,22,29,4,4,0.7188727286522977,51.551798051180675
1610,1810,0.517,0.625,0.2062696769679524,0.47540592293948225,19,35,1,4,23,29,4,4,0.8111189801749186,50.40244739844866
1610,1811,0.586,0.688,0.14388841002345332,0.4359877371706071,19,35,1,4,24,29,4,4,0.9037366873155034,49.577496213381785
1610,1812,0.652,0.75,0.10122167543451566,0.40771765084795797,19,35,1,4,25,29,4,4,0.9937826724188745,48.99847939478898
1610,1813,0.715,0.813,0.06378719373997532,0.3808315382534221,19,35,1,4,26,29,4,4,1.082679084493646,48.669703117432654
1610,1814,0.773,0.875,0.03634450203238804,0.3572340440131645,19,35,1,4,27,29,4,4,1.1675418622045206,48.54170149397881
1610,1815,0.825,0.938,0.016569982742183353,0.3347851320291557,19,35,1,4,28,29,4,4,1.2491873358307792,48.667373106266794
1610,1816,0.426,0.56,0.5751624321237946,0.6496314402239278,19,35,1,4,10,30,4,4,0.7036163727486734,52.73923328754791
1610,1817,0.373,0.542,0.6292076037801752,0.678282430330506,19,35,1,4,11,30,4,4,0.6579460464202214,55.46456705915735
1610,1818,0.316,0.522,0.6898761297398839,0.7112612531546922,19,35,1,4,12,30,4,4,0.6101966896009843,58.81079749449294
1610,1819,0.254,0.5,0.7572501295874429,0.7489161635492421,19,35,1,4,13,30,4,4,0.560817260790001,63.06943046734729
1610,1820,0.186,0.477,0.8306111740863631,0.7909589256060439,19,35,1,4,14,30,4,4,0.5119814449762804,68.69734422251713
1610,1821,0.124,0.45,0.9029926903624037,0.8352859108900745,19,35,1,4,15,30,4,4,0.4667718928984478,74.59415993976107
1610,1822,0.113,0.421,0.9029710386449947,0.8740272156908313,19,35,1,4,16,30,4,4,0.43590136498983345,74.97544656953136
1610,1823,0.145,0.389,0.8535643762964836,0.8845488487582928,19,35,1,4,17,30,4,4,0.4151457575358322,69.55702778180085
1610,1824,0.202,0.353,0.7692353462841535,0.8455152429076376,19,35,1,4,18,30,4,4,0.40670997037200846,60.2201716018636
1610,1825,0.269,0.313,0.6637067395625493,0.7722040698248949,19,35,1,4,19,30,4,4,0.4127105523245075,49.323415280705746
1610,1826,0.339,0.375,0.5433960472681194,0.688163384866018,19,35,1,4,20,30,4,4,0.505515578394969,47.88641854386461
1610,1827,0.411,0.437,0.4145867299837963,0.6046780557618217,19,35,1,4,21,30,4,4,0.5999083263299485,46.75616006093082
1610,1828,0.484,0.5,0.2939256081025292,0.5296384495496598,19,35,1,4,22,30,4,4,0.6958850479784718,45.93155659807749
1610,1829,0.555,0.563,0.20207203102644933,0.47341765486140996,19,35,1,4,23,30,4,4,0.7905656202997953,45.40998069148978
1610,1830,0.624,0.625,0.14620741331342868,0.43736843460647423,19,35,1,4,24,30,4,4,0.8831766527711202,45.0458733124663
1610,1831,0.69,0.688,0.10553087487007162,0.41023529576817364,19,35,1,4,25,30,4,4,0.9743941707543204,44.9168421781104
1610,1832,0.75,0.75,0.06962444698997072,0.3853031273697419,19,35,1,4,26,30,4,4,1.0606601717798212,45
1610,1833,0.805,0.813,0.04367738014588751,0.3642299117093789,19,35,1,4,27,30,4,4,1.144112756680914,45.28328955559681
1610,1834,0.853,0.876,0.024496197628601224,0.34436527793213445,19,35,1,4,28,30,4,4,1.2226957920922112,45.76213140887076
1610,1835,0.893,0.938,0.008837246400254628,0.3227815480138875,19,35,1,4,29,30,4,4,1.2951034707698068,46.407859722965675
1610,1836,0.346,0.52,0.6232488196029374,0.6789657269948488,19,35,1,4,10,31,4,4,0.6245926672640337,56.36081681189734
1610,1837,0.293,0.5,0.6769513257501779,0.708131903269361,19,35,1,4,11,31,4,4,0.5795248053362341,59.62969732096472
1610,1838,0.235,0.478,0.7363876177692723,0.7414021430424536,19,35,1,4,12,31,4,4,0.5326434079194071,63.819801335653935
1610,1839,0.172,0.454,0.8008849675080627,0.7789344498632919,19,35,1,4,13,31,4,4,0.4854894437575343,69.25057535241326
1610,1840,0.116,0.429,0.8676439575199056,0.8200255588009007,19,35,1,4,14,31,4,4,0.44440634558925907,74.86926507127615
1610,1841,0.098,0.4,0.9096167289815151,0.8613758951693966,19,35,1,4,15,31,4,4,0.4118300620401576,76.23369931453374
1610,1842,0.118,0.368,0.8877179820343449,0.8913490416875245,19,35,1,4,16,31,4,4,0.3864556895686748,72.22143891940398
1610,1843,0.168,0.333,0.8270496084567227,0.8841042673923589,19,35,1,4,17,31,4,4,0.3729785516621566,63.22884978553789
1610,1844,0.234,0.294,0.7376293854414535,0.8320680134488364,19,35,1,4,18,31,4,4,0.3757552394844282,51.483073692897236
1610,1845,0.308,0.25,0.6290045315821122,0.7549467621491539,19,35,1,4,19,31,4,4,0.3966913157607562,39.065834540451064
1610,1846,0.382,0.312,0.5079253928971571,0.6708374890635316,19,35,1,4,20,31,4,4,0.4932220595228887,39.24036626433647
1610,1847,0.456,0.375,0.38371164609705444,0.5896116677753003,19,35,1,4,21,31,4,4,0.5903905487048383,39.43279964735481
1610,1848,0.529,0.437,0.2723366158274275,0.5192952482176001,19,35,1,4,22,31,4,4,0.6861559589481097,39.559667968994496
1610,1849,0.599,0.5,0.19350898609663214,0.468038456176022,19,35,1,4,23,31,4,4,0.780257008940003,39.85258107475304
1610,1850,0.666,0.563,0.14322319468348188,0.4345510458596682,19,35,1,4,24,31,4,4,0.8720808448762075,40.20935201832441
1610,1851,0.729,0.625,0.10421194968535696,0.40862486387553487,19,35,1,4,25,31,4,4,0.960242677660184,40.60776655049068
1610,1852,0.786,0.688,0.07100690237670448,0.38560707328255306,19,35,1,4,26,31,4,4,1.044576469196966,41.19624501061121
1610,1853,0.836,0.75,0.04677504397300947,0.36628187940612456,19,35,1,4,27,31,4,4,1.1231188717139429,41.8962067015135
1610,1854,0.88,0.813,0.028298656457710458,0.34778092636318025,19,35,1,4,28,31,4,4,1.1980688627954572,42.733718226121034
1610,1855,0.916,0.875,0.013515563462258129,0.3302102998047931,19,35,1,4,29,31,4,4,1.2667600404180739,43.688600372929145
1610,1856,0.944,0.938,0.005204513391298682,0.3154910865968438,19,35,1,4,30,31,4,4,1.3307817251525509,44.81733607206125
1610,1857,0.267,0.48,0.6653948433021369,0.70476910243477775,19,35,1,4,10,32,4,4,0.5492622324536797,60.91500026477533
1610,1858,0.213,0.458,0.7179151919803921,0.7339867267601093,19,35,1,4,11,32,4,4,0.5051069193745024,65.05848664521197
1610,1859,0.155,0.435,0.7749356593568169,0.766908461214196,19,35,1,4,12,32,4,4,0.4617899955607527,70.38790629109593
1610,1860,0.116,0.409,0.8348653485868979,0.8033385963976949,19,35,1,4,13,32,4,4,0.4251317442864035,74.16567816900289
1610,1861,0.099,0.381,0.8889027284958371,0.8417494020299051,19,35,1,4,14,32,4,4,0.39365213069409394,75.43423575344342
1610,1862,0.111,0.35,0.8928055588377648,0.8766442778296233,19,35,1,4,15,32,4,4,0.3671797924722982,72.40394751535678
1610,1863,0.15,0.316,0.8564843478986137,0.8922416615623168,19,35,1,4,16,32,4,4,0.34979422522391646,64.6070774438571
1610,1864,0.21,0.278,0.7879625365026182,0.8681149677190618,19,35,1,4,17,32,4,4,0.3484020665839972,52.93275831417207
1610,1865,0.282,0.235,0.6947788909375006,0.8092061555314876,19,35,1,4,18,32,4,4,0.36708173476761274,39.8055710922652
1610,1866,0.357,0.188,0.5853285662453471,0.7316817861966842,19,35,1,4,19,32,4,4,0.40347614551544425,27.77176830012389
1610,1867,0.432,0.25,0.4670211019016276,0.6495642150315694,19,35,1,4,20,32,4,4,0.4991232312766057,30.058125479486673
1610,1868,0.505,0.312,0.34966652833457934,0.5721403490281276,19,35,1,4,21,32,4,4,0.5936067721985658,31.70867557362944
1610,1869,0.577,0.375,0.25026372237912653,0.5071116449529052,19,35,1,4,22,32,4,4,0.6881525993556952,33.02037710319584
1610,1870,0.644,0.437,0.18239369726821675,0.46044173569129965,19,35,1,4,23,32,4,4,0.7782705185216771,34.15969454566943
1610,1871,0.708,0.5,0.13707992803209668,0.429293851787521,19,35,1,4,24,32,4,4,0.8667548673067835,35.230299949468765
1610,1872,0.767,0.563,0.09975870159398192,0.40476545991333523,19,35,1,4,25,32,4,4,0.9514504716484196,36.27973705967811
1610,1873,0.819,0.625,0.06947619428019136,0.3833147986985853,19,35,1,4,26,32,4,4,1.0302358953171842,37.34818560769001
1610,1874,0.865,0.688,0.04696164377618661,0.3649440755419924,19,35,1,4,27,32,4,4,1.1052461264351936,38.49788759002027
1610,1875,0.904,0.75,0.028969328438546826,0.34746588659561806,19,35,1,4,28,32,4,4,1.1746131277999579,39.68066224390458
1610,1876,0.935,0.813,0.015291992147152156,0.33228471835944473,19,35,1,4,29,32,4,4,1.2390294588911113,41.00756973542432
1610,1877,0.959,0.875,0.0073678209782751525,0.3197637575259411,19,35,1,4,30,32,4,4,1.2981933600199933,42.37759853945891
1610,1878,0.976,0.938,0.002438588210015191,0.3081376504243314,19,35,1,4,31,32,4,4,1.3536690880713793,43.8626156626027
1610,1879,0.19,0.44,0.7023436391659785,0.726677554600869,19,35,1,4,10,33,4,4,0.47927027865287036,66.644435140714
1610,1880,0.15,0.416,0.7530238185894229,0.7552873159817601,19,35,1,4,11,33,4,4,0.4422171412326754,70.17186622869221
1610,1881,0.128,0.391,0.8068378784329779,0.7868812361470483,19,35,1,4,12,33,4,4,0.411418278641093,71.87332680074594
1610,1882,0.116,0.363,0.8569209430528352,0.8206242159100354,19,35,1,4,13,33,4,4,0.38108398024582457,72.27823981209559
1610,1883,0.122,0.333,0.8734554334512779,0.8535824413419391,19,35,1,4,14,33,4,4,0.3546448928153344,69.87886488577618
1610,1884,0.15,0.3,0.8581741393120564,0.877533892793331,19,35,1,4,15,33,4,4,0.33541019662496846,63.43494882292201
1610,1885,0.199,0.263,0.8124376786840428,0.8765660020013075,19,35,1,4,16,33,4,4,0.32980297148449106,52.88688340477989
1610,1886,0.264,0.222,0.7394358139654491,0.8412831245843038,19,35,1,4,17,33,4,4,0.34493477644331544,40.0607844578738
1610,1887,0.337,0.176,0.6449607363876486,0.7800651379524297,19,35,1,4,18,33,4,4,0.3801907416021595,27.57604822940839
1610,1888,0.411,0.125,0.5369452532857131,0.7043294886853344,19,35,1,4,19,33,4,4,0.4295881748838066,16.916417832002022
1610,1889,0.484,0.187,0.42316782035694256,0.6256963733677994,19,35,1,4,20,33,4,4,0.5188689622631132,21.124719146072483
1610,1890,0.555,0.25,0.31492289170646204,0.5530584402458814,19,35,1,4,21,33,4,4,0.6087076473973364,24.249204410401376
1610,1891,0.623,0.312,0.22866898506919664,0.49342069118629883,19,35,1,4,22,33,4,4,0.6967589253106127,26.60182638352539
1610,1892,0.687,0.375,0.1696364201222732,0.45087740925003295,19,35,1,4,23,33,4,4,0.7826838442180853,28.627986670469923
1610,1893,0.747,0.437,0.12828901796052927,0.4218040467870786,19,35,1,4,24,33,4,4,0.865435150661215,30.327919842293664
1610,1894,0.801,0.5,0.0930549644651737,0.39854158816384677,19,35,1,4,25,33,4,4,0.9442462602520595,31.973223478909677
1610,1895,0.848,0.563,0.06543790170823116,0.3782383890590377,19,35,1,4,26,33,4,4,1.01787671159134,33.580784155345874
1610,1896,0.89,0.625,0.04470191061009099,0.36057142449557966,19,35,1,4,27,33,4,4,1.0875316087360405,35.07834145831433
1610,1897,0.924,0.688,0.027492355074260844,0.344193973066377,19,35,1,4,28,33,4,4,1.1520069444235135,36.6709547664834
1610,1898,0.95,0.75,0.015059119511268593,0.330489646786174,19,35,1,4,29,33,4,4,1.2103718436910205,38.29016319224307
1610,1899,0.97,0.813,0.0075990475513619815,0.3191264809774461,19,35,1,4,30,33,4,4,1.2656496355627018,39.96786522840545
1610,1900,0.984,0.875,0.0029639323320036493,0.30893185352207075,19,35,1,4,31,33,4,4,1.31676915212956,41.64437985980987
1610,1901,0.993,0.938,6.740173816793815e-4,0.3006578972939017,19,35,1,4,32,33,4,4,1.365976939776071,43.36850537523983
1610,1902,0.167,0.4,0.734837147533375,0.7440792957573799,19,35,1,4,10,34,4,4,0.43346164766908735,67.3394636980007
1610,1903,0.153,0.375,0.7832014535897376,0.7711666163355442,19,35,1,4,11,34,4,4,0.4050111109586995,67.80454047132105
1610,1904,0.142,0.348,0.8201448750250493,0.800063441126365,19,35,1,4,12,34,4,4,0.37585635554025154,67.80228215357704
1610,1905,0.144,0.318,0.8395630068898894,0.8289942878617402,19,35,1,4,13,34,4,4,0.34908451698693255,65.63754698468783
1610,1906,0.162,0.286,0.8385943457754879,0.8534022755218127,19,35,1,4,14,34,4,4,0.3286943869310822,60.47132816552014
1610,1907,0.2,0.25,0.81277424985984,0.8639342506294035,19,35,1,4,15,34,4,4,0.32015621187164245,51.34019174590991
1610,1908,0.254,0.21,0.7610303574627081,0.849532635596268,19,35,1,4,16,34,4,4,0.3295694160567694,39.58297788614339
1610,1909,0.32,0.166,0.685494448033435,0.8083336942823085,19,35,1,4,17,34,4,4,0.3604941053609615,27.418027057460428
1610,1910,0.391,0.117,0.5914568668683229,0.7472492524453809,19,35,1,4,18,34,4,4,0.4081298812878077,16.658904569563276
1610,1911,0.463,0.062,0.4865295967283144,0.6745603926307921,19,35,1,4,19,34,4,4,0.46713274344665673,7.627064233436802
1610,1912,0.534,0.125,0.3794678621988853,0.6003549473969809,19,35,1,4,20,34,4,4,0.5484350462908074,13.17471773335922
1610,1913,0.601,0.187,0.2825312535636275,0.5329967632722027,19,35,1,4,21,34,4,4,0.6294203682754476,17.283429928958245
1610,1914,0.665,0.25,0.20803836119333174,0.4785863967103713,19,35,1,4,22,34,4,4,0.7104400045042509,20.603241073417326
1610,1915,0.725,0.312,0.15654194146726153,0.43975406078960533,19,35,1,4,23,34,4,4,0.7892838526157747,23.28437684375731
1610,1916,0.78,0.375,0.11828539660542048,0.4125949862550503,19,35,1,4,24,34,4,4,0.8654623042050994,25.676815681838217
1610,1917,0.829,0.437,0.08586288086638072,0.39058077205103314,19,35,1,4,25,34,4,4,0.9371285930970199,27.79555889190188
1610,1918,0.873,0.5,0.060668268921591495,0.3713852419567959,19,35,1,4,26,34,4,4,1.0060462216021686,29.801392958570784
1610,1919,0.909,0.563,0.04163789571548293,0.3546300535378213,19,35,1,4,27,34,4,4,1.0692286939658888,31.772497907865016
1610,1920,0.939,0.625,0.025407630084591903,0.3395004277260324,19,35,1,4,28,34,4,4,1.1279831559026046,33.64780361957125
1610,1921,0.962,0.688,0.014173543127528387,0.3269780949530241,19,35,1,4,29,34,4,4,1.182703682246741,35.57146731794494
1610,1922,0.978,0.75,0.0071880190836134394,0.31641395685091356,19,35,1,4,30,34,4,4,1.2324706893066464,37.48355828373051
1610,1923,0.989,0.813,0.0028746324633734943,0.30712528309954346,19,35,1,4,31,34,4,4,1.2802695028782025,39.42165672323505
1610,1924,0.996,0.875,7.578215968461199e-4,0.3004699733366122,19,35,1,4,32,34,4,4,1.3257605364469105,41.299760382871845
1610,1925,0.999,0.938,1.2259920427648563e-4,0.29600338962826356,19,35,1,4,33,34,4,4,1.3703448471096609,43.19623756362995
1610,1926,0.18,0.36,0.7513663035819367,0.7563445146815645,19,35,1,4,10,35,4,4,0.40249223594996214,63.43494882292201
1610,1927,0.17,0.333,0.7812087998488285,0.7808082099586346,19,35,1,4,11,35,4,4,0.37388367174831266,62.95521068429464
1610,1928,0.168,0.304,0.8012789723094511,0.8054645243810463,19,35,1,4,12,35,4,4,0.34733269353747853,61.07357416474639
1610,1929,0.179,0.273,0.8077825681775745,0.8275758806714182,19,35,1,4,13,35,4,4,0.32645060882161026,56.74803949673966
1610,1930,0.206,0.238,0.7963629557414703,0.8417270893758179,19,35,1,4,14,35,4,4,0.3147697571241557,49.12229781178364
1610,1931,0.249,0.2,0.7632216683799907,0.8400427960994852,19,35,1,4,15,35,4,4,0.3193759540103168,38.77187809554532
1610,1932,0.305,0.158,0.7072413679772396,0.8167591664463445,19,35,1,4,16,35,4,4,0.3434952692541776,27.385637742130378
1610,1933,0.371,0.111,0.6303863557600451,0.7727375247537523,19,35,1,4,17,35,4,4,0.3872492737243028,16.65672944126736
1610,1934,0.441,0.059,0.5378861745887513,0.7130028157023784,19,35,1,4,18,35,4,4,0.44492920785221557,7.620172453273509
1610,1935,0.51,0,0.43764666304144306,0.644032605617281,19,35,1,4,19,35,4,4,0.51,0
1610,1936,0.577,0.062,0.33914463525629424,0.5747441033113475,19,35,1,4,20,35,4,4,0.5803214626394582,6.133033788328374
1610,1937,0.641,0.125,0.2539861517048493,0.5127859916498461,19,35,1,4,21,35,4,4,0.6530742683646324,11.03463955579214
1610,1938,0.701,0.188,0.18946684998198882,0.4632974523773812,19,35,1,4,22,35,4,4,0.7257720027667091,15.012781503688045
1610,1939,0.757,0.25,0.14398641953882174,0.427828117593669,19,35,1,4,23,35,4,4,0.7972132713396084,18.27585742036162
1610,1940,0.808,0.313,0.10835087117285469,0.40250150741483914,19,35,1,4,24,35,4,4,0.8665062030937806,21.17518394016864
1610,1941,0.853,0.375,0.07897682622608404,0.3817726872095947,19,35,1,4,25,35,4,4,0.9317907490418651,23.73148403231637
1610,1942,0.891,0.438,0.056029275249232846,0.36372335493235264,19,35,1,4,26,35,4,4,0.9928368446023748,26.177923422927037
1610,1943,0.924,0.5,0.03834896610716143,0.34798630837471645,19,35,1,4,27,35,4,4,1.0506074433393284,28.418952152260424
1610,1944,0.95,0.563,0.02323517732405922,0.3340109533807314,19,35,1,4,28,35,4,4,1.1042957031520135,30.65232113321702
1610,1945,0.97,0.625,0.013126806534860092,0.3224233417992449,19,35,1,4,29,35,4,4,1.1539172413999195,32.79489381576872
1610,1946,0.984,0.688,0.006649041630356289,0.31261016058675084,19,35,1,4,30,35,4,4,1.2006664815842907,34.96074521284764
1610,1947,0.992,0.75,0.0026411063284838,0.3044330584712611,19,35,1,4,31,35,4,4,1.2436092633942544,37.09104461910611
1610,1948,0.997,0.813,7.087029213630469e-4,0.2988945010522849,19,35,1,4,32,35,4,4,1.286459482455627,39.19539724518994
1610,1949,0.999,0.876,1.1760836530516627e-4,0.2950925396057825,19,35,1,4,33,35,4,4,1.3286749038045387,41.24677452634258
1610,1950,1,0.938,2.6624050433188273e-6,0.29320180478043534,19,35,1,4,34,35,4,4,1.3710740315533658,43.16763304046667
1610,1987,1,1,0,0.2928932188134524,19,35,1,4,10,19,7,4,1.4142135623730951,45
1610,1988,1,1,0,0.2928932188134524,19,35,1,4,11,19,7,4,1.4142135623730951,45
1610,1989,1,1,0,0.2928932188134524,19,35,1,4,12,19,7,4,1.4142135623730951,45
1610,1990,1,1,0,0.2928932188134524,19,35,1,4,13,19,7,4,1.4142135623730951,45
1610,1991,1,1,0,0.2928932188134524,19,35,1,4,14,19,7,4,1.4142135623730951,45
1610,1992,1,1,0,0.2928932188134524,19,35,1,4,15,19,7,4,1.4142135623730951,45
1610,1993,1,1,0,0.2928932188134524,19,35,1,4,16,19,7,4,1.4142135623730951,45
1610,1994,1,1,0,0.2928932188134524,19,35,1,4,17,19,7,4,1.4142135623730951,45
1610,1995,1,1,0,0.2928932188134524,19,35,1,4,18,19,7,4,1.4142135623730951,45
1610,1996,0.997,0.96,0.003406621803783927,0.2958027902725282,19,35,1,4,10,20,7,4,1.3840552734627327,43.916866989750396
1610,1997,0.996,0.959,0.004640236693778332,0.2964816268889301,19,35,1,4,11,20,7,4,1.382641312850155,43.91575918966881
1610,1998,0.994,0.957,0.006424668515692344,0.29744785042137845,19,35,1,4,12,20,7,4,1.3798133931803966,43.91353677821416
1610,1999,0.991,0.955,0.008990158965491157,0.2988803297541247,19,35,1,4,13,20,7,4,1.3762652360646184,43.94017841208559
1610,2000,0.986,0.953,0.012579154141261428,0.30110936179215475,19,35,1,4,14,20,7,4,1.3712786004309991,44.02497256150732
1610,2001,0.977,0.95,0.017463118058598903,0.304801892866969,19,35,1,4,15,20,7,4,1.3627285129474616,44.19725748618925
1610,2002,0.961,0.948,0.023859601039467715,0.3114358262374045,19,35,1,4,16,20,7,4,1.34989814430571,44.60983047660207
1610,2003,0.93,0.945,0.03153988708507438,0.32441522835355097,19,35,1,4,17,20,7,4,1.325867640452847,45.45835645800043
1610,2004,0.86,0.942,0.03961364091876085,0.3488335276446122,19,35,1,4,18,20,7,4,1.2755249899551164,47.60544675062771
1610,2005,0.691,0.938,0.04555960479791521,0.366351304284794,19,35,1,4,19,20,7,4,1.1650429176644095,53.62189954210189
1610,2006,0.972,0.92,0.03111135726593528,0.3138844900179786,19,35,1,4,10,21,7,4,1.338351224454926,43.425670883628754
1610,2007,0.964,0.917,0.038492161436801786,0.3179230292704225,19,35,1,4,11,21,7,4,1.330482995005949,43.56866484734823
1610,2008,0.952,0.913,0.047795151287464144,0.32335350924383044,19,35,1,4,12,21,7,4,1.31904245572309,43.802032294038774
1610,2009,0.937,0.909,0.05933922840613548,0.3308354356495319,19,35,1,4,13,21,7,4,1.3054692642877503,44.1310082269513
1610,2010,0.915,0.905,0.07340534336775639,0.3413990380145753,19,35,1,4,14,21,7,4,1.286953767623375,44.6851911926109
1610,2011,0.884,0.9,0.09033858804105954,0.3566366458824043,19,35,1,4,15,21,7,4,1.2615292307354593,45.51384971635414
1610,2012,0.837,0.895,0.10969525848906136,0.3786570546153595,19,35,1,4,16,21,7,4,1.2253954463763932,46.91796411803792
1610,2013,0.764,0.889,0.13027992886134032,0.40835549758518097,19,35,1,4,17,21,7,4,1.1721847124067095,49.32448119801729
1610,2014,0.637,0.883,0.15029323539416373,0.43866161070745724,19,35,1,4,18,21,7,4,1.0887873988984258,54.19315759636801
1610,2015,0.531,0.876,0.15660243735411916,0.44418765600101495,19,35,1,4,19,21,7,4,1.0243715146371457,58.77724873994908
1610,2016,0.51,0.938,0.10548962817768981,0.4114955435668126,19,35,1,4,20,21,7,4,1.0676816004783447,61.466631334848316
1610,2017,0.917,0.88,0.09310210779105255,0.35218078539092,19,35,1,4,10,22,7,4,1.2709402031567025,43.820453901038796
1610,2018,0.898,0.875,0.11030247984933916,0.36188739218647503,19,35,1,4,11,22,7,4,1.2538058063352555,44.256780025191745
1610,2019,0.875,0.87,0.1310419149205917,0.3743407145900838,19,35,1,4,12,22,7,4,1.2339063983949512,44.83582916128297
1610,2020,0.845,0.864,0.15524292169805032,0.3904621150274593,19,35,1,4,13,22,7,4,1.2085201694634642,45.63696604006007
1610,2021,0.806,0.858,0.18228241894618658,0.4113575821181401,19,35,1,4,14,22,7,4,1.1772000679578642,46.78991060824607
1610,2022,0.754,0.85,0.2107804731919779,0.4380162214423504,19,35,1,4,15,22,7,4,1.1362288501882003,48.42508810336765
1610,2023,0.684,0.843,0.24031578042350965,0.47018574508103816,19,35,1,4,16,22,7,4,1.085589701498683,50.944543105012826
1610,2024,0.583,0.834,0.2705874497618719,0.5037085767644403,19,35,1,4,17,22,7,4,1.0175681795339317,55.0448823191713
1610,2025,0.46,0.824,0.30210830539616895,0.5270973929868727,19,35,1,4,18,22,7,4,0.94370334321756,60.82745498164
1610,2026,0.444,0.813,0.29703862861127206,0.5238331060207522,19,35,1,4,19,22,7,4,0.9263395705679424,61.3599224615046
1610,2027,0.454,0.875,0.2374448870992375,0.4916398841707257,19,35,1,4,20,22,7,4,0.9857692427743929,62.57713600525468
1610,2028,0.475,0.938,0.14459309239363105,0.4368620077075209,19,35,1,4,21,22,7,4,1.051412858966448,63.14250161605281
1610,2029,0.838,0.84,0.1871040282317541,0.4095831819708282,19,35,1,4,10,23,7,4,1.1865260216278444,45.068290527272204
1610,2030,0.809,0.834,0.21572791373014288,0.42611547785663473,19,35,1,4,11,23,7,4,1.1619109260179972,45.87174921263274
1610,2031,0.775,0.826,0.24801911396358878,0.4464368011231724,19,35,1,4,12,23,7,4,1.132652197278582,46.824545262001976
1610,2032,0.732,0.818,0.2836723802410672,0.4713026471426145,19,35,1,4,13,23,7,4,1.0977012343985042,48.17573551689021
1610,2033,0.679,0.81,0.32260635568712304,0.5012025422200064,19,35,1,4,14,23,7,4,1.0569489107804597,50.0278517019244
1610,2034,0.613,0.8,0.3638518089095125,0.535689600846706,19,35,1,4,15,23,7,4,1.0078536600122063,52.53885909534808
1610,2035,0.527,0.79,0.40515528647651833,0.5720182142906807,19,35,1,4,16,23,7,4,0.9496467764384819,56.293198894030716
1610,2036,0.412,0.778,0.4444994832528142,0.6031844172542988,19,35,1,4,17,23,7,4,0.8803567458706726,62.09596201744653
1610,2037,0.382,0.765,0.47136479516214125,0.6169620934124291,19,35,1,4,18,23,7,4,0.8550725115450736,63.46491523206888
1610,2038,0.398,0.75,0.4356703514468965,0.6023820974238128,19,35,1,4,19,23,7,4,0.8490606574326713,62.046597926992035
1610,2039,0.421,0.813,0.36662968632408977,0.564744771492994,19,35,1,4,20,23,7,4,0.9155380931452278,62.62328958676633
1610,2040,0.448,0.875,0.269841220141408,0.5103996512484137,19,35,1,4,21,23,7,4,0.9830203456694068,62.88755357204426
1610,2041,0.474,0.938,0.14359939848976333,0.43638910759008986,19,35,1,4,22,23,7,4,1.0509614645647098,63.19113846681793
1610,2042,0.743,0.8,0.30353248569419256,0.47988092738652244,19,35,1,4,10,24,7,4,1.0918099651496134,47.11560276999311
1610,2043,0.706,0.792,0.3425448757936975,0.5028482100798743,19,35,1,4,11,24,7,4,1.0609901036296239,48.28573717025104
1610,2044,0.662,0.783,0.38589751112248905,0.5299596738599712,19,35,1,4,12,24,7,4,1.025345307689073,49.7866111904745
1610,2045,0.61,0.773,0.4326860571230219,0.5614691668835774,19,35,1,4,13,24,7,4,0.9846974154530923,51.72185505222411
1610,2046,0.547,0.762,0.4805292700291407,0.5969290890959891,19,35,1,4,14,24,7,4,0.9380047974290964,54.327408612935834
1610,2047,0.471,0.75,0.5268989592701272,0.6343767445636825,19,35,1,4,15,24,7,4,0.8856302840350481,57.871179037801284
1610,2048,0.377,0.737,0.5710831973829437,0.6690032158426548,19,35,1,4,16,24,7,4,0.8278272766706832,62.908746301751926
1610,2049,0.328,0.722,0.6123972702945405,0.6917961740879226,19,35,1,4,17,24,7,4,0.7930119797329672,65.56800426334908
1610,2050,0.343,0.706,0.5943262624630853,0.6910002791190313,19,35,1,4,18,24,7,4,0.7849108229601628,64.08786391568204
1610,2051,0.369,0.688,0.5330619019433653,0.6619306323698899,19,35,1,4,19,24,7,4,0.7807080119993646,61.79368500998543
1610,2052,0.395,0.75,0.4508606951820191,0.6138167618573367,19,35,1,4,20,24,7,4,0.8476585397434512,62.22571880056865
1610,2053,0.423,0.813,0.3423248676958742,0.5526701638284774,19,35,1,4,21,24,7,4,0.9164594917398149,62.51225615753279
1610,2054,0.454,0.875,0.2205284819295268,0.4824652883283539,19,35,1,4,22,24,7,4,0.9857692427743929,62.57713600525468
1610,2055,0.487,0.938,0.10058966400437652,0.4077809066284367,19,35,1,4,23,24,7,4,1.0568883573963712,62.56212254124739
1610,2056,0.64,0.76,0.4281109853240317,0.5522180501415723,19,35,1,4,10,25,7,4,0.9935793878699377,49.899092453787766
1610,2057,0.596,0.75,0.4758005874680732,0.579688559285179,19,35,1,4,11,25,7,4,0.9579749474803607,51.52700484169737
1610,2058,0.545,0.739,0.5267764984411544,0.6109086687411046,19,35,1,4,12,25,7,4,0.9182298187273162,53.59185315920119
1610,2059,0.486,0.727,0.5780527547183147,0.6455018522537672,19,35,1,4,13,25,7,4,0.8744855630597911,56.23724519362026
1610,2060,0.418,0.715,0.6272698753886302,0.6820379859014218,19,35,1,4,14,25,7,4,0.8282203812995669,59.688786773318384
1610,2061,0.337,0.7,0.6723685865701506,0.7170810901109321,19,35,1,4,15,25,7,4,0.7768970330745252,64.29250727238566
1610,2062,0.283,0.684,0.7111974942806025,0.7438322542722215,19,35,1,4,16,25,7,4,0.7402330714038653,67.52303184684824
1610,2063,0.292,0.667,0.7077497892699346,0.7518822460061121,19,35,1,4,17,25,7,4,0.7281160621769032,66.35710486329174
1610,2064,0.316,0.647,0.6510223876210364,0.7324418120338665,19,35,1,4,18,25,7,4,0.7200451374740336,63.96874498875479
1610,2065,0.344,0.625,0.5717806447133815,0.6879842539927868,19,35,1,4,19,25,7,4,0.7134150264747723,61.1716135962211
1610,2066,0.375,0.688,0.4705725850673471,0.6294131988726903,19,35,1,4,20,25,7,4,0.7835617397499701,61.40704770144053
1610,2067,0.409,0.75,0.3560911058400884,0.5624867201632758,19,35,1,4,21,25,7,4,0.8542722048621271,61.39489307874203
1610,2068,0.445,0.813,0.23616986362220993,0.492724009392179,19,35,1,4,22,25,7,4,0.9268192919873862,61.305666437887055
1610,2069,0.484,0.875,0.13160537066194666,0.42745878951541894,19,35,1,4,23,25,7,4,0.9999404982297697,61.05113835597645
1610,2070,0.526,0.938,0.050552186827949486,0.3696518614415635,19,35,1,4,24,25,7,4,1.0754161985017707,60.71770433412451
1610,2071,0.533,0.72,0.5465924694392779,0.6175084408838163,19,35,1,4,10,26,7,4,0.8958175037361126,53.488276260930135
1610,2072,0.484,0.708,0.5992737824794095,0.6470939253510575,19,35,1,4,11,26,7,4,0.8576246265120889,55.64287074470358
1610,2073,0.428,0.696,0.6527312548827748,0.679542552837115,19,35,1,4,12,26,7,4,0.8170679286326199,58.41087356438246
1610,2074,0.366,0.682,0.7033417532985808,0.7138339989228836,19,35,1,4,13,26,7,4,0.774002583975015,61.77946228380271
1610,2075,0.294,0.667,0.7470574685571377,0.7475266428885,19,35,1,4,14,26,7,4,0.7289204346154662,66.2130930289671
1610,2076,0.245,0.65,0.7818416804819243,0.7756208754132395,19,35,1,4,15,26,7,4,0.6946401946331641,69.34741606888642
1610,2077,0.246,0.632,0.7815185231297037,0.7896122064076044,19,35,1,4,16,26,7,4,0.6781887642832193,68.73199692751881
1610,2078,0.266,0.611,0.7280962714200194,0.7800390509740336,19,35,1,4,17,26,7,4,0.6663910263501452,66.47400859550743
1610,2079,0.296,0.588,0.6520531000999126,0.744283574982614,19,35,1,4,18,26,7,4,0.6583008430801224,63.27925415312424
1610,2080,0.33,0.563,0.5604222918340238,0.6897673853252377,19,35,1,4,19,26,7,4,0.65258639274811725,59.6234858215839
1610,2081,0.368,0.625,0.4566364002510225,0.6261891109388957,19,35,1,4,20,26,7,4,0.7252923548473401,59.51042329746295
1610,2082,0.408,0.688,0.3441975820173867,0.5584768597404892,19,35,1,4,21,26,7,4,0.7998799909986497,59.331073350285074
1610,2083,0.451,0.75,0.23504820556882655,0.4921426697731113,19,35,1,4,22,26,7,4,0.875157700074678,58.980104176159195
1610,2084,0.496,0.813,0.14154984989525865,0.4341601395665381,19,35,1,4,23,26,7,4,0.9523576009041982,58.61321370487241
1610,2085,0.542,0.876,0.07994458677334437,0.3923342480271097,19,35,1,4,24,26,7,4,1.0301164982660942,58.25403200821076
1610,2086,0.589,0.938,0.03771401606701641,0.35770693110028995,19,35,1,4,25,26,7,4,1.1075942397827825,57.873982732514534
1610,2087,0.425,0.68,0.6505527268805578,0.673994913328245,19,35,1,4,10,27,7,4,0.8018883962248113,57.9946167919165
1610,2088,0.373,0.667,0.7058779954173504,0.7041985850766354,19,35,1,4,11,27,7,4,0.764210703929224,60.785189512480706
1610,2089,0.315,0.652,0.7593843275837924,0.7362742936023345,19,35,1,4,12,27,7,4,0.7241056552741458,64.21347233944276
1610,2090,0.25,0.636,0.8030221458344734,0.7685602120557973,19,35,1,4,13,27,7,4,0.6833710558693571,68.54111554977177
1610,2091,0.209,0.619,0.8335994986547142,0.7974975977798657,19,35,1,4,14,27,7,4,0.6533314625823556,71.3431906034085
1610,2092,0.204,0.6,0.8286319308234854,0.8164172092361426,19,35,1,4,15,27,7,4,0.6337318044725229,71.22196677755446
1610,2093,0.222,0.579,0.7832222110027036,0.816120954472009,19,35,1,4,16,27,7,4,0.6201007982578316,69.02219278712636
1610,2094,0.253,0.556,0.7152846566437855,0.7909054177534416,19,35,1,4,17,27,7,4,0.6108559568343425,65.53275740911417
1610,2095,0.291,0.529,0.6325268883353192,0.7439304576717343,19,35,1,4,18,27,7,4,0.6037565734631798,61.1850486647323
1610,2096,0.333,0.5,0.538962405806371,0.6836578666294968,19,35,1,4,19,27,7,4,0.6007403765354881,56.33638481725301
1610,2097,0.377,0.563,0.43516302714323085,0.6176219211619851,19,35,1,4,20,27,7,4,0.6775677087937411,56.1926674320381
1610,2098,0.424,0.625,0.3267308444719431,0.5503249826606307,19,35,1,4,21,27,7,4,0.7552489655736047,55.847031363618
1610,2099,0.472,0.688,0.2267211146105247,0.4882547347625168,19,35,1,4,22,27,7,4,0.8343428551860439,55.54806541814213
1610,2100,0.521,0.75,0.14711938013842285,0.43937783866978364,19,35,1,4,23,27,7,4,0.9132037012627577,55.21357963489775
1610,2101,0.57,0.813,0.09799852069081594,0.4059934067451889,19,35,1,4,24,27,7,4,0.99290936142228,54.96543343833604
1610,2102,0.62,0.875,0.06123384914993457,0.37853835514649503,19,35,1,4,25,27,7,4,1.0723921857231151,54.67970352627785
1610,2103,0.668,0.938,0.027312890164278514,0.34696322592716833,19,35,1,4,26,27,7,4,1.151550259432909,54.54329741286362
1610,2104,0.319,0.64,0.7380691981350289,0.7228644056836957,19,35,1,4,10,28,7,4,0.7150950985708125,63.506613300263126
1610,2105,0.265,0.625,0.7963064328379148,0.752891039363484,19,35,1,4,11,28,7,4,0.6788593374182902,67.02305549681125
1610,2106,0.207,0.609,0.8480106019425464,0.7837168822191632,19,35,1,4,12,28,7,4,0.6432184698840666,71.22702690114045
1610,2107,0.175,0.591,0.8711936395245117,0.8128413820423251,19,35,1,4,13,28,7,4,0.6163651515132892,73.50554167388982
1610,2108,0.17,0.572,0.8601240826965587,0.8351614681701269,19,35,1,4,14,28,7,4,0.5967277436151263,73.44790351186609
1610,2109,0.187,0.55,0.8226142755617144,0.8423028672128461,19,35,1,4,15,28,7,4,0.5809208207664793,71.22196677755446
1610,2110,0.219,0.526,0.764240295347021,0.8265657619628882,19,35,1,4,16,28,7,4,0.5697692515396036,67.39560576294126
1610,2111,0.26,0.5,0.6894934160705068,0.7879541685583655,19,35,1,4,17,28,7,4,0.5635601121442149,62.52556837372287
1610,2112,0.306,0.47,0.6023674710893899,0.7327677812231688,19,35,1,4,18,28,7,4,0.5608350916267633,56.93330409255008
1610,2113,0.355,0.438,0.5049017255025432,0.6683976560103793,19,35,1,4,19,28,7,4,0.5637987229499548,50.97515432251672
1610,2114,0.404,0.5,0.40056127488309057,0.601024969142568,19,35,1,4,20,28,7,4,0.6428187925068775,51.06178878872864
1610,2115,0.455,0.563,0.29866470132644185,0.5359404307349378,19,35,1,4,21,28,7,4,0.7238742984800607,51.0558784530309
1610,2116,0.507,0.625,0.2098237058417789,0.4804155231511521,19,35,1,4,22,28,7,4,0.8047819580482655,50.95103563376536
1610,2117,0.558,0.688,0.14816944705705748,0.43991410241675044,19,35,1,4,23,28,7,4,0.885837456873438,50.956340009709805
1610,2118,0.609,0.75,0.10659172159050678,0.41176655969136744,19,35,1,4,24,28,7,4,0.9661164526080694,50.92340147761441
1610,2119,0.659,0.813,0.07328207357409533,0.3868429207370506,19,35,1,4,25,28,7,4,1.0465419246260514,50.97253248557752
1610,2120,0.707,0.876,0.042159577150709726,0.3616028434582348,19,35,1,4,26,28,7,4,1.125710886506833,51.09377689935771
1610,2121,0.752,0.938,0.018611227541992403,0.3365767020676804,19,35,1,4,27,28,7,4,1.2022262682207538,51.28064821887786
1610,2122,0.216,0.6,0.8059016564053092,0.7650066592931287,19,35,1,4,10,29,7,4,0.6376958522681483,70.20112364547508
1610,2123,0.169,0.583,0.8594181742375342,0.7940817443089687,19,35,1,4,11,29,7,4,0.6070008237226701,73.83418693530923
1610,2124,0.146,0.565,0.8853481292503775,0.8224769074687471,19,35,1,4,12,29,7,4,0.5835589087658588,75.5113055003591
1610,2125,0.145,0.545,0.876730195440717,0.8463490909337616,19,35,1,4,13,29,7,4,0.563959218383741,75.1013045655997
1610,2126,0.163,0.524,0.8461493684916559,0.858602963219085,19,35,1,4,14,29,7,4,0.5487667992872747,72.72071707089793
1610,2127,0.197,0.5,0.7957554588433826,0.8508023296152021,19,35,1,4,15,29,7,4,0.5374095272694744,68.49555975918695
1610,2128,0.24,0.474,0.7289233510962613,0.8203355132959231,19,35,1,4,16,29,7,4,0.5312965273743091,63.14557865948141
1610,2129,0.289,0.444,0.6487797390545225,0.7718543293553988,19,35,1,4,17,29,7,4,0.5297707051168458,56.93986068865442
1610,2130,0.341,0.412,0.5579180229085146,0.7116697094875533,19,35,1,4,18,29,7,4,0.5348130514488216,50.386465754635346
1610,2131,0.393,0.375,0.459693448410167,0.6458322617598742,19,35,1,4,19,29,7,4,0.5432071428101807,43.657375973462244
1610,2132,0.447,0.437,0.3602043028443851,0.5801503672885675,19,35,1,4,20,29,7,4,0.6251223880169386,44.351885342474944
1610,2133,0.5,0.5,0.2679440186798321,0.5204076777816702,19,35,1,4,21,29,7,4,0.7071067811865476,45
1610,2134,0.553,0.563,0.1953025717678063,0.47256740805945696,19,35,1,4,22,29,7,4,0.7891628475796362,45.51338930219586
1610,2135,0.605,0.625,0.14658344887487718,0.43852006299661517,19,35,1,4,23,29,7,4,0.8698563099730898,45.93155659807749
1610,2136,0.655,0.688,0.11074442874529222,0.41348425904688224,19,35,1,4,24,29,7,4,0.9499310501294291,46.407580290198204
1610,2137,0.704,0.75,0.07886001986081026,0.39090448986585247,19,35,1,4,25,29,7,4,1.0286476559055584,46.81205437901703
1610,2138,0.75,0.813,0.0518248244274343,0.3698991446541281,19,35,1,4,26,29,7,4,1.1061053295233687,47.30817735145891
1610,2139,0.792,0.875,0.030936989179290553,0.350983098535689,19,35,1,4,27,29,7,4,1.1802071852009715,47.8504053921433
1610,2140,0.831,0.938,0.014534125381825302,0.33107035270540985,19,35,1,4,28,29,7,4,1.2531580107871472,48.46138400188649
1610,2141,0.141,0.56,0.8527836731414344,0.8005690091598141,19,35,1,4,10,30,7,4,0.5774781381143359,75.86750163814416
1610,2142,0.128,0.542,0.8824079722994028,0.8273847795766434,19,35,1,4,11,30,7,4,0.5569093283470838,76.71235216657995
1610,2143,0.133,0.522,0.8786570117931862,0.8510831735200926,19,35,1,4,12,30,7,4,0.5386770832326172,75.70578538238641
1610,2144,0.154,0.5,0.854055664335609,0.8659652764331269,19,35,1,4,13,30,7,4,0.5231787457456581,72.88116766444834
1610,2145,0.188,0.477,0.8116499973399365,0.8641252916619276,19,35,1,4,14,30,7,4,0.5127114198065028,68.48911352654434
1610,2146,0.232,0.45,0.7534117307568431,0.8411691254067472,19,35,1,4,15,30,7,4,0.5062845049969434,62.726379900815196
1610,2147,0.282,0.421,0.6812984251959069,0.7999060651225198,19,35,1,4,16,30,7,4,0.5067198437006389,56.18449035477267
1610,2148,0.336,0.389,0.5976517900754061,0.7457765960586021,19,35,1,4,17,30,7,4,0.5140204276096428,49.1810815795805
1610,2149,0.391,0.353,0.5057984704501508,0.6838252265819669,19,35,1,4,18,30,7,4,0.5267731959771682,42.076143364805425
1610,2150,0.446,0.313,0.41033680841089604,0.6193009296451087,19,35,1,4,19,30,7,4,0.5448715444946635,35.06093705543001
1610,2151,0.5,0.375,0.317700119111033,0.5577862058343717,19,35,1,4,20,30,7,4,0.625,36.86989764584402
1610,2152,0.554,0.437,0.23836452713713163,0.5045114578043021,19,35,1,4,21,30,7,4,0.70560966546668,38.26668269144458
1610,2153,0.606,0.5,0.180806316455559,0.4632763495541844,19,35,1,4,22,30,7,4,0.7856436851397712,39.52544402421319
1610,2154,0.657,0.563,0.13993309554218458,0.4335288844403019,19,35,1,4,23,30,7,4,0.8652271378083329,40.59411202256332
1610,2155,0.705,0.625,0.10733932022381376,0.410430428452349,19,35,1,4,24,30,7,4,0.9421517924411119,41.55778471410263
1610,2156,0.751,0.688,0.07744966353405802,0.38980215245173044,19,35,1,4,25,30,7,4,1.018501350023651,42.4931684960418
1610,2157,0.793,0.75,0.05404380796125341,0.3715192249877174,19,35,1,4,26,30,7,4,1.0914893494670483,43.403706396489156
1610,2158,0.832,0.813,0.03578277186491252,0.35513830406421454,19,35,1,4,27,30,7,4,1.163268240776821,44.3382544649558
1610,2159,0.867,0.876,0.020201138853641165,0.3379255241290038,19,35,1,4,28,30,7,4,1.2325035496906287,45.295844769281125
1610,2160,0.897,0.938,0.0077328569365505695,0.3200210892595321,19,35,1,4,29,30,7,4,1.2978647849448723,46.27996521169432
1610,2161,0.126,0.52,0.8689661057310578,0.8272657412437655,19,35,1,4,10,31,7,4,0.5350476614284002,76.37931246939971
1610,2162,0.136,0.5,0.8676244720301087,0.849092374201262,19,35,1,4,11,31,7,4,0.5181659965686671,74.78367328797702
1610,2163,0.159,0.478,0.8485719429679945,0.8639914655133141,19,35,1,4,12,31,7,4,0.5037509305202325,71.60101839113133
1610,2164,0.193,0.454,0.8132369658989332,0.8655288967680713,19,35,1,4,13,31,7,4,0.49332038271289785,66.96916348521322
1610,2165,0.236,0.429,0.7626003599676952,0.8489319196984021,19,35,1,4,14,31,7,4,0.4896294517285495,61.18407957669765
1610,2166,0.286,0.4,0.6980092031731839,0.8150127614522038,19,35,1,4,15,31,7,4,0.4917275668497751,54.43523200696484
1610,2167,0.34,0.368,0.6216453625340268,0.7679074371402632,19,35,1,4,16,31,7,4,0.5010229535660018,47.26475454822342
1610,2168,0.395,0.333,0.536458636029439,0.7118260383435304,19,35,1,4,17,31,7,4,0.5166372034609974,40.13216059825104
1610,2169,0.451,0.294,0.4463175745942982,0.650893166386705,19,35,1,4,18,31,7,4,0.5383651177407393,33.09971459541365
1610,2170,0.505,0.25,0.3565276417693283,0.5899283599312405,19,35,1,4,19,31,7,4,0.5634935669552936,26.33768816608743
1610,2171,0.559,0.312,0.2752748864044303,0.5340079535402433,19,35,1,4,20,31,7,4,0.6401757571167468,29.167613379577798
1610,2172,0.611,0.375,0.2113000477889646,0.4872269980215266,19,35,1,4,21,31,7,4,0.7169002720044121,31.539436379185506
1610,2173,0.661,0.437,0.1645174357671464,0.45152374828471087,19,35,1,4,22,31,7,4,0.7923951034679606,33.469468834911424
1610,2174,0.709,0.5,0.12956844223078923,0.42521518561776417,19,35,1,4,23,31,7,4,0.8675718990377684,35.192202938496756
1610,2175,0.754,0.563,0.09915021816921243,0.40421593764018704,19,35,1,4,24,31,7,4,0.9410021253961119,36.748121464677425
1610,2176,0.796,0.625,0.07318384926959709,0.3857503974111729,19,35,1,4,25,31,7,4,1.0120479237664588,38.13814813327211
1610,2177,0.834,0.688,0.05261122084231873,0.36943627861348516,19,35,1,4,26,31,7,4,1.0811567878897121,39.520587329265844
1610,2178,0.868,0.75,0.03651707649226987,0.35420102582851065,19,35,1,4,27,31,7,4,1.1471373065156585,40.82882963831081
1610,2179,0.899,0.813,0.02190349441587447,0.33894348026520316,19,35,1,4,28,31,7,4,1.212093230737636,42.12424144906725
1610,2180,0.925,0.875,0.011306716112634674,0.3257438880505277,19,35,1,4,29,31,7,4,1.2732831578246844,43.40885972880541
1610,2181,0.946,0.938,0.004543797980047559,0.3132130930238476,19,35,1,4,30,31,7,4,1.3322011860075789,44.75670728173515
1610,2182,0.153,0.48,0.8462905683500326,0.8415099532777183,19,35,1,4,10,32,7,4,0.5037946010032264,72.32031902256115
1610,2183,0.176,0.458,0.8304893433121019,0.8546586094057429,19,35,1,4,11,32,7,4,0.4906526266107214,68.97925683465351
1610,2184,0.209,0.435,0.8007708492983295,0.8573209595504464,19,35,1,4,12,32,7,4,0.48260335680556554,64.33758799739118
1610,2185,0.25,0.409,0.757361003687539,0.8454243980348708,19,35,1,4,13,32,7,4,0.47935477467111975,58.564768267743936
1610,2186,0.298,0.381,0.7008825846191233,0.8183769536825172,19,35,1,4,14,32,7,4,0.48369928674745843,51.96918052416087
1610,2187,0.35,0.35,0.6326939722079379,0.7786445221051846,19,35,1,4,15,32,7,4,0.49497474683058323,45
1610,2188,0.405,0.316,0.5550956814837212,0.7294840697078065,19,35,1,4,16,32,7,4,0.5136934883760939,37.96302558549401
1610,2189,0.459,0.278,0.4713130335700725,0.6741479106239565,19,35,1,4,17,32,7,4,0.5366237042844828,31.201800906643307
1610,2190,0.514,0.235,0.3861610390238591,0.6163087760704935,19,35,1,4,18,32,7,4,0.5651734247113889,24.569805609312702
1610,2191,0.566,0.188,0.30614102205514115,0.5603588101798402,19,35,1,4,19,32,7,4,0.5964059020499377,18.37418980061461
1610,2192,0.617,0.25,0.23884195091984795,0.5105759860206167,19,35,1,4,20,32,7,4,0.6657244174581551,22.057121169912907
1610,2193,0.667,0.312,0.18678051920950833,0.4698363836883195,19,35,1,4,21,32,7,4,0.7363647194155897,25.068600213972253
1610,2194,0.713,0.375,0.14811326639626687,0.4387971999251422,19,35,1,4,22,32,7,4,0.8056016385286217,27.74197825559052
1610,2195,0.757,0.437,0.11685607346289595,0.41538781567367644,19,35,1,4,23,32,7,4,0.8740812319229833,29.99692581345334
1610,2196,0.798,0.5,0.08936669947717513,0.3962661452569325,19,35,1,4,24,32,7,4,0.941702713174386,32.06987640407047
1610,2197,0.836,0.563,0.06693532986005835,0.37937949952282335,19,35,1,4,25,32,7,4,1.0079012848488684,33.958097560812796
1610,2198,0.87,0.625,0.04892016586293724,0.3641941914674046,19,35,1,4,26,32,7,4,1.0712259332185716,35.69311902622378
1610,2199,0.9,0.688,0.03399181268745144,0.3499977013212927,19,35,1,4,27,32,7,4,1.13284773910707,37.39590344233197
1610,2200,0.925,0.75,0.02087950199083921,0.3369221631596889,19,35,1,4,28,32,7,4,1.1908505363814554,39.03551289874688
1610,2201,0.947,0.813,0.012024977691805216,0.3259555769635404,19,35,1,4,29,32,7,4,1.248109770813449,40.646107533721676
1610,2202,0.964,0.875,0.00600890743219773,0.3160585565547641,19,35,1,4,30,32,7,4,1.3018913165084096,42.229282861595706
1610,2203,0.977,0.938,0.002107976156054958,0.30636312928553033,19,35,1,4,31,32,7,4,1.3543902687187324,43.83330206287079
1610,2204,0.201,0.44,0.8034986900167786,0.8401115994755611,19,35,1,4,10,33,7,4,0.48373649851959694,65.44821753257213
1610,2205,0.232,0.416,0.7786050666299767,0.8424195590361144,19,35,1,4,11,33,7,4,0.47631922069133426,60.851928154286945
1610,2206,0.27,0.391,0.7416080234412278,0.8334324807830563,19,35,1,4,12,33,7,4,0.4751641821518116,55.37348240234197
1610,2207,0.315,0.363,0.6926403919136023,0.8119983679333553,19,35,1,4,13,33,7,4,0.4806183517095451,49.04958170327138
1610,2208,0.365,0.333,0.6324568990286921,0.7791556601132399,19,35,1,4,14,33,7,4,0.4940789410610414,42.37509735951886
1610,2209,0.417,0.3,0.5626416126829146,0.7370610008069518,19,35,1,4,15,33,7,4,0.5137012750616841,35.73216373717889
1610,2210,0.47,0.263,0.48599679743440816,0.6881841683843284,19,35,1,4,16,33,7,4,0.5385805417948183,29.23026238582505
1610,2211,0.522,0.222,0.40655463511615475,0.6352947799952535,19,35,1,4,17,33,7,4,0.5672459783903276,23.039435979903534
1610,2212,0.574,0.176,0.3299008654148732,0.5817360335580779,19,35,1,4,18,33,7,4,0.6003765485093501,17.04659792699204
1610,2213,0.624,0.125,0.2621081933718685,0.5313370365602741,19,35,1,4,19,33,7,4,0.6363968887416092,11.327589108134037
1610,2214,0.672,0.187,0.206605867104116,0.4874684716914668,19,35,1,4,20,33,7,4,0.6975335117397586,15.550492291573109
1610,2215,0.717,0.25,0.1640281752221293,0.45197202433548966,19,35,1,4,21,33,7,4,0.7593345771134091,19.22238808962071
1610,2216,0.76,0.312,0.13080859838957348,0.4247236738439274,19,35,1,4,22,33,7,4,0.8215497550361756,22.319440392975086
1610,2217,0.8,0.375,0.1024954811323755,0.403641442866416,19,35,1,4,23,33,7,4,0.8835298523536147,25.11483488614456
1610,2218,0.837,0.437,0.07867204991780163,0.38604248894013515,19,35,1,4,24,33,7,4,0.944212899721244,27.569185140533833
1610,2219,0.87,0.5,0.059064621392936445,0.37040065999107596,19,35,1,4,25,33,7,4,1.0034440691936946,29.88652694042403
1610,2220,0.899,0.563,0.043426872185437726,0.3562984050542263,19,35,1,4,26,33,7,4,1.06074030752112,32.05691332466027
1610,2221,0.925,0.625,0.029523030651591342,0.3434320125522059,19,35,1,4,27,33,7,4,1.1163556780883053,34.04593735660166
1610,2222,0.946,0.688,0.0182461044108152,0.3320877037237795,19,35,1,4,28,33,7,4,1.1697264637512481,36.02737338510361
1610,2223,0.963,0.75,0.010957504869604673,0.3224917534986972,19,35,1,4,29,33,7,4,1.2206019007030915,37.912036316452294
1610,2224,0.977,0.813,0.005741128105932747,0.31385160880517937,19,35,1,4,30,33,7,4,1.271022423090954,39.7651691188476
1610,2225,0.987,0.875,0.002329954484338259,0.30589258959731025,19,35,1,4,31,33,7,4,1.3190125094175567,41.557784714102624
1610,2226,0.993,0.938,5.841135360761252e-4,0.299657642268193,19,35,1,4,32,33,7,4,1.365976939776071,43.36850537523983
1610,2227,0.256,0.4,0.7498370914860495,0.8234174464716546,19,35,1,4,10,34,7,4,0.4749063065489866,57.38075692880717
1610,2228,0.292,0.375,0.7182874025213688,0.8159597813061429,19,35,1,4,11,34,7,4,0.4752778134943814,52.09329696876171
1610,2229,0.333,0.348,0.6760264303292352,0.7986184891133629,19,35,1,4,12,34,7,4,0.481656516617392,46.26181753888613
1610,2230,0.379,0.318,0.6233817753869497,0.7715682752882373,19,35,1,4,13,34,7,4,0.49473730403113936,39.9983356687041
1610,2231,0.428,0.286,0.5614541033035785,0.7359972215499603,19,35,1,4,14,34,7,4,0.5147620809655661,33.75180864379871
1610,2232,0.479,0.25,0.4923911701293111,0.6936150770513934,19,35,1,4,15,34,7,4,0.5403156484870673,27.560986761011765
1610,2233,0.53,0.21,0.41954648725509547,0.6464719158508356,19,35,1,4,16,34,7,4,0.570087712549569,21.614778942786245
1610,2234,0.58,0.166,0.34763197027754167,0.5970441034491516,19,35,1,4,17,34,7,4,0.6032876594129868,15.971486873396765
1610,2235,0.628,0.117,0.28142472433277443,0.548305242079082,19,35,1,4,18,34,7,4,0.6388059173176154,10.553538433288216
1610,2236,0.675,0.062,0.2246020189871294,0.5034388482567727,19,35,1,4,19,34,7,4,0.6778414268838989,5.247997805788484
1610,2237,0.719,0.125,0.17902741224304874,0.46496944928011785,19,35,1,4,20,34,7,4,0.7297848998163774,9.862443922631984
1610,2238,0.761,0.187,0.1432850990902994,0.43397245433501197,19,35,1,4,21,34,7,4,0.7836389474751749,13.805713875124423
1610,2239,0.8,0.25,0.1138529384802831,0.4099109785381997,19,35,1,4,22,34,7,4,0.8381527307120106,17.35402463626132
1610,2240,0.835,0.312,0.08914796108208434,0.3908835764050741,19,35,1,4,23,34,7,4,0.8913859994413195,20.48833752846179
1610,2241,0.868,0.375,0.06849857154913952,0.3747749512981887,19,35,1,4,24,34,7,4,0.9455416437153892,23.36567952334901
1610,2242,0.897,0.437,0.051664649183123745,0.36046048096209704,19,35,1,4,25,34,7,4,0.9977865503202576,25.974393962431318
1610,2243,0.922,0.5,0.0375709192987177,0.34764233070919126,19,35,1,4,26,34,7,4,1.0488488928344255,28.470948075573304
1610,2244,0.943,0.563,0.025111134257617462,0.3361574516898769,19,35,1,4,27,34,7,4,1.0982795636813059,30.83850049907413
1610,2245,0.961,0.625,0.01572506910745397,0.3261285252925288,19,35,1,4,28,34,7,4,1.1463620719476024,33.03853460453795
1610,2246,0.975,0.688,0.00944278719728997,0.3174506173473943,19,35,1,4,29,34,7,4,1.1933017221139002,35.208363250659396
1610,2247,0.985,0.75,0.004937811500320577,0.3096789318189517,19,35,1,4,30,34,7,4,1.2380327136227056,37.28641859227888
1610,2248,0.992,0.813,0.0019701551005555373,0.3032394451449004,19,35,1,4,31,34,7,4,1.2825883985129445,39.336553524342456
1610,2249,0.997,0.875,5.812124418820286e-4,0.29881058334124366,19,35,1,4,32,34,7,4,1.3265119675298824,41.271253190690025
1610,2250,0.999,0.938,1.0286469247666741e-4,0.29540667599651815,19,35,1,4,33,34,7,4,1.3703448471096609,43.19623756362995
1610,2251,0.311,0.36,0.6916761729719065,0.7957400138965983,19,35,1,4,10,35,7,4,0.47573206744973584,49.176629802302074
1610,2252,0.349,0.333,0.6550386711414702,0.7812072631665892,19,35,1,4,11,35,7,4,0.48237951863651923,43.65606401661339
1610,2253,0.392,0.304,0.6090790175014122,0.7586760967999812,19,35,1,4,12,35,7,4,0.4960645119336799,37.79394299861673
1610,2254,0.438,0.273,0.5544984177120762,0.728673966333373,19,35,1,4,13,35,7,4,0.5161133596410773,31.93477846315269
1610,2255,0.486,0.238,0.4929201672265786,0.6922654527030041,19,35,1,4,14,35,7,4,0.5411469301400499,26.091543118343065
1610,2256,0.535,0.2,0.42705990918011694,0.6508972248119449,19,35,1,4,15,35,7,4,0.571161098115059,20.497340548001826
1610,2257,0.583,0.158,0.3605508308590474,0.6063791153316167,19,35,1,4,16,35,7,4,0.6040306283625028,15.163605266336289
1610,2258,0.63,0.111,0.2972290145033192,0.5609231892899291,19,35,1,4,17,35,7,4,0.6397038377249272,9.992414526216246
1610,2259,0.675,0.059,0.2408012994978158,0.517083284187384,19,35,1,4,18,35,7,4,0.6775736122370765,4.995379699523788
1610,2260,0.718,0,0.19351584154229085,0.4774073782538816,19,35,1,4,19,35,7,4,0.718,0
1610,2261,0.759,0.062,0.15542337476492452,0.4437196939287378,19,35,1,4,20,35,7,4,0.761528069082158,4.669919125169522
1610,2262,0.797,0.125,0.12441644915550465,0.41657370377793024,19,35,1,4,21,35,7,4,0.8067428338696291,8.913551209086732
1610,2263,0.832,0.188,0.09880965611298187,0.39525065461816544,19,35,1,4,22,35,7,4,0.852975966836112,12.732810131209185
1610,2264,0.864,0.25,0.07743844155370228,0.37809158828503275,19,35,1,4,23,35,7,4,0.8994420492727699,16.137897795597773
1610,2265,0.892,0.313,0.05956959358759828,0.36342983114024585,19,35,1,4,24,35,7,4,0.9453216383855815,19.33581189625152
1610,2266,0.917,0.375,0.0449389472497681,0.35041890147769417,19,35,1,4,25,35,7,4,0.9907138840250499,22.241724521894117
1610,2267,0.939,0.438,0.03202214336692921,0.33882823871899437,19,35,1,4,26,35,7,4,1.0361298181212621,25.006871477237905
1610,2268,0.957,0.5,0.02112040774340951,0.3285365345144262,19,35,1,4,27,35,7,4,1.0797448772742568,27.585539161327677
1610,2269,0.971,0.563,0.013428126043678934,0.3195821868341555,19,35,1,4,28,35,7,4,1.1224125801148168,30.105784848620893
1610,2270,0.982,0.625,0.007929413851950118,0.31187695755915246,19,35,1,4,29,35,7,4,1.1640227661003886,32.47496746245224
1610,2271,0.99,0.688,0.004074418189441875,0.305331660702854,19,35,1,4,30,35,7,4,1.205588652899487,34.79734923145363
1610,2272,0.995,0.75,0.0015863544622464198,0.3003134921142613,19,35,1,4,31,35,7,4,1.2460036115517483,37.00784869431463
1610,2273,0.998,0.813,4.818898781391301e-4,0.2967661659218912,19,35,1,4,32,35,7,4,1.2872346328467084,39.167267916545725
1610,2274,1,0.876,8.3121429644617e-5,0.29418483212958824,19,35,1,4,33,35,7,4,1.3294269442131825,41.218359795425336
1610,2275,1,0.938,2.0549721192475445e-6,0.2930816065351458,19,35,1,4,34,35,7,4,1.3710740315533658,43.16763304046667
1610,2312,1,1,0,0.2928932188134524,19,35,1,4,10,19,10,4,1.4142135623730951,45
1610,2313,1,1,0,0.2928932188134524,19,35,1,4,11,19,10,4,1.4142135623730951,45
1610,2314,1,1,0,0.2928932188134524,19,35,1,4,12,19,10,4,1.4142135623730951,45
1610,2315,1,1,0,0.2928932188134524,19,35,1,4,13,19,10,4,1.4142135623730951,45
1610,2316,1,1,0,0.2928932188134524,19,35,1,4,14,19,10,4,1.4142135623730951,45
1610,2317,1,1,0,0.2928932188134524,19,35,1,4,15,19,10,4,1.4142135623730951,45
1610,2318,1,1,0,0.2928932188134524,19,35,1,4,16,19,10,4,1.4142135623730951,45
1610,2319,1,1,0,0.2928932188134524,19,35,1,4,17,19,10,4,1.4142135623730951,45
1610,2320,1,1,0,0.2928932188134524,19,35,1,4,18,19,10,4,1.4142135623730951,45
1610,2321,0.993,0.96,0.007068134640229595,0.29780024540990613,19,35,1,4,10,20,10,4,1.381176672261735,44.031960670662706
1610,2322,0.991,0.959,0.009131818107473877,0.29895230976197906,19,35,1,4,11,20,10,4,1.3790438716734141,44.059845954307995
1610,2323,0.987,0.957,0.011810114670013805,0.3005681931634667,19,35,1,4,12,20,10,4,1.3747792550078721,44.115876051864575
1610,2324,0.982,0.955,0.015217660808894973,0.30291573985934217,19,35,1,4,13,20,10,4,1.3697988903485065,44.20140120472713
1610,2325,0.973,0.953,0.019512647815788653,0.3064755585779094,19,35,1,4,14,20,10,4,1.3619610860813902,44.40504963439325
1610,2326,0.96,0.95,0.024709982125763807,0.31215666289854505,19,35,1,4,15,20,10,4,1.3505924625881784,44.70002483769609
1610,2327,0.937,0.948,0.03065809252336782,0.3216961960382587,19,35,1,4,16,20,10,4,1.3329189772825654,45.33434823377283
1610,2328,0.897,0.945,0.0370184683172623,0.3377944490566105,19,35,1,4,17,20,10,4,1.3029328455450035,46.49271181370426
1610,2329,0.81,0.942,0.04318081720066547,0.3603242535491388,19,35,1,4,18,20,10,4,1.2423622660077858,49.308664916524876
1610,2330,0.666,0.938,0.04422988628243141,0.3649125163444501,19,35,1,4,19,20,10,4,1.1503912377969505,54.62443594542252
1610,2331,0.947,0.92,0.052748474871807005,0.32623035231505837,19,35,1,4,10,21,10,4,1.3203064038320802,44.17146319529402
1610,2332,0.935,0.917,0.062207308265979644,0.332458222622082,19,35,1,4,11,21,10,4,1.3096236100498495,44.4431471063766
1610,2333,0.918,0.913,0.0732511976101815,0.3405924098240406,19,35,1,4,12,21,10,4,1.2947173436700383,44.84354004069967
1610,2334,0.896,0.909,0.08607134340535216,0.3513546992351204,19,35,1,4,13,21,10,4,1.2763608423952846,45.41264944887687
1610,2335,0.867,0.905,0.10058405354343158,0.3656893464064932,19,35,1,4,14,21,10,4,1.253281293245854,46.22850223527093
1610,2336,0.826,0.9,0.11619553983743802,0.38456911227009916,19,35,1,4,15,21,10,4,1.221587491749977,47.45497838359514
1610,2337,0.767,0.895,0.1324219364030621,0.40808369027401914,19,35,1,4,16,21,10,4,1.1786916475482467,49.40397781099547
1610,2338,0.676,0.889,0.14820289251711238,0.4330208777709301,19,35,1,4,17,21,10,4,1.1168245162065524,52.75046180660586
1610,2339,0.549,0.883,0.16292310506886865,0.4489665303818686,19,35,1,4,18,21,10,4,1.0397547787819972,58.12896285305497
1610,2340,0.514,0.876,0.14962934422283702,0.4401886791031031,19,35,1,4,19,21,10,4,1.015663330045936,59.59737973322116
1610,2341,0.507,0.938,0.09577329404577795,0.4042026841527293,19,35,1,4,20,21,10,4,1.0662518464227857,61.608258190433084
1610,2342,0.86,0.88,0.14573491054404808,0.382833793276822,19,35,1,4,10,22,10,4,1.2304470732217618,45.65854317756361
1610,2343,0.835,0.875,0.16568513098570137,0.3964532874316591,19,35,1,4,11,22,10,4,1.2094833607784772,46.34000778089971
1610,2344,0.804,0.87,0.18714693159197404,0.4130732594842583,19,35,1,4,12,22,10,4,1.184616393605964,47.257803988672435
1610,2345,0.765,0.864,0.20949970936437523,0.4331545017796242,19,35,1,4,13,22,10,4,1.154002166375783,48.477786519798165
1610,2346,0.716,0.858,0.2326348184286796,0.45678580370069954,19,35,1,4,14,22,10,4,1.1175061521083451,50.1550413478213
1610,2347,0.652,0.85,0.25640136129120505,0.483042749543134,19,35,1,4,15,22,10,4,1.0712628062245042,52.509671935490545
1610,2348,0.566,0.843,0.28058046746903964,0.5089603897615611,19,35,1,4,16,22,10,4,1.0153841637528134,56.12212944428892
1610,2349,0.459,0.834,0.30563077847596376,0.5285101448693597,19,35,1,4,17,22,10,4,0.9519648102739933,61.17338524969382
1610,2350,0.438,0.824,0.3169231705532819,0.5328936653246166,19,35,1,4,18,22,10,4,0.9331773679210185,62.00697009523806
1610,2351,0.444,0.813,0.28217774658636496,0.5161257970769105,19,35,1,4,19,22,10,4,0.9263395705679424,61.3599224615046
1610,2352,0.459,0.875,0.2155602666423051,0.479817666150389,19,35,1,4,20,22,10,4,0.9880819804044602,62.31978023659987
1610,2353,0.479,0.938,0.1301658717764811,0.42726418367188246,19,35,1,4,21,22,10,4,1.0532259966407969,62.94837215955944
1610,2354,0.747,0.84,0.27621554153852124,0.4631698162935882,19,35,1,4,10,23,10,4,1.1241036429084286,48.35376213094422
1610,2355,0.71,0.834,0.3058581881495396,0.48416484458605735,19,35,1,4,11,23,10,4,1.0952880899562454,49.59161970852857
1610,2356,0.667,0.826,0.3373735794768976,0.508207907220138,19,35,1,4,12,23,10,4,1.0616802720216665,51.07891536268163
1610,2357,0.614,0.818,0.3702630310469286,0.5349860840419387,19,35,1,4,13,23,10,4,1.022800078216657,53.10769493272773
1610,2358,0.55,0.81,0.4030576085751101,0.5633392710315779,19,35,1,4,14,23,10,4,0.9790812019439451,55.8230112262071
1610,2359,0.471,0.8,0.43455920229652156,0.590672675190238,19,35,1,4,15,23,10,4,0.9283539195802429,59.512550632858435
1610,2360,0.386,0.79,0.4648292738447176,0.6123720100841142,19,35,1,4,16,23,10,4,0.8792587787449154,63.959514039340675
1610,2361,0.377,0.778,0.48493020786671803,0.6218618336703401,19,35,1,4,17,23,10,4,0.8645305084263945,64.14629287631723
1610,2362,0.391,0.765,0.45629803587400897,0.6130110240240929,19,35,1,4,18,23,10,4,0.8591309562575429,62.927919762007235
1610,2363,0.412,0.75,0.40180645000565296,0.5859292433188329,19,35,1,4,19,23,10,4,0.8557125685649358,61.218540567136955
1610,2364,0.433,0.813,0.3325754846803377,0.5460414821000477,19,35,1,4,20,23,10,4,0.9211177991983436,61.96044377229169
1610,2365,0.456,0.875,0.23622623333472403,0.4921123169531566,19,35,1,4,21,23,10,4,0.9866919478743099,62.47404896568122
1610,2366,0.479,0.938,0.1260711075299661,0.4248878419107922,19,35,1,4,22,23,10,4,1.0532259966407969,62.94837215955944
1610,2367,0.619,0.8,0.4310783063087772,0.5554777082686124,19,35,1,4,10,24,10,4,1.011514211467145,52.26908763165008
1610,2368,0.574,0.792,0.469040853622851,0.5816321208241632,19,35,1,4,11,24,10,4,0.9781308705894114,54.067373006983715
1610,2369,0.521,0.783,0.5064961717023342,0.6098245276469942,19,35,1,4,12,24,10,4,0.9404945507550801,56.36062173786413
1610,2370,0.459,0.773,0.5428253470848641,0.63884547081621,19,35,1,4,13,24,10,4,0.8990050055478,59.29856492924967
1610,2371,0.386,0.762,0.5776128883012287,0.6663427477625108,19,35,1,4,14,24,10,4,0.8541896744868789,63.1349736606181
1610,2372,0.328,0.75,0.6103849359295743,0.6883632261657726,19,35,1,4,15,24,10,4,0.818586586745715,66.37863790716345
1610,2373,0.328,0.737,0.6285310337541257,0.6993509635172939,19,35,1,4,16,24,10,4,0.8066926304361531,66.00866482042642
1610,2374,0.345,0.722,0.596792339655479,0.6937093328689093,19,35,1,4,17,24,10,4,0.8001931016948346,64.4596941802105
1610,2375,0.367,0.706,0.5424800469660143,0.6694629043728246,19,35,1,4,18,24,10,4,0.7956915231419774,62.53323472836867
1610,2376,0.389,0.688,0.47474346404769296,0.6304806467076074,19,35,1,4,19,24,10,4,0.7903575140403234,60.51587923882329
1610,2377,0.413,0.75,0.3886615146422655,0.5815230429026377,19,35,1,4,20,24,10,4,0.8561944872515823,61.159888458064394
1610,2378,0.438,0.813,0.29122325891379064,0.5246479090731995,19,35,1,4,21,24,10,4,0.9234787490787213,61.686637902070956
1610,2379,0.465,0.875,0.18449333783060806,0.4618437697124216,19,35,1,4,22,24,10,4,0.9908834442052203,62.01254680924402
1610,2380,0.493,0.938,0.0865588704948358,0.3974874954488009,19,35,1,4,23,24,10,4,1.0596664569570937,62.274196962785474
1610,2381,0.487,0.76,0.5849291936641416,0.6427966576804504,19,35,1,4,10,25,10,4,0.9026455561293147,57.348678823294385
1610,2382,0.435,0.75,0.6243912926705295,0.6704804605444696,19,35,1,4,11,25,10,4,0.8670207609971056,59.88626684901757
1610,2383,0.376,0.739,0.6614746079612317,0.6983959523735073,19,35,1,4,12,25,10,4,0.829154388518809,63.03320506513076
1610,2384,0.309,0.727,0.6947565246975993,0.7243739248696313,19,35,1,4,13,25,10,4,0.7899430359209454,66.97283916615822
1610,2385,0.282,0.715,0.7236798466115343,0.7448458293973967,19,35,1,4,14,25,10,4,0.7686019776191055,68.47544643819712
1610,2386,0.285,0.7,0.7271519961930786,0.7548204252847897,19,35,1,4,15,25,10,4,0.7557942841805565,67.846655262222
1610,2387,0.302,0.684,0.689344385966133,0.7492302964405932,19,35,1,4,16,25,10,4,0.7477031496523202,66.1775601804036
1610,2388,0.324,0.667,0.6325421931248874,0.7258128838933335,19,35,1,4,17,25,10,4,0.7415288261423153,64.09150621808898
1610,2389,0.348,0.647,0.5612650715421901,0.686922813622318,19,35,1,4,18,25,10,4,0.7346516181156889,61.72565511970165
1610,2390,0.375,0.625,0.47667178463722126,0.6377189507779879,19,35,1,4,19,25,10,4,0.7288689868556626,59.03624346792648
1610,2391,0.403,0.688,0.3836238378127106,0.5821874726373726,19,35,1,4,20,25,10,4,0.797341206761572,59.64011295427868
1610,2392,0.433,0.75,0.2845061081738852,0.5231926330635488,19,35,1,4,21,25,10,4,0.8660190529081909,60.00072777015302
1610,2393,0.465,0.813,0.18994783471339538,0.4650136316668878,19,35,1,4,22,25,10,4,0.9365863548013071,60.232355184385376
1610,2394,0.498,0.875,0.10620587724966912,0.4104641108474275,19,35,1,4,23,25,10,4,1.0067914381836984,60.3539409425266
1610,2395,0.533,0.938,0.04376104634976452,0.36326478762536807,19,35,1,4,24,25,10,4,1.0788572658141575,60.393450392171644
1610,2396,0.355,0.72,0.7178793395984984,0.7138719919735198,19,35,1,4,10,26,10,4,0.8027608610289867,63.75414206399655
1610,2397,0.3,0.708,0.7523341274782744,0.7396219072828215,19,35,1,4,11,26,10,4,0.768936928492838,67.03622694014545
1610,2398,0.254,0.696,0.7805178069172587,0.7632261690708304,19,35,1,4,12,26,10,4,0.7408994533673243,69.95082365093529
1610,2399,0.241,0.682,0.8006914055411191,0.781498354265733,19,35,1,4,13,26,10,4,0.7233291090506452,70.53799593228963
1610,2400,0.246,0.667,0.7817992925584965,0.7900251174089066,19,35,1,4,14,26,10,4,0.7109184200736397,69.7552392915798
1610,2401,0.262,0.65,0.7386389208757633,0.7843796081378429,19,35,1,4,15,26,10,4,0.7008166664684852,68.04677375312016
1610,2402,0.286,0.632,0.6805185194382941,0.7625239233105399,19,35,1,4,16,26,10,4,0.6937002234394912,65.6517431636622
1610,2403,0.314,0.611,0.6109416396586649,0.7260342374584121,19,35,1,4,17,26,10,4,0.6869621532515455,62.8008417371678
1610,2404,0.344,0.588,0.5323148104938007,0.6788801633964283,19,35,1,4,18,26,10,4,0.681234174128104,59.6709139580163
1610,2405,0.376,0.563,0.4465010485641714,0.6253630021996961,19,35,1,4,19,26,10,4,0.6770118167358676,56.26298797038074
1610,2406,0.41,0.625,0.3542392256382305,0.5686004013526159,19,35,1,4,20,26,10,4,0.7474790966976935,56.735125258599155
1610,2407,0.446,0.688,0.2626686674705193,0.511575238681334,19,35,1,4,21,26,10,4,0.8199146297023855,57.046441167901925
1610,2408,0.482,0.75,0.17923568718019134,0.4586023966800382,19,35,1,4,22,26,10,4,0.8915290236442109,57.272496571829066
1610,2409,0.519,0.813,0.11135683835979326,0.415076930191977,19,35,1,4,23,26,10,4,0.9645361579536559,57.446800447146494
1610,2410,0.558,0.876,0.06799289372794382,0.3828529346502838,19,35,1,4,24,26,10,4,1.0386240898419408,57.50342189800225
1610,2411,0.596,0.938,0.03311582703557203,0.3528329663917458,19,35,1,4,25,26,10,4,1.1113325334930135,57.56834930364205
1610,2412,0.233,0.68,0.8210186899959595,0.7702832963193831,19,35,1,4,10,27,10,4,0.7188108235133915,71.0861270869639
1610,2413,0.209,0.667,0.8421401993129765,0.7921693093038717,19,35,1,4,11,27,10,4,0.6989778251132149,72.60196564160809
1610,2414,0.203,0.652,0.8368560717941227,0.8091612440192453,19,35,1,4,12,27,10,4,0.6828711445067803,72.7060390574834
1610,2415,0.211,0.636,0.8105087983168238,0.8172559239748767,19,35,1,4,13,27,10,4,0.6700873077442968,71.646168318983
1610,2416,0.23,0.619,0.768155108926925,0.8123678246132418,19,35,1,4,14,27,10,4,0.6603491500713846,69.61659308315446
1610,2417,0.257,0.6,0.7131891701092391,0.7925142815994151,19,35,1,4,15,27,10,4,0.6527242909529261,66.81293549293805
1610,2418,0.289,0.579,0.6483393326169853,0.758833262888851,19,35,1,4,16,27,10,4,0.6471182272197252,63.47454507060109
1610,2419,0.324,0.556,0.5755321750341926,0.7143642935128292,19,35,1,4,17,27,10,4,0.6435153455823723,59.76919853029164
1610,2420,0.36,0.529,0.49518067875625504,0.6626316896968267,19,35,1,4,18,27,10,4,0.6398757691927395,55.763565355849664
1610,2421,0.398,0.5,0.40818843608199695,0.6069824800848078,19,35,1,4,19,27,10,4,0.6390649419268749,51.48021047869178
1610,2422,0.436,0.563,0.3198787058184921,0.5505283155815259,19,35,1,4,20,27,10,4,0.7120849668403342,52.24498516627751
1610,2423,0.476,0.625,0.23666290122326938,0.4973746128534752,19,35,1,4,21,27,10,4,0.7856214100952188,52.70710148409222
1610,2424,0.515,0.688,0.16597281899084537,0.45269812484185334,19,35,1,4,22,27,10,4,0.8594003723527236,53.1834379491882
1610,2425,0.556,0.75,0.11777245589979723,0.41946965254661295,19,35,1,4,23,27,10,4,0.9336144814643783,53.44922721763005
1610,2426,0.596,0.813,0.08212483796865999,0.3943802567448589,19,35,1,4,24,27,10,4,1.0080600180544808,53.75532909830118
1610,2427,0.635,0.875,0.05274939396495626,0.3705090595954488,19,35,1,4,25,27,10,4,1.0811336642617322,54.031071796440635
1610,2428,0.674,0.938,0.023762201851168396,0.3423645548044154,19,35,1,4,26,27,10,4,1.1550411248089827,54.30086109895964
1610,2429,0.172,0.64,0.8670339519128213,0.814537626066096,19,35,1,4,10,28,10,4,0.6627095894884878,74.95719925394616
1610,2430,0.174,0.625,0.8533028485708365,0.8304044014679224,19,35,1,4,11,28,10,4,0.6487688340233368,74.44279738509425
1610,2431,0.188,0.609,0.8259122912439864,0.8379302375290238,19,35,1,4,12,28,10,4,0.6373578272838578,72.84439686945403
1610,2432,0.211,0.591,0.7859103221192214,0.8332337279630975,19,35,1,4,13,28,10,4,0.627536453124438,70.35231762693904
1610,2433,0.242,0.572,0.7343605502968935,0.8144373488164821,19,35,1,4,14,28,10,4,0.6210861453936966,67.06789956241022
1610,2434,0.277,0.55,0.6728575806982091,0.7825616480829467,19,35,1,4,15,28,10,4,0.6158157191887846,63.26851274926827
1610,2435,0.315,0.526,0.6029292564432428,0.740212038414694,19,35,1,4,16,28,10,4,0.613107657756776,59.08432383105714
1610,2436,0.355,0.5,0.5255606599949575,0.6902963848741266,19,35,1,4,17,28,10,4,0.6132087735836792,54.625248156123924
1610,2437,0.396,0.47,0.44261890172974094,0.6358446033699079,19,35,1,4,18,28,10,4,0.6145860395420645,49.88407980392483
1610,2438,0.437,0.438,0.3580112991528329,0.5802226595832469,19,35,1,4,19,28,10,4,0.618718837599115,45.06548086236343
1610,2439,0.479,0.5,0.27678025780132376,0.5272932786744233,19,35,1,4,20,28,10,4,0.6924167820034405,46.22883235881142
1610,2440,0.52,0.563,0.20620220062674421,0.4814077505552825,19,35,1,4,21,28,10,4,0.766400026096033,47.27370738673442
1610,2441,0.562,0.625,0.1545908094857118,0.44567422255504896,19,35,1,4,22,28,10,4,0.8405171027409258,48.03812168165908
1610,2442,0.603,0.688,0.11738768157307988,0.4193083777954365,19,35,1,4,23,28,10,4,0.9148513540461094,48.76694207000126
1610,2443,0.644,0.75,0.08786686183646408,0.39752947379864256,19,35,1,4,24,28,10,4,0.9885524771098396,49.34841282499949
1610,2444,0.683,0.813,0.060000704007299066,0.3759945896914786,19,35,1,4,25,28,10,4,1.0618182518679928,49.96643532950355
1610,2445,0.721,0.876,0.03581452889180503,0.35499038506134883,19,35,1,4,26,28,10,4,1.134555860237829,50.54359195851196
1610,2446,0.758,0.938,0.016227433790044543,0.3329497755776909,19,35,1,4,27,28,10,4,1.2059883913205798,51.05824120889046
1610,2447,0.161,0.6,0.8555167945497333,0.8447081759193177,19,35,1,4,10,29,10,4,0.621225401927513,74.97946668751432
1610,2448,0.18,0.583,0.8280866967297436,0.8509232359690881,19,35,1,4,11,29,10,4,0.6101548983659805,72.84203954593411
1610,2449,0.207,0.565,0.789553176206076,0.8456248530246938,19,35,1,4,12,29,10,4,0.6017258511980351,69.8785963944547
1610,2450,0.241,0.545,0.7407436023907661,0.8272547930415385,19,35,1,4,13,29,10,4,0.5959077109754497,66.14489777557588
1610,2451,0.279,0.524,0.6824631041737421,0.796859894961684,19,35,1,4,14,29,10,4,0.593647201627364,61.96725448232703
1610,2452,0.32,0.5,0.6158416749939344,0.7567748483153343,19,35,1,4,15,29,10,4,0.5936328831862332,57.38075692880717
1610,2453,0.362,0.474,0.542312314417957,0.7094817398425068,19,35,1,4,16,29,10,4,0.5964226689186117,52.63055422538277
1610,2454,0.405,0.444,0.46401308274236,0.6575356446195886,19,35,1,4,17,29,10,4,0.6009667212084211,47.630112663357586
1610,2455,0.448,0.412,0.38403563594182677,0.6039250051398154,19,35,1,4,18,29,10,4,0.6086443953574205,42.6029714699404
1610,2456,0.491,0.375,0.3064308672290982,0.5521691229050224,19,35,1,4,19,29,10,4,0.6178235994197696,37.37068969901024
1610,2457,0.534,0.437,0.23768464849994642,0.5058892269899224,19,35,1,4,20,29,10,4,0.6900181157042183,39.29524919749725
1610,2458,0.576,0.5,0.1846927707767284,0.4679390773454333,19,35,1,4,21,29,10,4,0.7627424204802038,40.9597959815958
1610,2459,0.617,0.563,0.1455469030051001,0.4389426342973476,19,35,1,4,22,29,10,4,0.8352592411940138,42.37981781511936
1610,2460,0.658,0.625,0.11519445466604072,0.4165390964272029,19,35,1,4,23,29,10,4,0.9075180438977508,43.52662203141875
1610,2461,0.697,0.688,0.08819719444099927,0.3970080310378453,19,35,1,4,24,29,10,4,0.9793635688547946,44.62768609559966
1610,2462,0.735,0.75,0.0630471109468862,0.378574335278546,19,35,1,4,25,29,10,4,1.0501071373912283,45.57872556560776
1610,2463,0.77,0.813,0.043058425913479526,0.3616446959463737,19,35,1,4,26,29,10,4,1.1197629213364764,46.55597778007222
1610,2464,0.804,0.875,0.02678211383892637,0.34593883903946654,19,35,1,4,27,29,10,4,1.188293313959142,47.42142831965216
1610,2465,0.835,0.938,0.012702104960232163,0.3278401612138274,19,35,1,4,28,29,10,4,1.2558140785960317,48.32478274625742
1610,2466,0.188,0.56,0.8180930113143181,0.8559824244215497,19,35,1,4,10,30,10,4,0.5907148212124019,71.44236232923892
1610,2467,0.219,0.542,0.7816722257758777,0.8494632902116825,19,35,1,4,11,30,10,4,0.5845724933658785,67.99838371265419
1610,2468,0.254,0.522,0.7358233442794795,0.8312485572372899,19,35,1,4,12,30,10,4,0.5805170109479997,64.05290707402524
1610,2469,0.294,0.5,0.6810048661041455,0.8023479998079629,19,35,1,4,13,30,10,4,0.5800310336525106,59.54447182510819
1610,2470,0.336,0.477,0.6181687994573561,0.7647516016748058,19,35,1,4,14,30,10,4,0.5834595101633017,54.83903738600104
1610,2471,0.379,0.45,0.5487341378524219,0.7205401210696887,19,35,1,4,15,30,10,4,0.5883374881817408,49.895171844822144
1610,2472,0.423,0.421,0.47474338730906973,0.6718170837106536,19,35,1,4,16,30,10,4,0.5967997989275801,44.86422826476638
1610,2473,0.467,0.389,0.39875254862322684,0.6210082199217605,19,35,1,4,17,30,10,4,0.6077910825275409,39.793501199982586
1610,2474,0.511,0.353,0.32488636867207765,0.5710356928198459,19,35,1,4,18,30,10,4,0.6210716544811878,34.636807543751345
1610,2475,0.554,0.313,0.2586255348359303,0.525025695435194,19,35,1,4,19,30,10,4,0.636305744119916,29.46566430889593
1610,2476,0.596,0.375,0.2054440482045603,0.4855687432198801,19,35,1,4,20,30,10,4,0.7041597830038293,32.177882399411985
1610,2477,0.637,0.437,0.16457209814121443,0.4539163504554943,19,35,1,4,21,30,10,4,0.772488187611953,34.451223407284424
1610,2478,0.676,0.5,0.1331026104684495,0.42934526918753557,19,35,1,4,22,30,10,4,0.8408186486989927,36.48829486157531
1610,2479,0.715,0.563,0.10623023619310434,0.4094786942368608,19,35,1,4,23,30,10,4,0.9100516468860435,38.21734063379999
1610,2480,0.751,0.625,0.08122295069521435,0.39198494594898803,19,35,1,4,24,30,10,4,0.9770496404993965,39.768029635500845
1610,2481,0.786,0.688,0.06057831653444701,0.3761426190686804,19,35,1,4,25,30,10,4,1.044576469196966,41.19624501061121
1610,2482,0.818,0.75,0.04349597477551914,0.3618543147983725,19,35,1,4,26,30,10,4,1.1097855648727821,42.51679001825093
1610,2483,0.848,0.813,0.029792771288581488,0.3478911700412195,19,35,1,4,27,30,10,4,1.1747650828995557,43.792862395907406
1610,2484,0.875,0.876,0.0167989132598092,0.3327995851564588,19,35,1,4,28,30,10,4,1.2381441757727571,45.032721743737255
1610,2485,0.9,0.938,0.0067248701178824755,0.31774877624084086,19,35,1,4,29,30,10,4,1.2999399986153206,46.18440124439789
1610,2486,0.243,0.52,0.7625670735925121,0.843308017757037,19,35,1,4,10,31,10,4,0.5739764803543783,64.95295402520294
1610,2487,0.279,0.5,0.7189179541091164,0.8252566846375314,19,35,1,4,11,31,10,4,0.5725740126830767,60.83848278079569
1610,2488,0.319,0.478,0.6671318895635058,0.7980771241521074,19,35,1,4,12,31,10,4,0.574669470217446,56.28228007292731
1610,2489,0.361,0.454,0.6079998630833057,0.7632884376362383,19,35,1,4,13,31,10,4,0.580031895674712,51.50988795802075
1610,2490,0.405,0.429,0.5427927833703194,0.7225434904274349,19,35,1,4,14,31,10,4,0.5899711857370663,46.64834450489613
1610,2491,0.448,0.4,0.4732847316386525,0.6775488027235639,19,35,1,4,15,31,10,4,0.6005863801319508,41.76029970389787
1610,2492,0.492,0.368,0.40211203860205136,0.630241595494031,19,35,1,4,16,31,10,4,0.6144005208331126,36.79529380843132
1610,2493,0.535,0.333,0.3329458112512611,0.5829376512806277,19,35,1,4,17,31,10,4,0.6301698183823151,31.89936927109405
1610,2494,0.577,0.294,0.2705933943762334,0.5382230097672713,19,35,1,4,18,31,10,4,0.6475839713890392,27.000300798048087
1610,2495,0.619,0.25,0.21862037492698472,0.4984766282810127,19,35,1,4,19,31,10,4,0.6675784598082835,21.99266033492112
1610,2496,0.659,0.312,0.17733141133367558,0.46521861460324976,19,35,1,4,20,31,10,4,0.7291261893527073,25.33496272932064
1610,2497,0.697,0.375,0.14510051585855022,0.43866928046070086,19,35,1,4,21,31,10,4,0.7914758366494835,28.281143999011533
1610,2498,0.734,0.437,0.1182225133328979,0.4176677603260128,19,35,1,4,22,31,10,4,0.8542394277952756,30.768208555802662
1610,2499,0.769,0.5,0.09382197604487374,0.4002744455906876,19,35,1,4,23,31,10,4,0.9172573248549177,33.031723467015205
1610,2500,0.802,0.563,0.07298060536621753,0.3849305939717804,19,35,1,4,24,31,10,4,0.9798841768290781,35.068663616785614
1610,2501,0.833,0.625,0.05557016312944041,0.37100501401264796,19,35,1,4,25,31,10,4,1.0414000192049162,36.88090125229854
1610,2502,0.862,0.688,0.04136061758737364,0.357966287989529,19,35,1,4,26,31,10,4,1.1028998141263784,38.59490227277705
1610,2503,0.887,0.75,0.028536672085587522,0.34508273771585285,19,35,1,4,27,31,10,4,1.1615803889529128,40.216082770127684
1610,2504,0.91,0.813,0.01731066656927449,0.3328740432333033,19,35,1,4,28,31,10,4,1.2202741495254252,41.77781178529084
1610,2505,0.93,0.875,0.00953401940485632,0.3223078844175389,19,35,1,4,29,31,10,4,1.2769201227954707,43.25468525022361
1610,2506,0.948,0.938,0.003939154559504665,0.31136493382841945,19,35,1,4,30,31,10,4,1.3336221353891813,44.69620762146484
1610,2507,0.311,0.48,0.692959811263848,0.8116059124056179,19,35,1,4,10,32,10,4,0.5719449274187157,57.06012531742757
1610,2508,0.35,0.458,0.6446184625155869,0.7863565448448058,19,35,1,4,11,32,10,4,0.5764234554561429,52.61322176596663
1610,2509,0.392,0.435,0.5895521211192203,0.7545803778846598,19,35,1,4,12,32,10,4,0.5855672463517747,47.97642308947159
1610,2510,0.434,0.409,0.5288497536794311,0.7175218496033801,19,35,1,4,13,32,10,4,0.5963530833323494,43.301334769194334
1610,2511,0.477,0.381,0.4643227544188655,0.6765345760938287,19,35,1,4,14,32,10,4,0.6104834150081392,38.61583606048754
1610,2512,0.519,0.35,0.398421836777353,0.6331574479457341,19,35,1,4,15,32,10,4,0.625988019054678,33.99469440930033
1610,2513,0.561,0.316,0.3345344148892947,0.5892016721400842,19,35,1,4,16,32,10,4,0.6438765409610759,29.39168504953439
1610,2514,0.602,0.278,0.276465790393133,0.5467188056340093,19,35,1,4,17,32,10,4,0.6630897375167255,24.78721046111453
1610,2515,0.642,0.235,0.2264390774649846,0.5077556064251298,19,35,1,4,18,32,10,4,0.6836585405010311,20.10482943946355
1610,2516,0.681,0.188,0.18559561453083606,0.47390897609951366,19,35,1,4,19,32,10,4,0.7064736371585284,15.432944884133969
1610,2517,0.718,0.25,0.15295290926452743,0.44589396431011064,19,35,1,4,20,32,10,4,0.760278896195337,19.19757638840353
1610,2518,0.753,0.312,0.125862738899154,0.4233833898690309,19,35,1,4,21,32,10,4,0.8150785238245454,22.50631173980764
1610,2519,0.787,0.375,0.10192063785388239,0.4051591876461357,19,35,1,4,22,32,10,4,0.8717763474653347,25.477473329946726
1610,2520,0.818,0.437,0.08122778761966765,0.38967717673612334,19,35,1,4,23,32,10,4,0.9274119904335937,28.11246241932224
1610,2521,0.847,0.5,0.06363699944546486,0.37580897142680747,19,35,1,4,24,32,10,4,0.9835695196578633,30.55415113705478
1610,2522,0.874,0.563,0.04901738386797183,0.3630511607237601,19,35,1,4,25,32,10,4,1.0396369558648828,32.78820738584059
1610,2523,0.898,0.625,0.03642456890918311,0.3511113724019327,19,35,1,4,26,32,10,4,1.0940882048537037,34.837572945357
1610,2524,0.919,0.688,0.02482811946391217,0.3399760027857599,19,35,1,4,27,32,10,4,1.148000435539987,36.81998844286366
1610,2525,0.938,0.75,0.015726305415650677,0.3301281015570927,19,35,1,4,28,32,10,4,1.200976269540743,38.644906881340745
1610,2526,0.954,0.813,0.009609569100705428,0.3214367003438102,19,35,1,4,29,32,10,4,1.2534292959716555,40.43767785854108
1610,2527,0.967,0.875,0.004977896908446966,0.3132694321781545,19,35,1,4,30,32,10,4,1.3041142587979015,42.14069754543905
1610,2528,0.978,0.938,0.0018073986413824628,0.3049452501534615,19,35,1,4,31,32,10,4,1.3551118035055263,43.80401967177151
1610,2529,0.383,0.44,0.6157183561329616,0.76899706042447,19,35,1,4,10,33,10,4,0.5833429523016457,48.96191073782371
1610,2530,0.423,0.416,0.5646620051710991,0.7401183228396353,19,35,1,4,11,33,10,4,0.5932832375855566,44.52197717425804
1610,2531,0.464,0.391,0.5086617658128948,0.7066280006213939,19,35,1,4,12,33,10,4,0.6067759059158496,40.119914903368304
1610,2532,0.505,0.363,0.44933863321372547,0.6695703069541019,19,35,1,4,13,33,10,4,0.6219276485251318,35.70902914508374
1610,2533,0.546,0.333,0.38903698860955516,0.6301552338745326,19,35,1,4,14,33,10,4,0.6395349873150022,31.378602070784524
1610,2534,0.586,0.3,0.3306425677919361,0.5897957008310122,19,35,1,4,15,33,10,4,0.6583281856338827,27.109967432629517
1610,2535,0.626,0.263,0.2767158898301798,0.5500936635607188,19,35,1,4,16,33,10,4,0.6790029455017114,22.788629642633087
1610,2536,0.664,0.222,0.22927690737265305,0.5127175471872933,19,35,1,4,17,33,10,4,0.7001285596231596,18.486706513913983
1610,2537,0.701,0.176,0.1895133426401281,0.47914847400870597,19,35,1,4,18,33,10,4,0.7227565288532507,14.093923763386831
1610,2538,0.736,0.125,0.156944000715313,0.4503501069789516,19,35,1,4,19,33,10,4,0.7465393492643237,9.638965760490343
1610,2539,0.77,0.187,0.1296932106766171,0.4265259599799677,19,35,1,4,20,33,10,4,0.7923818523918882,13.65041913475699
1610,2540,0.801,0.25,0.10613746259637868,0.40711573029112136,19,35,1,4,21,33,10,4,0.8391072637035148,17.333657873464563
1610,2541,0.831,0.312,0.08587840822452841,0.3910204018367939,19,35,1,4,22,33,10,4,0.8876401297823346,20.57870968814542
1610,2542,0.858,0.375,0.06845642384727291,0.37706532502590107,19,35,1,4,23,33,10,4,0.9363701191302507,23.608355614736055
1610,2543,0.884,0.437,0.05376168611079413,0.3644776277048163,19,35,1,4,24,33,10,4,0.9861161189231216,26.305208153466047
1610,2544,0.906,0.5,0.041295859218197783,0.35295830036762743,19,35,1,4,25,33,10,4,1.0348120602312285,28.893268559144236
1610,2545,0.926,0.563,0.029840592240377606,0.34241782434387336,19,35,1,4,26,33,10,4,1.0837181367864985,31.299239933705646
1610,2546,0.944,0.625,0.020135278598140682,0.3329313044700818,19,35,1,4,27,33,10,4,1.132148841804822,33.50759750748073
1610,2547,0.959,0.688,0.013255210870286915,0.3246094456375058,19,35,1,4,28,33,10,4,1.1802648007968382,35.65618558809022
1610,2548,0.971,0.75,0.00815399630959368,0.3171421495785789,19,35,1,4,29,33,10,4,1.2269233879912795,37.682483007409104
1610,2549,0.981,0.813,0.0044071980930814325,0.3101573170423437,19,35,1,4,30,33,10,4,1.2740996821285218,39.65011111331017
1610,2550,0.988,0.875,0.0018107181905080427,0.3038326335905871,19,35,1,4,31,33,10,4,1.3197609632050797,41.528985110446705
1610,2551,0.993,0.938,4.967303000179557e-4,0.2989382177965937,19,35,1,4,32,33,10,4,1.365976939776071,43.36850537523983
1610,2552,0.452,0.4,0.5364569088591511,0.7216155572997192,19,35,1,4,10,34,10,4,0.6035760101263138,41.507406839143954
1610,2553,0.491,0.375,0.4852438722549888,0.6914072484820899,19,35,1,4,11,34,10,4,0.6178235994197696,37.37068969901024
1610,2554,0.53,0.348,0.43134409697856224,0.6580276143583845,19,35,1,4,12,34,10,4,0.634037853759537,33.289053745098386
1610,2555,0.569,0.318,0.3767159924939032,0.6224159018080964,19,35,1,4,13,34,10,4,0.6518320335792036,29.19974285162157
1610,2556,0.608,0.286,0.32345168288303705,0.5856711915751519,19,35,1,4,14,34,10,4,0.6719077317608423,25.192046367427906
1610,2557,0.646,0.25,0.27363895307190755,0.5490392623806443,19,35,1,4,15,34,10,4,0.6926875197374355,21.15628320088378
1610,2558,0.682,0.21,0.2291777348780989,0.5138462418243912,19,35,1,4,16,34,10,4,0.7135993273539432,17.11453522883027
1610,2559,0.718,0.166,0.19096715199720626,0.4813594674207845,19,35,1,4,17,34,10,4,0.7369396176078472,13.017926709065403
1610,2560,0.751,0.117,0.15889390930013336,0.4525824995669664,19,35,1,4,18,34,10,4,0.7600592082199912,8.855056780909973
1610,2561,0.783,0.062,0.13173985168151703,0.428037698971966,19,35,1,4,19,34,10,4,0.7854508259592067,4.527384264590563
1610,2562,0.813,0.125,0.10859603476661062,0.40764820003216584,19,35,1,4,20,34,10,4,0.8225533417353551,8.74086641457019
1610,2563,0.841,0.187,0.0888493829956718,0.3908056222182632,19,35,1,4,21,34,10,4,0.8615393200545173,12.536021076797285
1610,2564,0.867,0.25,0.07180284482417842,0.3765944812284284,19,35,1,4,22,34,10,4,0.9023242211090202,16.08494996689361
1610,2565,0.89,0.312,0.057268547817400206,0.3641441235071724,19,35,1,4,23,34,10,4,0.9431033877576731,19.318717043213347
1610,2566,0.912,0.375,0.04492286693798753,0.35292524146642434,19,35,1,4,24,34,10,4,0.9860877242923167,22.351691013498804
1610,2567,0.931,0.437,0.0337268465529309,0.3427430352476447,19,35,1,4,25,34,10,4,1.0284600138070512,25.144785630678943
1610,2568,0.947,0.5,0.023886158697702276,0.33353225282427534,19,35,1,4,26,34,10,4,1.0708916845321004,27.833296936032124
1610,2569,0.961,0.563,0.016220545373762163,0.32528107469128964,19,35,1,4,27,34,10,4,1.11377286732978,30.363822651819568
1610,2570,0.973,0.625,0.010699597006064598,0.31793325437922104,19,35,1,4,28,34,10,4,1.1564402275950105,32.71438819662009
1610,2571,0.982,0.688,0.006419525829660322,0.31130770253153406,19,35,1,4,29,34,10,4,1.1990279396244277,35.015508491659276
1610,2572,0.989,0.75,0.0033511165590419667,0.3055043588458174,19,35,1,4,30,34,10,4,1.241217547410606,37.17456134287004
1610,2573,0.994,0.813,0.0013497779520452724,0.30099746869949007,19,35,1,4,31,34,10,4,1.2841358962352856,39.279988894334714
1610,2574,0.997,0.875,4.4718220758499516e-4,0.2976853895573188,19,35,1,4,32,34,10,4,1.3265119675298824,41.271253190690025
1610,2575,0.999,0.938,8.414559006020284e-5,0.2949839022119872,19,35,1,4,33,34,10,4,1.3703448471096609,43.19623756362995
1610,2576,0.514,0.36,0.4614532660215549,0.6737471025659951,19,35,1,4,10,35,10,4,0.627531672507452,35.006979931773046
1610,2577,0.552,0.333,0.4126809648506601,0.6436990602010255,19,35,1,4,11,35,10,4,0.6446650292981619,31.100936907249196
1610,2578,0.589,0.304,0.36314245120793354,0.611604943888483,19,35,1,4,12,35,10,4,0.6628250146154715,27.299572211332805
1610,2579,0.626,0.273,0.3145993057721356,0.5783159570835756,19,35,1,4,13,35,10,4,0.6829385038200732,23.562123555694082
1610,2580,0.662,0.238,0.2688718723496336,0.5447991708754623,19,35,1,4,14,35,10,4,0.7034827645365592,19.774354301875803
1610,2581,0.697,0.2,0.22736603777217534,0.5120973827426065,19,35,1,4,15,35,10,4,0.725126885448333,16.01051704679289
1610,2582,0.731,0.158,0.19097740995096635,0.4812505478090626,19,35,1,4,16,35,10,4,0.7478803380220662,12.196421128961955
1610,2583,0.763,0.111,0.15967449822748425,0.4531758674399732,19,35,1,4,17,35,10,4,0.7710317762582811,8.277229857843238
1610,2584,0.793,0.059,0.1329202242765346,0.42851990697114817,19,35,1,4,18,35,10,4,0.7951918007625582,4.255024110334707
1610,2585,0.821,0,0.11021743686906194,0.4075235781550527,19,35,1,4,19,35,10,4,0.821,0
1610,2586,0.848,0.062,0.09094062157739524,0.38997502370828174,19,35,1,4,20,35,10,4,0.850263488572807,4.181637771885564
1610,2587,0.872,0.125,0.07431121406587904,0.3753004568249819,19,35,1,4,21,35,10,4,0.8809137301688514,8.15769704435491
1610,2588,0.895,0.188,0.060065086527105516,0.3627591687237952,19,35,1,4,22,35,10,4,0.9145321208136978,11.862844771334204
1610,2589,0.915,0.25,0.04786761882418378,0.35170155405633763,19,35,1,4,23,35,10,4,0.9485383492510991,15.281607734694827
1610,2590,0.933,0.313,0.036899395268084834,0.3417511776185429,19,35,1,4,24,35,10,4,0.9841026369236087,18.54541612726406
1610,2591,0.948,0.375,0.027136402586791286,0.3327675620738588,19,35,1,4,25,35,10,4,1.019474864820119,21.582246371325283
1610,2592,0.962,0.438,0.01901162041541582,0.3246975957922653,19,35,1,4,26,35,10,4,1.0570184482779852,24.47984314372374
1610,2593,0.973,0.5,0.013026823324944092,0.31752499480679075,19,35,1,4,27,35,10,4,1.0939510957990763,27.19748094797262
1610,2594,0.982,0.563,0.008425085347366634,0.3112338140710391,19,35,1,4,28,35,10,4,1.1319421363302984,29.826499161270114
1610,2595,0.989,0.625,0.004972605964536525,0.30581343924038196,19,35,1,4,29,35,10,4,1.1699341861831374,32.29089936182248
1610,2596,0.994,0.688,0.002471328521995053,0.3013920405872298,19,35,1,4,30,35,10,4,1.2088755105468882,34.68915836755248
1610,2597,0.997,0.75,9.780140342283694e-4,0.29803631604991543,19,35,1,4,31,35,10,4,1.2476012984924312,36.952562227091214
1610,2598,0.999,0.813,3.313820908111831e-4,0.29546138177747805,19,35,1,4,32,35,10,4,1.2880100931281555,39.13917245226401
1610,2599,1,0.876,5.402204452897852e-5,0.2937019977582134,19,35,1,4,33,35,10,4,1.3294269442131825,41.218359795425336
1610,2600,1,0.938,1.4565465633609165e-6,0.29301680525106744,19,35,1,4,34,35,10,4,1.3710740315533658,43.16763304046667
1610,2637,1,1,0,0.2928932188134524,19,35,1,4,10,19,1,7,1.4142135623730951,45
1610,2638,1,1,0,0.2928932188134524,19,35,1,4,11,19,1,7,1.4142135623730951,45
1610,2639,1,1,0,0.2928932188134524,19,35,1,4,12,19,1,7,1.4142135623730951,45
1610,2640,1,1,0,0.2928932188134524,19,35,1,4,13,19,1,7,1.4142135623730951,45
1610,2641,1,1,0,0.2928932188134524,19,35,1,4,14,19,1,7,1.4142135623730951,45
1610,2642,1,1,0,0.2928932188134524,19,35,1,4,15,19,1,7,1.4142135623730951,45
1610,2643,1,1,0,0.2928932188134524,19,35,1,4,16,19,1,7,1.4142135623730951,45
1610,2644,1,1,0,0.2928932188134524,19,35,1,4,17,19,1,7,1.4142135623730951,45
1610,2645,1,1,0,0.2928932188134524,19,35,1,4,18,19,1,7,1.4142135623730951,45
1610,2646,1,0.96,2.1281613526991094e-7,0.2929067474489325,19,35,1,4,10,20,1,7,1.3862178760930766,43.830860672092584
1610,2647,1,0.959,3.8915356481705743e-7,0.2929115296797824,19,35,1,4,11,20,1,7,1.385525532063556,43.80102906682782
1610,2648,1,0.957,8.276362788439684e-7,0.2929199535124952,19,35,1,4,12,20,1,7,1.3841419724869266,43.7412763666856
1610,2649,1,0.955,2.0012195243168662e-6,0.2929348553044996,19,35,1,4,13,20,1,7,1.3827599213167845,43.681404157171436
1610,2650,1,0.953,5.389621210882822e-6,0.2929616944207015,19,35,1,4,14,20,1,7,1.3813793830805496,43.62141221053497
1610,2651,1,0.95,1.9366398936404572e-5,0.2930235426402287,19,35,1,4,15,20,1,7,1.379311422413372,43.53119928561418
1610,2652,1,0.948,9.580674293796498e-5,0.2931874215889533,19,35,1,4,16,20,1,7,1.3779346864057092,43.470907000688804
1610,2653,0.999,0.945,7.054542817532816e-4,0.2937596730845651,19,35,1,4,17,20,1,7,1.375145810450659,43.40885972880541
1610,2654,0.992,0.942,0.0055344468730310625,0.2969142316405834,19,35,1,4,18,20,1,7,1.368001461987523,43.51905327286208
1610,2655,0.859,0.938,0.024110233092400568,0.3350468646245529,19,35,1,4,19,20,1,7,1.2718981877493183,47.517225356221836
1610,2656,1,0.92,2.225724564142162e-5,0.29317075124256686,19,35,1,4,10,21,1,7,1.3588230201170424,42.61405596961119
1610,2657,1,0.917,3.7624651685996824e-5,0.29325482565435657,19,35,1,4,11,21,1,7,1.3567936468011634,42.52082345847564
1610,2658,1,0.913,7.166299668859288e-5,0.2933939462111249,19,35,1,4,12,21,1,7,1.3540934236602733,42.39607920836728
1610,2659,1,0.909,1.4978568616175192e-4,0.2936210059422616,19,35,1,4,13,21,1,7,1.35139964481274,42.270837050918736
1610,2660,1,0.905,3.379207553299013e-4,0.2939975804600802,19,35,1,4,14,21,1,7,1.348712348872064,42.14509520315724
1610,2661,0.999,0.9,9.257235756074955e-4,0.29476449520499626,19,35,1,4,15,21,1,7,1.3446192769702507,42.015717856406624
1610,2662,0.998,0.895,0.0029671319174644495,0.29646506992695487,19,35,1,4,16,21,1,7,1.3405331029109278,41.88555111403898
1610,2663,0.99,0.889,0.010197243191900629,0.30095351437287177,19,35,1,4,17,21,1,7,1.3305716816466522,41.92319846791535
1610,2664,0.952,0.883,0.03168816285474407,0.316411396715103,19,35,1,4,18,21,1,7,1.2984579315480342,42.8465683420001
1610,2665,0.777,0.876,0.07368929312292227,0.37911016071077464,19,35,1,4,19,21,1,7,1.1709419285344598,48.427413597364456
1610,2666,0.567,0.938,0.082125633301978307,0.3927736185663253,19,35,1,4,20,21,1,7,1.0960533746127512,58.84797761916001
1610,2667,1,0.88,2.508248673920299e-4,0.29430014474787636,19,35,1,4,10,22,1,7,1.332066064427737,41.34777721969367
1610,2668,1,0.875,3.965569315287354e-4,0.2946706515739582,19,35,1,4,11,22,1,7,1.3287682265918312,41.18592516570965
1610,2669,1,0.87,6.892332601129425e-4,0.2952538570636849,19,35,1,4,12,22,1,7,1.3254810447531868,41.023269024922435
1610,2670,0.999,0.864,0.0012809639720795518,0.29615048706529534,19,35,1,4,13,22,1,7,1.320794079332581,40.85537625889571
1610,2671,0.998,0.858,0.0025159165811533546,0.29755306518837543,19,35,1,4,14,22,1,7,1.3161185356950187,40.68628914597143
1610,2672,0.996,0.85,0.0056114283641183205,0.3001706254927383,19,35,1,4,15,22,1,7,1.3093952802725386,40.477894382911984
1610,2673,0.989,0.843,0.013446719878622115,0.30533141213541126,19,35,1,4,16,22,1,7,1.2995268369679789,40.44348177942299
1610,2674,0.967,0.834,0.03262010907746393,0.31685103674302295,19,35,1,4,17,22,1,7,1.2769671099914828,40.776495667143074
1610,2675,0.9,0.824,0.07333019594341816,0.34756238794152017,19,35,1,4,18,22,1,7,1.2202360427392727,42.4758342472257
1610,2676,0.713,0.813,0.13938362181356734,0.42565498977461513,19,35,1,4,19,22,1,7,1.081359329732721,48.749277547111646
1610,2677,0.53,0.875,0.1645427918968111,0.4494785750785468,19,35,1,4,20,22,1,7,1.0229980449639187,58.79611168233822
1610,2678,0.488,0.938,0.1176472141097491,0.41805089587150246,19,35,1,4,21,22,1,7,1.0573495164797684,62.51402998772465
1610,2679,1,0.84,0.0011716280526253842,0.29697201837061116,19,35,1,4,10,23,1,7,1.3059862173851606,40.0302592718897
1610,2680,0.999,0.834,0.0017511757464003797,0.2979180962356698,19,35,1,4,11,23,1,7,1.3013673578202274,39.85630524032165
1610,2681,0.999,0.826,0.002824653415938627,0.2993491960463366,19,35,1,4,12,23,1,7,1.2962549903471923,39.58485553044823
1610,2682,0.997,0.818,0.004786295518589112,0.3014535666577488,19,35,1,4,13,23,1,7,1.289625139333132,39.36755589406566
1610,2683,0.994,0.81,0.008422384950733997,0.3046094938119457,19,35,1,4,14,23,1,7,1.2822386673314763,39.1762239509841
1610,2684,0.988,0.8,0.01623208278176469,0.3101375649311038,19,35,1,4,15,23,1,7,1.271276523813761,38.99766642858374
1610,2685,0.972,0.79,0.03268035920407264,0.3201872954418177,19,35,1,4,16,23,1,7,1.2525509969657922,39.10273438449529
1610,2686,0.935,0.778,0.06580560976241845,0.3402752598888482,19,35,1,4,17,23,1,7,1.2163506895628415,39.76335315710663
1610,2687,0.848,0.765,0.12639284259439487,0.38562357559186033,19,35,1,4,18,23,1,7,1.1420722393964402,42.05433410723485
1610,2688,0.658,0.75,0.20900887841357974,0.47408626792318864,19,35,1,4,19,23,1,7,0.9977294222383141,48.738444017083594
1610,2689,0.496,0.813,0.2533711030716753,0.5049228131521777,19,35,1,4,20,23,1,7,0.9523576009041982,58.61321370487241
1610,2690,0.463,0.875,0.22477797317437043,0.48578316004234734,19,35,1,4,21,23,1,7,0.9899464631988945,62.11476463309404
1610,2691,0.478,0.938,0.12986563053815536,0.4269351349778795,19,35,1,4,22,23,1,7,1.0527715801635222,62.996841800202574
1610,2692,0.999,0.8,0.003450204733588369,0.3016714774428838,19,35,1,4,10,24,1,7,1.2798441311347253,38.687774465176346
1610,2693,0.998,0.792,0.004921267799884332,0.30348678240238736,19,35,1,4,11,24,1,7,1.2740753509898854,38.43506499089726
1610,2694,0.996,0.783,0.007461217209576376,0.3061471802327308,19,35,1,4,12,24,1,7,1.2669273854487477,38.17246685287294
1610,2695,0.993,0.773,0.011737901108859528,0.3099307418032011,19,35,1,4,13,24,1,7,1.2584029561313022,37.89894341253113
1610,2696,0.987,0.762,0.01906049063687032,0.3154320222946936,19,35,1,4,14,24,1,7,1.246921408910762,37.669449978657994
1610,2697,0.975,0.75,0.03320894279045328,0.32462288410755213,19,35,1,4,15,24,1,7,1.2300914600142545,37.568592028827496
1610,2698,0.949,0.737,0.05968071263174257,0.3403776017028046,19,35,1,4,16,24,1,7,1.2015698065447549,37.833161921654785
1610,2699,0.898,0.722,0.1071377497642988,0.36948040000485205,19,35,1,4,17,24,1,7,1.1522534443428667,38.799591662205216
1610,2700,0.797,0.706,0.18561903482978226,0.42781444212754993,19,35,1,4,18,24,1,7,1.0647276647105588,41.53522361142156
1610,2701,0.61,0.688,0.28237783604636024,0.5240060455723292,19,35,1,4,19,24,1,7,0.9194802879888181,48.43890832290292
1610,2702,0.463,0.75,0.3432729898966935,0.5591583493807821,19,35,1,4,20,24,1,7,0.8814017245274711,58.311583595355955
1610,2703,0.439,0.813,0.3200252672638587,0.5415830027450158,19,35,1,4,21,24,1,7,0.923953462031503,61.63204499254329
1610,2704,0.457,0.875,0.22835323276099473,0.4868672819528498,19,35,1,4,22,24,1,7,0.987154496520175,62.42257779671018
1610,2705,0.482,0.938,0.10071522654214793,0.4076418535017967,19,35,1,4,23,24,1,7,1.0545937606490945,62.80321434455642
1610,2706,0.997,0.76,0.007694905163639576,0.3085683113552413,19,35,1,4,10,25,1,7,1.253638305094416,37.31779745546713
1610,2707,0.995,0.75,0.010547007965726052,0.31148983620177884,19,35,1,4,11,25,1,7,1.2460036115517483,37.00784869431463
1610,2708,0.992,0.739,0.015206687437206101,0.3156643793174809,19,35,1,4,12,25,1,7,1.2370064672425929,36.68462495445342
1610,2709,0.986,0.727,0.022622192358493387,0.32145243150308234,19,35,1,4,13,25,1,7,1.2250408156465644,36.40218738580551
1610,2710,0.976,0.715,0.03457704657978855,0.32967357994282986,19,35,1,4,14,25,1,7,1.2098764399722808,36.225832693034505
1610,2711,0.956,0.7,0.055961122608809255,0.3429141813393284,19,35,1,4,15,25,1,7,1.1848780527969955,36.212243712437186
1610,2712,0.922,0.684,0.09288642605478215,0.3646146767954722,19,35,1,4,16,25,1,7,1.1480156793354348,36.5704450788274
1610,2713,0.859,0.667,0.15445295891562905,0.4023518824956668,19,35,1,4,17,25,1,7,1.0875522975930858,37.8287773873143
1610,2714,0.749,0.647,0.24736847810702456,0.4714694476402389,19,35,1,4,18,25,1,7,0.9897524943136037,40.82105820104044
1610,2715,0.565,0.625,0.35724782781360676,0.5730262645851192,19,35,1,4,19,25,1,7,0.8425259639916148,47.886418543864615
1610,2716,0.433,0.688,0.42517398830166675,0.6088952580354505,19,35,1,4,20,25,1,7,0.8129163548606954,57.8153112476138
1610,2717,0.416,0.75,0.403169705859195,0.5873338167488662,19,35,1,4,21,25,1,7,0.8576456144585595,60.98432847444143
1610,2718,0.435,0.813,0.3022966063404089,0.5275655665683503,19,35,1,4,22,25,1,7,0.9220596509987843,61.85075321407228
1610,2719,0.463,0.875,0.16324095495932256,0.4482483305821835,19,35,1,4,23,25,1,7,0.9899464631988945,62.11476463309404
1610,2720,0.507,0.938,0.05185369322565492,0.3711083732390703,19,35,1,4,24,25,1,7,1.0662518464227857,61.608258190433084
1610,2721,0.994,0.72,0.014292810978506876,0.3175103885687882,19,35,1,4,10,26,1,7,1.227369545002645,35.91754574051073
1610,2722,0.991,0.708,0.018960910992049773,0.3216846851263324,19,35,1,4,11,26,1,7,1.2179265166667486,35.54314651196475
1610,2723,0.985,0.696,0.02628076210404917,0.3275282226785645,19,35,1,4,12,26,1,7,1.2060849887134821,35.24498864503698
1610,2724,0.976,0.682,0.0374044011707898,0.335471766133116,19,35,1,4,13,26,1,7,1.1906720791217034,34.944713937520866
1610,2725,0.961,0.667,0.05452301889168032,0.34654902999559556,19,35,1,4,14,26,1,7,1.1697905795483223,34.763303755868506
1610,2726,0.935,0.65,0.08350683946175996,0.36387071781214797,19,35,1,4,15,26,1,7,1.1387383369325896,34.80653091290825
1610,2727,0.891,0.632,0.13065876559259226,0.3912554231749066,19,35,1,4,16,26,1,7,1.0923850053895834,35.34866398739284
1610,2728,0.819,0.611,0.20503680676665537,0.43661488023757944,19,35,1,4,17,26,1,7,1.0218033078826865,36.7241071729248
1610,2729,0.703,0.588,0.30947123262356657,0.5139994314850348,19,35,1,4,18,26,1,7,0.916489498030392,39.90962869421257
1610,2730,0.524,0.563,0.42917813046065756,0.618528105835914,19,35,1,4,19,26,1,7,0.7691196265861378,47.054808944834555
1610,2731,0.403,0.625,0.49828624655069376,0.6517750981969157,19,35,1,4,20,26,1,7,0.743662557884959,57.18607714235413
1610,2732,0.393,0.688,0.4702115126882954,0.6227448238110768,19,35,1,4,21,26,1,7,0.7923338942642805,60.26408798593897
1610,2733,0.413,0.75,0.35752725931659723,0.555243327280067,19,35,1,4,22,26,1,7,0.8561944872515823,61.159888458064394
1610,2734,0.443,0.813,0.20123829815807937,0.4715381660221445,19,35,1,4,23,26,1,7,0.9258606806642131,61.41423466037103
1610,2735,0.492,0.876,0.0870841569489178,0.39909447994650327,19,35,1,4,24,26,1,7,1.004708913068855,60.67952412241925
1610,2736,0.558,0.938,0.034886778089087356,0.3548184952025796,19,35,1,4,25,26,1,7,1.0914247569118083,59.25231703635246
1610,2737,0.989,0.68,0.023390941768535622,0.3281386776145997,19,35,1,4,10,27,1,7,1.2002170637013958,34.51098161191651
1610,2738,0.984,0.667,0.030213408392920083,0.3336203351790692,19,35,1,4,11,27,1,7,1.188757754969447,34.131206901273316
1610,2739,0.976,0.652,0.040539837275489043,0.34116569837171573,19,35,1,4,12,27,1,7,1.1737461395037685,33.7442223109052
1610,2740,0.963,0.636,0.05566430710546777,0.3512620506836578,19,35,1,4,13,27,1,7,1.1540645562532452,33.44221422192766
1610,2741,0.943,0.619,0.07817658926524629,0.36513199013690834,19,35,1,4,14,27,1,7,1.1280115247638207,33.2815232806377
1610,2742,0.91,0.6,0.11460242462200898,0.3862942026773838,19,35,1,4,15,27,1,7,1.09,33.39848846798724
1610,2743,0.858,0.579,0.17134159983375208,0.41876230604781584,19,35,1,4,16,27,1,7,1.035086952869178,34.01246802727315
1610,2744,0.779,0.556,0.25646950407133495,0.4704115213073151,19,35,1,4,17,27,1,7,0.9570668733165933,35.51679994296046
1610,2745,0.659,0.529,0.36992830507279595,0.5536608875275288,19,35,1,4,18,27,1,7,0.8450573945005155,38.755107004800315
1610,2746,0.485,0.5,0.49474777555215965,0.6591977770091931,19,35,1,4,19,27,1,7,0.6965809357138624,45.87245712290204
1610,2747,0.375,0.563,0.561720881546342,0.6875511266554957,19,35,1,4,20,27,1,7,0.6764569461540032,56.33342397721929
1610,2748,0.37,0.625,0.5233985171693023,0.6497596807572099,19,35,1,4,21,27,1,7,0.7263091628225545,59.37446728130534
1610,2749,0.392,0.688,0.3958678280257104,0.5750072780830706,19,35,1,4,22,27,1,7,0.7918383673452556,60.32691788792218
1610,2750,0.425,0.75,0.2318712488339304,0.48866185716323074,19,35,1,4,23,27,1,7,0.8620469824783334,60.4612177404419
1610,2751,0.479,0.813,0.11610493805978817,0.41907733969601635,19,35,1,4,24,27,1,7,0.9436153877507508,59.49443331854298
1610,2752,0.55,0.875,0.06403926211476318,0.38078485847825727,19,35,1,4,25,27,1,7,1.0335013304297194,57.84770485871766
1610,2753,0.63,0.938,0.02740154502507819,0.3475268558204543,19,35,1,4,26,27,1,7,1.12993097134294,56.1130405359483
1610,2754,0.983,0.64,0.03491293218074509,0.34003165738297736,19,35,1,4,10,28,1,7,1.1729829495776996,33.066870098464626
1610,2755,0.976,0.625,0.0440904554385374,0.3468033741931503,19,35,1,4,11,28,1,7,1.1589654869753456,32.634233245723415
1610,2756,0.965,0.609,0.05757782834732417,0.35599419908223795,19,35,1,4,12,28,1,7,1.1410985934615816,32.25553504520805
1610,2757,0.948,0.591,0.07678655693862502,0.3681348020011812,19,35,1,4,13,28,1,7,1.117132489904398,31.9401446601162
1610,2758,0.922,0.572,0.10459059527929271,0.38460463401185596,19,35,1,4,14,28,1,7,1.0850198154872563,31.815069673584727
1610,2759,0.883,0.55,0.14798003531081516,0.4092135729230785,19,35,1,4,15,28,1,7,1.0402831345359782,31.917810758169562
1610,2760,0.825,0.526,0.21324234063039282,0.4460213871834614,19,35,1,4,16,28,1,7,0.9784176000052329,32.5205968074624
1610,2761,0.739,0.5,0.3067807874342965,0.5026247033882628,19,35,1,4,17,28,1,7,0.8922561291467825,34.08188832163554
1610,2762,0.618,0.47,0.4267491786189731,0.5898128870403133,19,35,1,4,18,28,1,7,0.7764174135089965,37.25363489296323
1610,2763,0.448,0.438,0.5532395693105547,0.6951715681323354,19,35,1,4,19,28,1,7,0.6265365113064042,44.353348230871084
1610,2764,0.348,0.5,0.6156263786664278,0.7175413507758195,19,35,1,4,20,28,1,7,0.609183059514954,55.16208319400076
1610,2765,0.348,0.563,0.565493553579189,0.6711281460830769,19,35,1,4,21,28,1,7,0.6618708333202181,58.27907460286795
1610,2766,0.371,0.625,0.42456137410131234,0.5905487354407121,19,35,1,4,22,28,1,7,0.7268190971624232,59.30663211434269
1610,2767,0.408,0.688,0.2581667181375422,0.5028697397232906,19,35,1,4,23,28,1,7,0.7998799909986497,59.331073350285074
1610,2768,0.467,0.75,0.14184277576722948,0.4350069189922081,19,35,1,4,24,28,1,7,0.8835094792926672,58.090854363462036
1610,2769,0.544,0.813,0.08541959196781435,0.39816625671272177,19,35,1,4,25,28,1,7,0.9782152114948939,56.2124631387618
1610,2770,0.629,0.876,0.04697416953543443,0.36718426516349567,19,35,1,4,26,28,1,7,1.0784326590010151,54.32027195160937
1610,2771,0.714,0.938,0.0185045192843043,0.33695770461824825,19,35,1,4,27,28,1,7,1.1788299283611694,52.72182580013098
1610,2772,0.975,0.6,0.0486022196465129,0.35278863463878896,19,35,1,4,10,29,1,7,1.1448253141855311,31.6075022462489
1610,2773,0.965,0.583,0.060205717293651206,0.36078522052610396,19,35,1,4,11,29,1,7,1.1274369161953142,31.138066245328005
1610,2774,0.951,0.565,0.076851061546507,0.3715101327107325,19,35,1,4,12,29,1,7,1.106176296979826,30.715032229917682
1610,2775,0.93,0.545,0.10004172639537867,0.38552609668054416,19,35,1,4,13,29,1,7,1.0779262497963393,30.37121987377356
1610,2776,0.899,0.524,0.13280684184904967,0.4043367292318115,19,35,1,4,14,29,1,7,1.040565711524265,30.23661986371317
1610,2777,0.854,0.5,0.18245972556466405,0.4319414633607508,19,35,1,4,15,29,1,7,0.989603961188515,30.348123668718653
1610,2778,0.79,0.474,0.25491156220825706,0.47234289951685227,19,35,1,4,16,29,1,7,0.9212903993855576,30.96375653207352
1610,2779,0.701,0.444,0.354770651345651,0.5327400823206792,19,35,1,4,17,29,1,7,0.8297812964872129,32.349387970340395
1610,2780,0.577,0.412,0.478950627581997,0.6225006828276154,19,35,1,4,18,29,1,7,0.708994358228611,35.52828350127105
1610,2781,0.413,0.375,0.6050927696457742,0.72719281669039,19,35,1,4,19,29,1,7,0.5578476494527874,42.23914434639848
1610,2782,0.321,0.437,0.6609262023244729,0.7431960131275377,19,35,1,4,20,29,1,7,0.542226889779546,53.700716482267644
1610,2783,0.326,0.5,0.5988574488203002,0.6887165975080932,19,35,1,4,21,29,1,7,0.596888599321515,56.895649592920066
1610,2784,0.35,0.563,0.44941330554673786,0.6034189236178196,19,35,1,4,22,29,1,7,0.6629245809290827,58.13203844920681
1610,2785,0.392,0.625,0.2821935082258119,0.5147219887147311,19,35,1,4,23,29,1,7,0.7377594458900544,57.904063192795185
1610,2786,0.458,0.688,0.1616480675608052,0.44740390826566245,19,35,1,4,24,29,1,7,0.8265034785165758,56.34838601154404
1610,2787,0.541,0.75,0.10256666920528024,0.41069055281985045,19,35,1,4,25,29,1,7,0.9247599688567839,54.195832131967215
1610,2788,0.631,0.813,0.06192371647081851,0.38062693082908505,19,35,1,4,26,29,1,7,1.0291404180188435,52.18361095555473
1610,2789,0.719,0.875,0.0332120331227419,0.3536063576155275,19,35,1,4,27,29,1,7,1.1325131345816701,50.589565950242296
1610,2790,0.798,0.938,0.014461283715237694,0.33136964140497893,19,35,1,4,28,29,1,7,1.231522634789958,49.610649318660606
1610,2791,0.966,0.56,0.06409408516018589,0.36606548768488756,19,35,1,4,10,30,1,7,1.1165822853690632,30.10130456559971
1610,2792,0.953,0.542,0.078086431677307,0.3751942532350432,19,35,1,4,11,30,1,7,1.0963452923235453,29.628202644878648
1610,2793,0.935,0.522,0.09778731802639617,0.38731389755681767,19,35,1,4,12,30,1,7,1.0708449934514332,29.17413253599968
1610,2794,0.91,0.5,0.1246879299356225,0.40301013115532514,19,35,1,4,13,30,1,7,1.038315944209661,28.786618310014042
1610,2795,0.874,0.477,0.1619602470220416,0.4238811793880123,19,35,1,4,14,30,1,7,0.9956932258482027,28.624237105467163
1610,2796,0.825,0.45,0.21706479549735624,0.45403567410798906,19,35,1,4,15,30,1,7,0.9397473064606251,28.61045966596522
1610,2797,0.756,0.421,0.2952817100857774,0.49735848405230365,19,35,1,4,16,30,1,7,0.8653190163171037,29.11248510033443
1610,2798,0.662,0.389,0.39973503895223117,0.5606232350811262,19,35,1,4,17,30,1,7,0.7678313616934386,30.439061135253073
1610,2799,0.539,0.353,0.5263497572881772,0.652072504589739,19,35,1,4,18,30,1,7,0.6443058280040621,33.221451281266006
1610,2800,0.378,0.313,0.6510608912375611,0.7560983332221645,19,35,1,4,19,30,1,7,0.4907677658526485,39.62619537928016
1610,2801,0.295,0.375,0.699299534543835,0.7656271393212164,19,35,1,4,20,30,1,7,0.47712681752339176,51.80905017961341
1610,2802,0.304,0.437,0.6258308810262363,0.7035893474473464,19,35,1,4,21,30,1,7,0.5323391775926322,55.175510843043206
1610,2803,0.33,0.5,0.47130098007171717,0.614263491319084,19,35,1,4,22,30,1,7,0.5990826320300063,56.5751888173962
1610,2804,0.378,0.563,0.3021672073523901,0.5245081018085549,19,35,1,4,23,30,1,7,0.6781246198155616,56.12246228981667
1610,2805,0.45,0.625,0.1778165742874015,0.4572008847493465,19,35,1,4,24,30,1,7,0.7701460900374681,54.24611274556325
1610,2806,0.54,0.688,0.11675043052616152,0.4205395282658727,19,35,1,4,25,30,1,7,0.8746107705716869,51.87220869363395
1610,2807,0.635,0.75,0.07533317841388087,0.39105343511672563,19,35,1,4,26,30,1,7,0.9827130812195388,49.74652314342764
1610,2808,0.727,0.813,0.04467945384954053,0.3655215922946754,19,35,1,4,27,30,1,7,1.090641095869764,48.19631455572187
1610,2809,0.807,0.876,0.02379721879711283,0.34458601167450675,19,35,1,4,28,30,1,7,1.191060451866319,47.34771003179194
1610,2810,0.872,0.938,0.008011450336441572,0.3209594280971081,19,35,1,4,29,30,1,7,1.2807138634371067,47.08831313584542
1610,2811,0.955,0.52,0.08098325760633851,0.379584175258343,19,35,1,4,10,31,1,7,1.0873936729630167,28.568407725249514
1610,2812,0.939,0.5,0.09727547281354343,0.38973995528807925,19,35,1,4,11,31,1,7,1.0638237635999677,28.03446928292218
1610,2813,0.918,0.478,0.11982008044363002,0.40310577479682097,19,35,1,4,12,31,1,7,1.0349917874070305,27.505865324680467
1610,2814,0.888,0.454,0.15008514000242945,0.42028351718310386,19,35,1,4,13,31,1,7,0.997326426001036,27.078900893432124
1610,2815,0.848,0.429,0.19133468782626017,0.44294129986515285,19,35,1,4,14,31,1,7,0.9503394130519895,26.834676384485416
1610,2816,0.794,0.4,0.25106424417438533,0.47523785140983055,19,35,1,4,15,31,1,7,0.8890646770623609,26.73797553989087
1610,2817,0.721,0.368,0.3337567460980072,0.520913007819346,19,35,1,4,16,31,1,7,0.8094844038028157,27.03986720932058
1610,2818,0.625,0.333,0.44143355143835117,0.5863432968600808,19,35,1,4,17,31,1,7,0.7081765316642454,28.048691032447856
1610,2819,0.501,0.294,0.5691784390483747,0.6789577942471694,19,35,1,4,18,31,1,7,0.5808932776336803,30.405533651000844
1610,2820,0.345,0.25,0.6920600474238243,0.7826272749045879,19,35,1,4,19,31,1,7,0.4260575078554537,35.92850242282284
1610,2821,0.27,0.312,0.7323375490812275,0.7855843505378299,19,35,1,4,20,31,1,7,0.41260634992690065,49.12759170251173
1610,2822,0.283,0.375,0.6485898707273741,0.7163260350709344,19,35,1,4,21,31,1,7,0.4698020859894089,52.959361924448594
1610,2823,0.312,0.437,0.4910642627365648,0.6233854120987014,19,35,1,4,22,31,1,7,0.5369478559413381,54.47472657663742
1610,2824,0.366,0.5,0.31837950598914955,0.5324748146339986,19,35,1,4,23,31,1,7,0.6196418320287939,53.795872279158445
1610,2825,0.446,0.563,0.19143678501973138,0.4649940103119925,19,35,1,4,24,31,1,7,0.7182513487630914,51.61427253185639
1610,2826,0.542,0.625,0.12919758341769005,0.4283271435446674,19,35,1,4,25,31,1,7,0.8272780669158345,49.06817089429727
1610,2827,0.642,0.688,0.08515744879191456,0.39888226865865894,19,35,1,4,26,31,1,7,0.9410143463305966,46.98086893726567
1610,2828,0.737,0.75,0.05200418970449272,0.3733713922163041,19,35,1,4,27,31,1,7,1.0515079647820078,45.500891834787744
1610,2829,0.818,0.813,0.02994953096977948,0.3522829537802663,19,35,1,4,28,31,1,7,1.153296579375834,44.82435438373114
1610,2830,0.882,0.875,0.013310593022041073,0.33049357967519843,19,35,1,4,29,31,1,7,1.2423964745603555,44.77173116984658
1610,2831,0.929,0.938,0.004718681828092541,0.3142780710568288,19,35,1,4,30,31,1,7,1.3201836993388458,45.2761960478721
1610,2832,0.942,0.48,0.09888620978632257,0.3931274587366633,19,35,1,4,10,32,1,7,1.05724358593467,27.001305026978446
1610,2833,0.924,0.458,0.1173195053736259,0.4042024070563106,19,35,1,4,11,32,1,7,1.0312807571170908,26.36628084002651
1610,2834,0.899,0.435,0.14244394762345336,0.41866807897421154,19,35,1,4,12,32,1,7,0.9987121707479087,25.82099197418928
1610,2835,0.866,0.409,0.17569804918602783,0.43713766302124313,19,35,1,4,13,32,1,7,0.9577249083113585,25.280727600469973
1610,2836,0.821,0.381,0.2203921214945357,0.46132948837878074,19,35,1,4,14,32,1,7,0.9050977847724521,24.89451581448338
1610,2837,0.763,0.35,0.28392649376142765,0.4954112252934786,19,35,1,4,15,32,1,7,0.8394456504146055,24.64166199955834
1610,2838,0.686,0.316,0.37003239674227995,0.542972633366612,19,35,1,4,16,32,1,7,0.7552827285195922,24.73275420370459
1610,2839,0.588,0.278,0.4798693359355988,0.6100492373531071,19,35,1,4,17,32,1,7,0.6504060270323454,25.304274691911047
1610,2840,0.465,0.235,0.6078697189093236,0.7035452000598258,19,35,1,4,18,32,1,7,0.5210086371644908,26.81095430034869
1610,2841,0.313,0.188,0.7289239990958931,0.8073462094283397,19,35,1,4,19,32,1,7,0.36512052804519224,30.990668591866623
1610,2842,0.245,0.25,0.7612112968832953,0.8034827123974954,19,35,1,4,20,32,1,7,0.35003571246374277,45.57872556560776
1610,2843,0.261,0.312,0.6689272610126857,0.7271819880189341,19,35,1,4,21,32,1,7,0.4067738929675797,50.08622170963463
1610,2844,0.294,0.375,0.5081832867759254,0.6308847427293949,19,35,1,4,22,32,1,7,0.4765091814435478,51.90355391972503
1610,2845,0.356,0.437,0.3318077898630605,0.5387390306089269,19,35,1,4,23,32,1,7,0.5636532622100222,50.83217930522333
1610,2846,0.445,0.5,0.202931118041913,0.47100994217631875,19,35,1,4,24,32,1,7,0.6693466964137494,48.33091738045005
1610,2847,0.548,0.563,0.13802107362616745,0.43419674739603165,19,35,1,4,25,32,1,7,0.785667232357313,45.773523381803976
1610,2848,0.653,0.625,0.0916538295022552,0.40441346772380693,19,35,1,4,26,32,1,7,0.9038993306779246,43.74489420389253
1610,2849,0.749,0.688,0.057283206035134815,0.37860083058401206,19,35,1,4,27,32,1,7,1.0170275315840767,42.569279399177375
1610,2850,0.83,0.75,0.034229874069234056,0.3574545552088956,19,35,1,4,28,32,1,7,1.118659912573969,42.101423200718294
1610,2851,0.893,0.813,0.01673384408553147,0.3363276926451768,19,35,1,4,29,32,1,7,1.207649783670746,42.31517761543402
1610,2852,0.939,0.875,0.0075464751952981635,0.32114455392225316,19,35,1,4,30,32,1,7,1.2834897740145808,42.97937731948659
1610,2853,0.968,0.938,0.0023466969619263534,0.30800898911096053,19,35,1,4,31,32,1,7,1.3479124600655636,44.098252118712956
1610,2854,0.928,0.44,0.11745144862190204,0.40653024565415774,19,35,1,4,10,33,1,7,1.0270267766713779,25.367404462469594
1610,2855,0.906,0.416,0.13783973866916388,0.4184197756987812,19,35,1,4,11,33,1,7,0.9969413222451962,24.66274882379469
1610,2856,0.878,0.391,0.16526346542278547,0.43384754456352315,19,35,1,4,12,33,1,7,0.9611269427084022,24.00485854815562
1610,2857,0.841,0.363,0.2011323763549432,0.45343468717501534,19,35,1,4,13,33,1,7,0.9159967248849746,23.346429066178953
1610,2858,0.793,0.333,0.2487503232480709,0.47893451522281816,19,35,1,4,14,33,1,7,0.8600802288158937,22.77872056146807
1610,2859,0.731,0.3,0.31535066698870307,0.5144962002727491,19,35,1,4,15,33,1,7,0.7901651726063355,22.31308557119305
1610,2860,0.652,0.263,0.4039686899246181,0.5635672786951247,19,35,1,4,16,33,1,7,0.7030455177298267,21.967878530516074
1610,2861,0.552,0.222,0.5151934549228554,0.6319071545164059,19,35,1,4,17,33,1,7,0.5949689067505965,21.908704828181914
1610,2862,0.429,0.176,0.6429527485552223,0.7261459566682389,19,35,1,4,18,33,1,7,0.4636992559838758,22.306205054907643
1610,2863,0.281,0.125,0.7624053249522925,0.8306683791551743,19,35,1,4,19,33,1,7,0.30754837017939146,23.9814047148989
1610,2864,0.221,0.187,0.7867559016131273,0.8194934489009131,19,35,1,4,20,33,1,7,0.2894995682207488,40.23635830927382
1610,2865,0.24,0.25,0.6872142542869988,0.7362442566719134,19,35,1,4,21,33,1,7,0.34655446902326914,46.16913932790742
1610,2866,0.278,0.312,0.5221410297235365,0.6367943488981935,19,35,1,4,22,33,1,7,0.41788515168644125,48.29814299368441
1610,2867,0.349,0.375,0.34287866125024236,0.5433967958063315,19,35,1,4,23,33,1,7,0.512275316602313,47.05669940991815
1610,2868,0.447,0.437,0.2108204556045553,0.4754230476638268,19,35,1,4,24,33,1,7,0.6251223880169386,44.351885342474944
1610,2869,0.557,0.5,0.14398123599833101,0.43837274663903103,19,35,1,4,25,33,1,7,0.7484978289881675,41.91324579076327
1610,2870,0.666,0.563,0.0962096653152783,0.4081443697747752,19,35,1,4,26,33,1,7,0.8720808448762075,40.20935201832441
1610,2871,0.764,0.625,0.060743910188061245,0.38208669946264917,19,35,1,4,27,33,1,7,0.9870769980097804,39.28532276674043
1610,2872,0.844,0.688,0.03685319826155076,0.360854696623676,19,35,1,4,28,33,1,7,1.0888893424035335,39.185744412520634
1610,2873,0.905,0.75,0.018531931365464382,0.33984787671284866,19,35,1,4,29,33,1,7,1.175382916329823,39.64953722006908
1610,2874,0.948,0.813,0.008778203177887578,0.32471581468449795,19,35,1,4,30,33,1,7,1.2488686880533117,40.61622319586859
1610,2875,0.975,0.875,0.0031980244565740223,0.31166082295384967,19,35,1,4,31,33,1,7,1.3100572506573902,41.90594194108289
1610,2876,0.99,0.938,6.57852826620009e-4,0.30082030695839235,19,35,1,4,32,33,1,7,1.363797638947949,43.45505268817131
1610,2877,0.912,0.4,0.1363747066211013,0.41966938586144487,19,35,1,4,10,34,1,7,0.9958634444541079,23.682087724538448
1610,2878,0.888,0.375,0.1585141221974331,0.43227529820555444,19,35,1,4,11,34,1,7,0.9639341263800136,22.89420223155483
1610,2879,0.857,0.348,0.18796276293243874,0.4485387703370597,19,35,1,4,12,34,1,7,0.9249610802622995,22.100481306840866
1610,2880,0.816,0.318,0.2260827250667352,0.4690865748677314,19,35,1,4,13,34,1,7,0.8757739434351766,21.291155219726228
1610,2881,0.765,0.286,0.2761587429454445,0.49569530890028535,19,35,1,4,14,34,1,7,0.8167135360700225,20.498568819174007
1610,2882,0.699,0.25,0.3451889127017129,0.5324778493862745,19,35,1,4,15,34,1,7,0.7423617716450652,19.679782637064182
1610,2883,0.617,0.21,0.43560467574998085,0.5827532329743672,19,35,1,4,16,34,1,7,0.6517583908167197,18.796343900922807
1610,2884,0.517,0.166,0.547638369026427,0.6520667082444828,19,35,1,4,17,34,1,7,0.5429963167462557,17.800950349199997
1610,2885,0.395,0.117,0.6749264992438576,0.7469829420429295,19,35,1,4,18,34,1,7,0.4119635906242201,16.49942251619419
1610,2886,0.25,0.062,0.793155620420236,0.8528744983750516,19,35,1,4,19,34,1,7,0.25757329054077016,13.92834193915369
1610,2887,0.198,0.125,0.8094006877415396,0.8335975524450148,19,35,1,4,20,34,1,7,0.2341559309520047,32.26475572111064
1610,2888,0.219,0.187,0.703556081930718,0.7435096153047329,19,35,1,4,21,34,1,7,0.28797569341873286,40.49339311623168
1610,2889,0.265,0.25,0.533430915209629,0.6411242094880045,19,35,1,4,22,34,1,7,0.36431442463893743,43.33166255170669
1610,2890,0.347,0.312,0.35060544630911605,0.546535206941967,19,35,1,4,23,34,1,7,0.4666401182924588,41.959833183064866
1610,2891,0.454,0.375,0.21586471408231556,0.4783775554122772,19,35,1,4,24,34,1,7,0.5888471788163717,39.55640641156003
1610,2892,0.571,0.437,0.14779040781779595,0.4410572826131093,19,35,1,4,25,34,1,7,0.7190340742969,37.42769706938989
1610,2893,0.682,0.5,0.0987855129555747,0.41039547299106194,19,35,1,4,26,34,1,7,0.8456500458227387,36.246552832269415
1610,2894,0.78,0.563,0.0623689177227954,0.38414479999178053,19,35,1,4,27,34,1,7,0.9619610179212046,35.821557881099025
1610,2895,0.859,0.625,0.03784118208395448,0.36270237694062024,19,35,1,4,28,34,1,7,1.0623116303608842,36.03926952574098
1610,2896,0.917,0.688,0.01914477496582323,0.3415756699548562,19,35,1,4,29,34,1,7,1.1464000174459175,36.8798934202564
1610,2897,0.956,0.75,0.009193125021500714,0.32622464331528633,19,35,1,4,30,34,1,7,1.2150868281731968,38.11485197772375
1610,2898,0.98,0.813,0.00348552439087646,0.31307467274259604,19,35,1,4,31,34,1,7,1.2733298865572895,39.678823471036445
1610,2899,0.993,0.875,8.426820703885118e-4,0.3026212728641289,19,35,1,4,32,34,1,7,1.3235082168237566,41.38547608222573
1610,2900,0.998,0.938,1.2699931124082742e-4,0.29657970286891333,19,35,1,4,33,34,1,7,1.3696160045793857,43.22487253778803
1610,2901,0.895,0.36,0.15541113683283303,0.4324543048645111,19,35,1,4,10,35,1,7,0.9646890690787369,21.911699589809604
1610,2902,0.868,0.333,0.1791021613777174,0.4456860512186964,19,35,1,4,11,35,1,7,0.9296843550366974,20.988839048972576
1610,2903,0.834,0.304,0.21031175703477534,0.4626707783900694,19,35,1,4,12,35,1,7,0.8876778694999667,20.027222609053304
1610,2904,0.79,0.273,0.2503534539706276,0.48403922150274514,19,35,1,4,13,35,1,7,0.8358402957503306,19.06359465336406
1610,2905,0.735,0.238,0.30246912204614573,0.5115821334251816,19,35,1,4,14,35,1,7,0.7725729738995534,17.942447089158676
1610,2906,0.667,0.2,0.3733854681493848,0.5493645250630705,19,35,1,4,15,35,1,7,0.6963397159433031,16.691363108938365
1610,2907,0.583,0.158,0.4650565766382022,0.6005916579879205,19,35,1,4,16,35,1,7,0.6040306283625028,15.163605266336289
1610,2908,0.482,0.111,0.5774676918692567,0.670646747002031,19,35,1,4,17,35,1,7,0.4946160126805439,12.968569310980351
1610,2909,0.361,0.059,0.7042256746776235,0.7661929504478824,19,35,1,4,18,35,1,7,0.3657895569859807,9.282066417747396
1610,2910,0.22,0,0.8216855526436139,0.874129227386995,19,35,1,4,19,35,1,7,0.22,0
1610,2911,0.175,0.062,0.8297134996755609,0.8456278500624882,19,35,1,4,20,35,1,7,0.18565828826098768,19.508508986808124
1610,2912,0.199,0.125,0.7176107416428955,0.748936456188684,19,35,1,4,21,35,1,7,0.2350021276499428,32.13460215794979
1610,2913,0.255,0.188,0.5418809266865585,0.6438860071531205,19,35,1,4,22,35,1,7,0.3168106690122667,36.399677689353766
1610,2914,0.349,0.25,0.354681586830657,0.5482409335388648,19,35,1,4,23,35,1,7,0.42930292335366177,35.615251234302946
1610,2915,0.467,0.313,0.2183639220846494,0.4800005505164746,19,35,1,4,24,35,1,7,0.5621903592200778,33.831398713217276
1610,2916,0.589,0.375,0.1492432342974187,0.4424215604343732,19,35,1,4,25,35,1,7,0.6982449426956131,32.48377923693622
1610,2917,0.702,0.438,0.09944008940848914,0.4113846914905843,19,35,1,4,26,35,1,7,0.8274345895598032,31.961343416977037
1610,2918,0.798,0.5,0.06273286435266046,0.38497939979812856,19,35,1,4,27,35,1,7,0.941702713174386,32.06987640407047
1610,2919,0.873,0.563,0.038049408781251404,0.36327562328567664,19,35,1,4,28,35,1,7,1.038796418938764,32.81807626282314
1610,2920,0.927,0.625,0.019240163471192395,0.34204553820283923,19,35,1,4,29,35,1,7,1.1180134167352376,33.98855437411197
1610,2921,0.963,0.688,0.009245266935404395,0.3265655435425665,19,35,1,4,30,35,1,7,1.1835172157598721,35.54330550824281
1610,2922,0.984,0.75,0.003508750945534711,0.31337410156463996,19,35,1,4,31,35,1,7,1.2372372448322109,37.31447285161838
1610,2923,0.995,0.813,8.527413139396423e-4,0.30292956937094506,19,35,1,4,32,35,1,7,1.284910113587717,39.25175768633129
1610,2924,0.999,0.876,1.3206874040339045e-4,0.29681465571380894,19,35,1,4,33,35,1,7,1.3286749038045387,41.24677452634258
1610,2925,1,0.938,2.7895760382756762e-6,0.2934595909407105,19,35,1,4,34,35,1,7,1.3710740315533658,43.16763304046667
1610,2962,1,1,0,0.2928932188134524,19,35,1,4,10,19,4,7,1.4142135623730951,45
1610,2963,1,1,0,0.2928932188134524,19,35,1,4,11,19,4,7,1.4142135623730951,45
1610,2964,1,1,0,0.2928932188134524,19,35,1,4,12,19,4,7,1.4142135623730951,45
1610,2965,1,1,0,0.2928932188134524,19,35,1,4,13,19,4,7,1.4142135623730951,45
1610,2966,1,1,0,0.2928932188134524,19,35,1,4,14,19,4,7,1.4142135623730951,45
1610,2967,1,1,0,0.2928932188134524,19,35,1,4,15,19,4,7,1.4142135623730951,45
1610,2968,1,1,0,0.2928932188134524,19,35,1,4,16,19,4,7,1.4142135623730951,45
1610,2969,1,1,0,0.2928932188134524,19,35,1,4,17,19,4,7,1.4142135623730951,45
1610,2970,1,1,0,0.2928932188134524,19,35,1,4,18,19,4,7,1.4142135623730951,45
1610,2971,1,0.96,5.492217918678932e-6,0.292963517021789,19,35,1,4,10,20,4,7,1.3862178760930766,43.830860672092584
1610,2972,1,0.959,1.0697625012379142e-5,0.2929916911645658,19,35,1,4,11,20,4,7,1.385525532063556,43.80102906682782
1610,2973,1,0.957,2.2658595705937756e-5,0.293037375974616,19,35,1,4,12,20,4,7,1.3841419724869266,43.7412763666856
1610,2974,1,0.955,5.361732997133384e-5,0.29311717760699185,19,35,1,4,13,20,4,7,1.3827599213167845,43.681404157171436
1610,2975,1,0.953,1.4788738754034636e-4,0.2932725013652123,19,35,1,4,14,20,4,7,1.3813793830805496,43.62141221053497
1610,2976,1,0.95,4.7810265381231787e-4,0.2936088493701612,19,35,1,4,15,20,4,7,1.379311422413372,43.53119928561418
1610,2977,0.998,0.948,0.0017371752211752245,0.29445422464688364,19,35,1,4,16,20,4,7,1.376483926531654,43.528181494638716
1610,2978,0.992,0.945,0.005913999738038189,0.297081505577219,19,35,1,4,17,20,4,7,1.3700689763657885,43.610029253989566
1610,2979,0.96,0.942,0.01654572548803568,0.30877402915240815,19,35,1,4,18,20,4,7,1.3449773232289086,44.457784835053644
1610,2980,0.784,0.938,0.033954139184714016,0.35245407248790595,19,35,1,4,19,20,4,7,1.2224974437601086,50.11041756103122
1610,2981,1,0.92,4.2773894132441814e-4,0.2941795385485435,19,35,1,4,10,21,4,7,1.3588230201170424,42.61405596961119
1610,2982,1,0.917,7.364742453885853e-4,0.2946067512096975,19,35,1,4,11,21,4,7,1.3567936468011634,42.52082345847564
1610,2983,0.999,0.913,0.0013361505500227855,0.2952559754185723,19,35,1,4,12,21,4,7,1.3533550901371008,42.424624404956
1610,2984,0.998,0.909,0.002574548922957831,0.29630360199594474,19,35,1,4,13,21,4,7,1.3499203680217584,42.32793554214473
1610,2985,0.996,0.905,0.00523430376762557,0.29812649056599727,19,35,1,4,14,21,4,7,1.3457492336984629,42.25936935740831
1610,2986,0.99,0.9,0.010927679373816335,0.30152040361052823,19,35,1,4,15,21,4,7,1.3379461872586655,42.27368900609374
1610,2987,0.976,0.895,0.02235346534735716,0.3084259514086731,19,35,1,4,16,21,4,7,1.3242360061560023,42.521078571966704
1610,2988,0.94,0.889,0.04283570724393737,0.3241600425293688,19,35,1,4,17,21,4,7,1.2938009893333673,43.40277322064724
1610,2989,0.854,0.883,0.0737590732821869,0.362424139950442,19,35,1,4,18,21,4,7,1.2284156462696167,45.95649006909816
1610,2990,0.646,0.876,0.11322942144064929,0.4152494210692679,19,35,1,4,19,21,4,7,1.0884355745748115,53.59334369311039
1610,2991,0.536,0.938,0.09828578426243273,0.4062965335371883,19,35,1,4,20,21,4,7,1.0803425382720055,60.25511870305777
1610,2992,0.998,0.88,0.003631738568928955,0.29881270166393914,19,35,1,4,10,22,4,7,1.330565293399764,41.40467212987094
1610,2993,0.996,0.875,0.005635384178893199,0.3004859028806336,19,35,1,4,11,22,4,7,1.3257605364469105,41.299760382871845
1610,2994,0.993,0.87,0.008997544736720986,0.3029117496875682,19,35,1,4,12,22,4,7,1.3202079381673175,41.22266892692715
1610,2995,0.988,0.864,0.014817259056911669,0.3066055933165738,19,35,1,4,13,22,4,7,1.3124938095092107,41.169498623868115
1610,2996,0.978,0.858,0.024968844777092047,0.312546902317164,19,35,1,4,14,22,4,7,1.3010180629030481,41.26049663706893
1610,2997,0.959,0.85,0.042160964802981926,0.3225526319013402,19,35,1,4,15,22,4,7,1.2814761020011258,41.55185271255083
1610,2998,0.924,0.843,0.06950579696395276,0.3403535492797616,19,35,1,4,16,22,4,7,1.2507697629859782,42.37537550382237
1610,2999,0.86,0.834,0.11040205797536329,0.37348243579856355,19,35,1,4,17,22,4,7,1.1979799664435127,44.12067691354672
1610,3000,0.741,0.824,0.1625745940698896,0.4298584199413401,19,35,1,4,18,22,4,7,1.1081773323796151,48.0358457011462
1610,3001,0.543,0.813,0.21564420860736444,0.4807512441989694,19,35,1,4,19,22,4,7,0.9776594499108572,56.26117012025018
1610,3002,0.479,0.875,0.20866451301166555,0.47599583249920707,19,35,1,4,20,22,4,7,0.9975299494250787,61.30244384853729
1610,3003,0.478,0.938,0.13831912649786926,0.43260981421738454,19,35,1,4,21,22,4,7,1.0527715801635222,62.996841800202574
1610,3004,0.991,0.84,0.01315516449975962,0.3087285685498775,19,35,1,4,10,23,4,7,1.2991077707411345,40.28556590060838
1610,3005,0.986,0.834,0.018906516678413254,0.3126318633073816,19,35,1,4,11,23,4,7,1.291414728117966,40.22593710540309
1610,3006,0.978,0.826,0.027716391200968582,0.3180984198497814,19,35,1,4,12,23,4,7,1.2801406172760865,40.18379338868833
1610,3007,0.965,0.818,0.04137998361521966,0.32607053574954403,19,35,1,4,13,23,4,7,1.265049010908273,40.28689071091187
1610,3008,0.944,0.81,0.06257560026198383,0.3381788833665599,19,35,1,4,14,23,4,7,1.2438794153775519,40.6312715063326
1610,3009,0.91,0.8,0.0943194538159079,0.35714027888521516,19,35,1,4,15,23,4,7,1.2116517651536682,41.31937782696955
1610,3010,0.856,0.79,0.14019741882305492,0.387667746184189,19,35,1,4,16,23,4,7,1.1648330352458243,42.703829419770905
1610,3011,0.77,0.778,0.19942156599002736,0.436386248573408,19,35,1,4,17,23,4,7,1.0946159143736216,45.2960995836688
1610,3012,0.634,0.765,0.2657361248925929,0.5023346864426304,19,35,1,4,18,23,4,7,0.9935698264339553,50.349481540798216
1610,3013,0.464,0.75,0.3358091607014435,0.5506471901886659,19,35,1,4,19,23,4,7,0.8819274346566162,58.256302426819914
1610,3014,0.434,0.813,0.33281371441943786,0.5470917663983055,19,35,1,4,20,23,4,7,0.9215883028771578,61.9055704675892
1610,3015,0.448,0.875,0.2648244722697367,0.5080806545127248,19,35,1,4,21,23,4,7,0.9830203456694068,62.88755357204426
1610,3016,0.474,0.938,0.1469623305194825,0.4381155962893971,19,35,1,4,22,23,4,7,1.0509614645647098,63.19113846681793
1610,3017,0.978,0.8,0.03139123158233059,0.3247837286740286,19,35,1,4,10,24,4,7,1.2635204786626928,39.28302577560024
1610,3018,0.968,0.792,0.04271596243381881,0.3317796756028303,19,35,1,4,11,24,4,7,1.2507149955125667,39.28940686250036
1610,3019,0.953,0.783,0.05902951027766756,0.34132006834934714,19,35,1,4,12,24,4,7,1.233409096772032,39.40707059112739
1610,3020,0.93,0.773,0.08266250971220945,0.3547689216928427,19,35,1,4,13,24,4,7,1.2093093070013148,39.732776070114966
1610,3021,0.897,0.762,0.11669405407886657,0.374295012139641,19,35,1,4,14,24,4,7,1.1769677140856498,40.34784524141385
1610,3022,0.849,0.75,0.16455962134051527,0.40313832996201693,19,35,1,4,15,24,4,7,1.132828760228129,41.457128872869966
1610,3023,0.779,0.737,0.2270208393467693,0.4459366101448542,19,35,1,4,16,24,4,7,1.072385191990266,43.413055838469674
1610,3024,0.679,0.722,0.3010083667456527,0.5065589046275403,19,35,1,4,17,24,4,7,0.9911231003260897,46.75799095722347
1610,3025,0.535,0.706,0.3839068735362767,0.5770331136954865,19,35,1,4,18,24,4,7,0.8858109279073045,52.84550159047956
1610,3026,0.404,0.688,0.45662495859424834,0.6207941466665488,19,35,1,4,19,24,4,7,0.7978471031469626,59.57814783733216
1610,3027,0.399,0.75,0.4428857793658929,0.6105053128736542,19,35,1,4,20,24,4,7,0.849529869986924,61.98702257693283
1610,3028,0.421,0.813,0.3720665907201127,0.5671364802195484,19,35,1,4,21,24,4,7,0.9155380931452278,62.62328958676633
1610,3029,0.448,0.875,0.24578847120520642,0.4965929811227304,19,35,1,4,22,24,4,7,0.9830203456694068,62.88755357204426
1610,3030,0.481,0.938,0.10843517974539651,0.41344384897636366,19,35,1,4,23,24,4,7,1.0541370878590697,62.85155841691975
1610,3031,0.957,0.76,0.05902024001554618,0.34670746660950225,19,35,1,4,10,25,4,7,1.2220675104101246,38.454789087404194
1610,3032,0.94,0.75,0.0772279843204221,0.35736771070202467,19,35,1,4,11,25,4,7,1.202538980657176,38.585398192660286
1610,3033,0.917,0.739,0.10227241316841307,0.37158517713933104,19,35,1,4,12,25,4,7,1.1777138871559596,38.86495073338949
1610,3034,0.885,0.727,0.13690876404212515,0.3910536888330848,19,35,1,4,13,25,4,7,1.1453182963700528,39.40204125140507
1610,3035,0.841,0.715,0.1845571248691421,0.418244672225596,19,35,1,4,14,25,4,7,1.1038595925207153,40.37046883670133
1610,3036,0.781,0.7,0.24699605694035498,0.4564202014569022,19,35,1,4,15,25,4,7,1.048790255484861,41.86945379515849
1610,3037,0.7,0.684,0.32302115922685515,0.5092518015906495,19,35,1,4,16,25,4,7,0.9787011801362048,44.33765055262781
1610,3038,0.591,0.667,0.41053021042972615,0.577340420497973,19,35,1,4,17,25,4,7,0.8911621625719979,48.45722829337038
1610,3039,0.444,0.647,0.500281170837575,0.6477886691244441,19,35,1,4,18,25,4,7,0.7846942079561948,55.54036418435283
1610,3040,0.357,0.625,0.5635271202187626,0.6825959265077108,19,35,1,4,19,25,4,7,0.7197735755082982,60.26499217866453
1610,3041,0.369,0.688,0.5297602217275104,0.6601361726093253,19,35,1,4,20,25,4,7,0.7807080119993646,61.79368500998543
1610,3042,0.395,0.75,0.4413439970648202,0.6055305624699195,19,35,1,4,21,25,4,7,0.8476585397434512,62.22571880056865
1610,3043,0.425,0.813,0.3061396163066975,0.5291241926310584,19,35,1,4,22,25,4,7,0.9173843251331472,62.4014461828744
1610,3044,0.464,0.875,0.1603615250313607,0.44689704616827486,19,35,1,4,23,25,4,7,0.9904145596668095,62.06363154539692
1610,3045,0.513,0.938,0.05517835417110961,0.3733442205104204,19,35,1,4,24,25,4,7,1.0691178606683174,61.32538414311914
1610,3046,0.928,0.72,0.09544367660960806,0.3732514196842932,19,35,1,4,10,26,4,7,1.174556937742909,37.806529944704465
1610,3047,0.904,0.708,0.12114159241511913,0.38775650128976014,19,35,1,4,11,26,4,7,1.148250843674848,38.067544360452416
1610,3048,0.873,0.696,0.15535998230134207,0.40671565167055657,19,35,1,4,12,26,4,7,1.1164877966193807,38.56363414464502
1610,3049,0.832,0.682,0.20112973752808128,0.43199600594031673,19,35,1,4,13,26,4,7,1.0758010968575928,39.34186864726274
1610,3050,0.779,0.667,0.2610077495027855,0.46608062386161153,19,35,1,4,14,26,4,7,1.0255388827343408,40.57099545189388
1610,3051,0.709,0.65,0.3350773897557724,0.511796559058404,19,35,1,4,15,26,4,7,0.9618632959002023,42.51410627965082
1610,3052,0.62,0.632,0.42224254225638236,0.5713737923245159,19,35,1,4,16,26,4,7,0.8853383533994221,45.549144010565676
1610,3053,0.506,0.611,0.516077327919245,0.6424548495240283,19,35,1,4,17,26,4,7,0.7933202379871573,50.37012555049295
1610,3054,0.361,0.588,0.6061834284169868,0.7085211295125411,19,35,1,4,18,26,4,7,0.6899746372150211,58.45233950702438
1610,3055,0.32,0.563,0.646426907681303,0.7298521745558418,19,35,1,4,19,26,4,7,0.6475870597842424,60.386807679012094
1610,3056,0.343,0.625,0.5880596182917508,0.6921073228793839,19,35,1,4,20,26,4,7,0.7129333769715092,61.24201990228507
1610,3057,0.371,0.688,0.47675133626941346,0.6255641701702315,19,35,1,4,21,26,4,7,0.7816552948710831,61.6644924440786
1610,3058,0.407,0.75,0.32978141543243156,0.5432850363865951,19,35,1,4,22,26,4,7,0.8533164711875658,61.51279144665506
1610,3059,0.453,0.813,0.18909761359183652,0.4633655020923345,19,35,1,4,23,26,4,7,0.9306868431432777,60.8736416747997
1610,3060,0.508,0.876,0.08841798720462779,0.3994624365509454,19,35,1,4,24,26,4,7,1.0126401137620413,59.89018236732713
1610,3061,0.571,0.938,0.03825039889676707,0.3585617861793353,19,35,1,4,25,26,4,7,1.098127952471842,58.66936936909075
1610,3062,0.892,0.68,0.1389789282073568,0.40272665888174974,19,35,1,4,10,27,4,7,1.121634521580002,37.31942734812233
1610,3063,0.861,0.667,0.1721654283363987,0.42089377967171293,19,35,1,4,11,27,4,7,1.0891326824588454,37.764249475207784
1610,3064,0.823,0.652,0.21524805784880197,0.44419371153200404,19,35,1,4,12,27,4,7,1.0499680947533596,38.387095016163194
1610,3065,0.774,0.636,0.2708375069383139,0.47450055413374637,19,35,1,4,13,27,4,7,1.0017844079441445,39.4101310401722
1610,3066,0.713,0.619,0.3403706770097523,0.5140676920348304,19,35,1,4,14,27,4,7,0.9442086633790223,40.963296476321396
1610,3067,0.637,0.6,0.42333740261520214,0.5650325948550263,19,35,1,4,15,27,4,7,0.8750822818455416,43.28673244727869
1610,3068,0.542,0.579,0.5170203428734658,0.6281652125172131,19,35,1,4,16,27,4,7,0.7930983545563565,46.89043221580396
1610,3069,0.426,0.556,0.6108873370048302,0.6987842558815558,19,35,1,4,17,27,4,7,0.7004370064466897,52.54113164878128
1610,3070,0.29,0.529,0.6964936552001018,0.7573509040891483,19,35,1,4,18,27,4,7,0.6032752274045404,61.26826356420796
1610,3071,0.29,0.5,0.700698668467081,0.7628077713836336,19,35,1,4,19,27,4,7,0.578013840664737,59.88626684901757
1610,3072,0.317,0.563,0.6183306152456263,0.7108324233797998,19,35,1,4,20,27,4,7,0.6461098977728169,60.618093444764924
1610,3073,0.349,0.625,0.4900700107239152,0.6359804114055672,19,35,1,4,21,27,4,7,0.7158393674561353,60.82100905804611
1610,3074,0.393,0.688,0.34285174502260696,0.5518161259838261,19,35,1,4,22,27,4,7,0.7923338942642805,60.26408798593897
1610,3075,0.448,0.75,0.20964225093414846,0.47484782034165474,19,35,1,4,23,27,4,7,0.873615476053395,59.14872031502559
1610,3076,0.51,0.813,0.11642500542868084,0.41851161518067137,19,35,1,4,24,27,4,7,0.9597233976516358,57.89969345345982
1610,3077,0.578,0.875,0.06751426516543058,0.38417653667521756,19,35,1,4,25,27,4,7,1.0486701101871836,56.55238870259583
1610,3078,0.647,0.938,0.029263515567128806,0.3496052217444463,19,35,1,4,26,27,4,7,1.139496818775726,55.403429330072164
1610,3079,0.85,0.64,0.18736711733223466,0.4335704279336424,19,35,1,4,10,28,4,7,1.0640018796975876,36.977596352672506
1610,3080,0.813,0.625,0.2274939057794263,0.4549857227339533,19,35,1,4,11,28,4,7,1.0254725739872323,37.55155897756845
1610,3081,0.768,0.609,0.2782636769068493,0.48197080417369076,19,35,1,4,12,28,4,7,0.9801555998921804,38.413317415492415
1610,3082,0.713,0.591,0.3415996425575294,0.5162850506447594,19,35,1,4,13,28,4,7,0.9260939477180486,39.65506406795837
1610,3083,0.645,0.572,0.41810163036422177,0.5598302109965139,19,35,1,4,14,28,4,7,0.8620957023440031,41.56730785136512
1610,3084,0.564,0.55,0.5069214377607829,0.614033024490145,19,35,1,4,15,28,4,7,0.7877791568707565,44.27998322462677
1610,3085,0.466,0.526,0.6024512648127671,0.6784763808263907,19,35,1,4,16,28,4,7,0.7027318122868781,48.46125387795416
1610,3086,0.349,0.5,0.6933152920702419,0.7467569176688338,19,35,1,4,17,28,4,7,0.6097548687792497,55.08495917137018
1610,3087,0.246,0.47,0.7691171763369744,0.7963705518385644,19,35,1,4,18,28,4,7,0.5304865691042517,62.37224848409242
1610,3088,0.264,0.438,0.7302872855012554,0.7857811451010166,19,35,1,4,19,28,4,7,0.5114098160966408,58.92096036492075
1610,3089,0.294,0.5,0.6299194435615401,0.7223976392593419,19,35,1,4,20,28,4,7,0.5800310336525106,59.54447182510819
1610,3090,0.334,0.563,0.49709240687845513,0.6422840474756321,19,35,1,4,21,28,4,7,0.6546182093403757,59.321444101847895
1610,3091,0.387,0.625,0.3521299228535524,0.557425128337262,19,35,1,4,22,28,4,7,0.7351149569965231,58.23420841713904
1610,3092,0.449,0.688,0.222373486315931,0.48236489879479716,19,35,1,4,23,28,4,7,0.8215503636418159,56.870879306363236
1610,3093,0.519,0.75,0.13455592098741165,0.43055119998339997,19,35,1,4,24,28,4,7,0.9120641424812183,55.31676570710316
1610,3094,0.591,0.813,0.08656663396324371,0.3984868930847725,19,35,1,4,25,28,4,7,1.0051119340650572,53.9851997504227
1610,3095,0.664,0.876,0.048110853962277544,0.3679078206421439,19,35,1,4,26,28,4,7,1.099214264827381,52.83820498391939
1610,3096,0.732,0.938,0.019759679048384604,0.33847353233093636,19,35,1,4,27,28,4,7,1.1898184735496418,52.03209978954159
1610,3097,0.804,0.6,0.2382543456126105,0.46457849422371,19,35,1,4,10,29,4,7,1.0032028708092895,36.73282666448936
1610,3098,0.761,0.583,0.28430665187338533,0.48873550132394195,19,35,1,4,11,29,4,7,0.9586500925781001,37.45562587329825
1610,3099,0.71,0.565,0.34110814323660654,0.5186925727994249,19,35,1,4,12,29,4,7,0.9073725805863873,38.51188488348946
1610,3100,0.649,0.545,0.4100737005696249,0.5560350390661243,19,35,1,4,13,29,4,7,0.84748215320442,40.02197654270806
1610,3101,0.577,0.524,0.4913377906647777,0.6023013928573642,19,35,1,4,14,29,4,7,0.7794260709008904,42.244020010982666
1610,3102,0.492,0.5,0.5832300038873289,0.6583282801018576,19,35,1,4,15,29,4,7,0.701472736462366,45.462052721430766
1610,3103,0.392,0.474,0.6780148016173906,0.7228488442395367,19,35,1,4,16,29,4,7,0.6150934888291373,50.409108176051184
1610,3104,0.276,0.444,0.7634310024866492,0.7880870275422215,19,35,1,4,17,29,4,7,0.5227925018590072,58.134022306396325
1610,3105,0.214,0.412,0.8135132171831236,0.8280081903348734,19,35,1,4,18,29,4,7,0.46426285658019206,62.55184682143527
1610,3106,0.239,0.375,0.7435105331682015,0.8017110616730407,19,35,1,4,19,29,4,7,0.4446864063584584,57.489279754392584
1610,3107,0.276,0.437,0.6339616143863283,0.7290933104562789,19,35,1,4,20,29,4,7,0.5168607162476173,57.72435568542236
1610,3108,0.326,0.5,0.4998353482619301,0.644923336304904,19,35,1,4,21,29,4,7,0.596888599321515,56.895649592920066
1610,3109,0.388,0.563,0.35359932511862235,0.5591549637185713,19,35,1,4,22,29,4,7,0.6837492230342934,55.4267409226221
1610,3110,0.459,0.625,0.2271509186884939,0.4858817294738653,19,35,1,4,23,29,4,7,0.7754392303720518,53.7064397373657
1610,3111,0.534,0.688,0.14642871151337578,0.43794248415637116,19,35,1,4,24,29,4,7,0.8709190547921202,52.182716006650324
1610,3112,0.61,0.75,0.09962767880312406,0.4076762119750267,19,35,1,4,25,29,4,7,0.9667471230885561,50.877392606643134
1610,3113,0.685,0.813,0.06194477595567882,0.3792022401006129,19,35,1,4,26,29,4,7,1.0631058272815552,49.88390441852448
1610,3114,0.753,0.875,0.03455612318076429,0.35497988521261503,19,35,1,4,27,29,4,7,1.154397678445344,49.285653601888576
1610,3115,0.814,0.938,0.015388718151495784,0.3329121368913839,19,35,1,4,28,29,4,7,1.241950079512055,49.04842984408789
1610,3116,0.754,0.56,0.289580254563219,0.49493376287557633,19,35,1,4,10,30,4,7,0.9392103065874012,36.60147815528581
1610,3117,0.706,0.542,0.34031913136934555,0.5213328845244545,19,35,1,4,11,30,4,7,0.8900561780022652,37.51364336001941
1610,3118,0.65,0.522,0.40158653900814234,0.5536144396835779,19,35,1,4,12,30,4,7,0.8336570038091206,38.767143796403836
1610,3119,0.584,0.5,0.4743526325757963,0.5931806152410145,19,35,1,4,13,30,4,7,0.7688016649305593,40.56896068708647
1610,3120,0.508,0.477,0.5585425745813104,0.641258980766834,19,35,1,4,14,30,4,7,0.6968450329879664,43.19737757754801
1610,3121,0.421,0.45,0.6517069804375114,0.6982584047016147,19,35,1,4,15,30,4,7,0.6162312877483583,46.90696214363191
1610,3122,0.321,0.421,0.7448449953776968,0.7623358752581731,19,35,1,4,16,30,4,7,0.5294166601080853,52.6755552717522
1610,3123,0.207,0.389,0.822479815178476,0.8243778856656105,19,35,1,4,17,30,4,7,0.44064725121121545,61.98105335781313
1610,3124,0.187,0.353,0.8346038111831509,0.8535613482725599,19,35,1,4,18,30,4,7,0.3994721517202419,62.08781596066632
1610,3125,0.218,0.313,0.7486631533713879,0.8117133344913435,19,35,1,4,19,30,4,7,0.38143544670101126,55.143343289851586
1610,3126,0.266,0.375,0.6325218249163642,0.7314051729794011,19,35,1,4,20,30,4,7,0.45976189489778296,54.650651525647696
1610,3127,0.327,0.437,0.49416885750208295,0.6438487098606325,19,35,1,4,21,30,4,7,0.5458003297910327,53.19308779545285
1610,3128,0.399,0.5,0.34903866242228,0.5576348153909219,19,35,1,4,22,30,4,7,0.6396882053000509,51.410132848270734
1610,3129,0.476,0.563,0.2280448277408671,0.48717979916379917,19,35,1,4,23,30,4,7,0.7372550440654848,49.786459602507946
1610,3130,0.556,0.625,0.15501425138363722,0.4428980183495409,19,35,1,4,24,30,4,7,0.8365171845216332,48.34370844403083
1610,3131,0.635,0.688,0.10952052436980475,0.413828862008382,19,35,1,4,25,30,4,7,0.9362526368454189,47.29406909718112
1610,3132,0.709,0.75,0.07122490606845666,0.3868443251849234,19,35,1,4,26,30,4,7,1.0320760630883752,46.60967024775244
1610,3133,0.777,0.813,0.043382159885502314,0.3641708636277283,19,35,1,4,27,30,4,7,1.1245879245305812,46.29704132512707
1610,3134,0.836,0.876,0.023863796326615616,0.34395002634434724,19,35,1,4,28,30,4,7,1.2108971880386874,46.33844292102374
1610,3135,0.885,0.938,0.008333381214993829,0.32162224064777145,19,35,1,4,29,30,4,7,1.289600325682341,46.66528863281828
1610,3136,0.701,0.52,0.33975906138050993,0.5241405716302499,19,35,1,4,10,31,4,7,0.8728121218223313,36.56792910151702
1610,3137,0.648,0.5,0.39399653482958086,0.5523408973177975,19,35,1,4,11,31,4,7,0.8184766337532184,37.653955165180015
1610,3138,0.588,0.478,0.45837309497841305,0.586413925001831,19,35,1,4,12,31,4,7,0.7577783317039357,39.10852942220722
1610,3139,0.519,0.454,0.533558136792345,0.6275979013637888,19,35,1,4,13,31,4,7,0.6895484029420995,41.178108551909155
1610,3140,0.441,0.429,0.6193225712437025,0.6768824853903156,19,35,1,4,14,31,4,7,0.6152414160311381,44.20976349757081
1610,3141,0.352,0.4,0.7129317842912124,0.734393750455882,19,35,1,4,15,31,4,7,0.5328264257710948,48.65222278030634
1610,3142,0.253,0.368,0.8044724273040691,0.7978826285011226,19,35,1,4,16,31,4,7,0.4465792202957947,55.4914770123316
1610,3143,0.158,0.333,0.8720711524441205,0.856580115867005,19,35,1,4,17,31,4,7,0.36858241954819276,64.61685427384789
1610,3144,0.163,0.294,0.842529540304565,0.8729349933303111,19,35,1,4,18,31,4,7,0.33616216324863213,60.995059956250905
1610,3145,0.207,0.25,0.7464544987498068,0.8159057029718735,19,35,1,4,19,31,4,7,0.3245751068705054,50.3752433907571
1610,3146,0.267,0.312,0.6235699081563608,0.7293659008197344,19,35,1,4,20,31,4,7,0.41064948557133246,49.444106121652695
1610,3147,0.339,0.375,0.4823935408426291,0.6392504025069001,19,35,1,4,21,31,4,7,0.505515578394969,47.88641854386461
1610,3148,0.418,0.437,0.34097906353335905,0.5535658192908248,19,35,1,4,22,31,4,7,0.6047255575879028,46.27303002005671
1610,3149,0.501,0.5,0.22585864547511858,0.48655380327315645,19,35,1,4,23,31,4,7,0.7078142411678364,44.94276147806929
1610,3150,0.584,0.563,0.1580067380232416,0.4450689739639969,19,35,1,4,24,31,4,7,0.8111874012828354,43.951109890502735
1610,3151,0.663,0.625,0.11332447505816745,0.41632193634699477,19,35,1,4,25,31,4,7,0.9111498230258294,43.31008677228358
1610,3152,0.737,0.688,0.07510717779008647,0.3899849251362555,19,35,1,4,26,31,4,7,1.0082226936545318,43.03060529199757
1610,3153,0.802,0.75,0.048041533383023194,0.3683367253564134,19,35,1,4,27,31,4,7,1.0980455363963737,43.08101391404721
1610,3154,0.858,0.813,0.028635820841220516,0.3489785225383736,19,35,1,4,28,31,4,7,1.1820038071004677,43.457398524774305
1610,3155,0.903,0.875,0.013180198825790579,0.3298611552080627,19,35,1,4,29,31,4,7,1.2573917448432688,44.09777883846984
1610,3156,0.938,0.938,0.004938500401117096,0.31469004904521103,19,35,1,4,30,31,4,7,1.326532321505963,45
1610,3157,0.645,0.48,0.38780008277956435,0.5519194004636365,19,35,1,4,10,32,4,7,0.8040055969954438,36.656108415966905
1610,3158,0.589,0.458,0.4445266386783534,0.5815501399580741,19,35,1,4,11,32,4,7,0.7461132621794093,37.86824851776693
1610,3159,0.526,0.435,0.5109246581343209,0.6169905474997657,19,35,1,4,12,32,4,7,0.6825694103898885,39.59061888552638
1610,3160,0.454,0.409,0.5874715006912781,0.6593422019925771,19,35,1,4,13,32,4,7,0.6110621899610545,42.01509026007487
1610,3161,0.374,0.381,0.6738650104888784,0.7094205686106269,19,35,1,4,14,32,4,7,0.5338885651519425,45.531203927186894
1610,3162,0.285,0.35,0.7677900236955816,0.7671644969456249,19,35,1,4,15,32,4,7,0.45135905884340016,50.84456587738687
1610,3163,0.187,0.316,0.8583104705757713,0.8299556928625366,19,35,1,4,16,32,4,7,0.3671852393547431,59.384135098072456
1610,3164,0.125,0.278,0.9027023685724022,0.8845184022726958,19,35,1,4,17,32,4,7,0.304809776746088,65.78939627600354
1610,3165,0.149,0.235,0.841648013549976,0.8845893891206945,19,35,1,4,18,32,4,7,0.2782552784764379,57.62356359770263
1610,3166,0.207,0.188,0.7359540114226351,0.8139618143705821,19,35,1,4,19,32,4,7,0.2796301128276424,42.24612308110346
1610,3167,0.279,0.25,0.6085543941637888,0.7228778149658722,19,35,1,4,20,32,4,7,0.37462114195544277,41.86216238194495
1610,3168,0.36,0.312,0.46571706221340037,0.631300220725028,19,35,1,4,21,32,4,7,0.47638639779070097,40.91438322002513
1610,3169,0.446,0.375,0.32726023517321223,0.5471938048604034,19,35,1,4,22,32,4,7,0.5827014673055149,40.05736371221304
1610,3170,0.532,0.437,0.21951650146252366,0.4837979769674703,19,35,1,4,23,32,4,7,0.6884714954157507,39.40066066347943
1610,3171,0.616,0.5,0.1569618015459051,0.44442984715827627,19,35,1,4,24,32,4,7,0.7933826315215124,39.065834540451064
1610,3172,0.695,0.563,0.11354080958929025,0.4159638706283101,19,35,1,4,25,32,4,7,0.8944238368916606,39.009961443786636
1610,3173,0.766,0.625,0.07632102976246513,0.39056912595776405,19,35,1,4,26,32,4,7,0.9886258139458023,39.211930586986945
1610,3174,0.828,0.688,0.050100554327745406,0.3699133894603047,19,35,1,4,27,32,4,7,1.0765351828899974,39.72379791346803
1610,3175,0.88,0.75,0.030825667189450234,0.3509263081932854,19,35,1,4,28,32,4,7,1.1562439189029277,40.440049912588165
1610,3176,0.921,0.813,0.015702662592513073,0.3335070712790774,19,35,1,4,29,32,4,7,1.2284990842487429,41.43600853293603
1610,3177,0.951,0.875,0.007402843684654159,0.32007072483530297,19,35,1,4,30,32,4,7,1.2922948579948772,42.61666625569198
1610,3178,0.973,0.938,0.0023802770958345487,0.3079371242279728,19,35,1,4,31,32,4,7,1.351507676633766,43.95074405911993
1610,3179,0.589,0.44,0.43314897171309563,0.5781214336017653,19,35,1,4,10,33,4,7,0.7352013329694119,36.76079264807122
1610,3180,0.529,0.416,0.4915581875747631,0.6088709542924304,19,35,1,4,11,33,4,7,0.6729762254344502,38.18113569110273
1610,3181,0.463,0.391,0.5591214999089245,0.6453328865558947,19,35,1,4,12,33,4,7,0.6060115510450276,40.18083916045546
1610,3182,0.39,0.363,0.6361865492045237,0.6884927779709105,19,35,1,4,13,33,4,7,0.5327935810424146,42.94644943648901
1610,3183,0.309,0.333,0.7224229730684015,0.7390267260140042,19,35,1,4,14,33,4,7,0.45427964955520517,47.1409013663231
1610,3184,0.22,0.3,0.8164110026671969,0.7967056515625752,19,35,1,4,15,33,4,7,0.3720215047547655,53.74616226255521
1610,3185,0.125,0.263,0.9070689265212257,0.8583659593724206,19,35,1,4,16,33,4,7,0.2911940933466886,64.5789521248291
1610,3186,0.103,0.222,0.9086847642528753,0.906422954338624,19,35,1,4,17,33,4,7,0.24473046398027362,65.11039883668964
1610,3187,0.148,0.176,0.8308582287959376,0.8866400504891745,19,35,1,4,18,33,4,7,0.22995651762887695,49.9392155421262
1610,3188,0.221,0.125,0.7184264419205296,0.8059052951340594,19,35,1,4,19,33,4,7,0.2539015557258364,29.492971823107197
1610,3189,0.304,0.187,0.5865661696827466,0.71218892422493,19,35,1,4,20,33,4,7,0.35691035288990985,31.596985399907194
1610,3190,0.392,0.25,0.4430792818986645,0.6204561577770021,19,35,1,4,21,33,4,7,0.46493440397544256,32.527902050798836
1610,3191,0.481,0.312,0.3097597991053297,0.538909424099035,19,35,1,4,22,33,4,7,0.5733280038511985,32.96940390346213
1610,3192,0.568,0.375,0.21146130769020133,0.47916812929040187,19,35,1,4,23,33,4,7,0.6806239784198026,33.43324219853507
1610,3193,0.651,0.437,0.15334773127574974,0.4416284779892037,19,35,1,4,24,33,4,7,0.7840727007108461,33.87247299945395
1610,3194,0.727,0.5,0.1109010191114661,0.4137061206658912,19,35,1,4,25,33,4,7,0.8823429038644782,34.51855610328727
1610,3195,0.794,0.563,0.07526036222448307,0.3892973809497424,19,35,1,4,26,33,4,7,0.9733473172511444,35.33923386962007
1610,3196,0.852,0.625,0.049921659291839005,0.36916278394710156,19,35,1,4,27,33,4,7,1.0566593585446542,36.26258295938346
1610,3197,0.899,0.688,0.030717688015897582,0.350346343293205,19,35,1,4,28,33,4,7,1.132053443968084,37.42664123090073
1610,3198,0.936,0.75,0.01615149211804634,0.3340152536438503,19,35,1,4,29,33,4,7,1.1994148573366932,38.70457057272777
1610,3199,0.963,0.813,0.007979273764008199,0.32110444396452675,19,35,1,4,30,33,4,7,1.2602928231169135,40.17228701418811
1610,3200,0.981,0.875,0.0030318975250481772,0.30981254164412064,19,35,1,4,31,33,4,7,1.3145288129211927,41.731270371160484
1610,3201,0.991,0.938,6.634143704453699e-4,0.30061964416613696,19,35,1,4,32,33,4,7,1.3645237264335126,43.42617286941801
1610,3202,0.531,0.4,0.47558840497204447,0.6026595612074384,19,35,1,4,10,34,4,7,0.6648014741259228,36.99055644960577
1610,3203,0.469,0.375,0.5350224335574303,0.6342526095447224,19,35,1,4,11,34,4,7,0.6004881347703716,38.644906881340745
1610,3204,0.401,0.348,0.6030580256619715,0.6714268493820545,19,35,1,4,12,34,4,7,0.5309472666847433,40.95243905052257
1610,3205,0.326,0.318,0.6798993407592367,0.7150541782199276,19,35,1,4,13,34,4,7,0.45541190146942806,44.28828779396431
1610,3206,0.245,0.286,0.7650206134924156,0.7656581723465795,19,35,1,4,14,34,4,7,0.3765912903931794,49.415207595182395
1610,3207,0.157,0.25,0.8567883621249864,0.822736290375234,19,35,1,4,15,34,4,7,0.29521009467834936,57.871179037801284
1610,3208,0.084,0.21,0.9324815467105351,0.8819765616572578,19,35,1,4,16,34,4,7,0.22617692189964916,68.19859051364818
1610,3209,0.098,0.166,0.9005272062737096,0.9184355285578178,19,35,1,4,17,34,4,7,0.19276929216034386,59.44403572449223
1610,3210,0.164,0.117,0.8112313990150795,0.8786316427164076,19,35,1,4,18,34,4,7,0.20145719148245864,35.50461618022952
1610,3211,0.249,0.062,0.6928102886716587,0.7923195167763939,19,35,1,4,19,34,4,7,0.2566028059082753,13.982088683001066
1610,3212,0.339,0.125,0.5577854840577512,0.6978525408088836,19,35,1,4,20,34,4,7,0.36131149995537093,20.240522574439208
1610,3213,0.431,0.187,0.4168052722473409,0.6072804715838152,19,35,1,4,21,34,4,7,0.4698191141279801,23.45480246494156
1610,3214,0.521,0.25,0.29010693109500374,0.5290670405907915,19,35,1,4,22,34,4,7,0.5778762843377465,25.633855025027206
1610,3215,0.607,0.312,0.20148809300791193,0.4729133426087275,19,35,1,4,23,34,4,7,0.6824902929712626,27.20331327461655
1610,3216,0.687,0.375,0.14723221326883684,0.4370399448990686,19,35,1,4,24,34,4,7,0.7826838442180853,28.627986670469923
1610,3217,0.758,0.437,0.10589293258486121,0.4097794423949296,19,35,1,4,25,34,4,7,0.8749474269920451,29.964186441844507
1610,3218,0.821,0.5,0.07232000598556831,0.38616314947561015,19,35,1,4,26,34,4,7,0.961270513435214,31.34197473895205
1610,3219,0.874,0.563,0.04822361737785441,0.366281712367441,19,35,1,4,27,34,4,7,1.0396369558648828,32.78820738584059
1610,3220,0.916,0.625,0.029458807201460435,0.3478222494242721,19,35,1,4,28,34,4,7,1.1089098250083278,34.30628151452142
1610,3221,0.949,0.688,0.01573859499297392,0.33238252393601453,19,35,1,4,29,34,4,7,1.1721540001211443,35.941122512018005
1610,3222,0.972,0.75,0.00786169381684676,0.32003148686248617,19,35,1,4,30,34,4,7,1.2277149506298275,37.653955165180015
1610,3223,0.986,0.813,0.0030826410441380236,0.30929983254231896,19,35,1,4,31,34,4,7,1.277953442031438,39.507068579627976
1610,3224,0.995,0.875,7.888347564185549e-4,0.3012329129172766,19,35,1,4,32,34,4,7,1.3250094339286798,41.3282999016293
1610,3225,0.999,0.938,1.2408883025205597e-4,0.29620188535979697,19,35,1,4,33,34,4,7,1.3703448471096609,43.19623756362995
1610,3226,0.472,0.36,0.515103051392772,0.6254613717162044,19,35,1,4,10,35,4,7,0.5936194066908527,37.33319573818583
1610,3227,0.409,0.333,0.575014045100543,0.6576318943012436,19,35,1,4,11,35,4,7,0.5274182401093084,39.151823878377314
1610,3228,0.339,0.304,0.642928976661935,0.6952016149124223,19,35,1,4,12,35,4,7,0.455342728063159,41.88433086060999
1610,3229,0.264,0.273,0.7187797007076207,0.73890170337951,19,35,1,4,13,35,4,7,0.3797696670351649,45.960174566666346
1610,3230,0.182,0.238,0.8014586051758666,0.789016846133206,19,35,1,4,14,35,4,7,0.29961308382645774,52.59464336859145
1610,3231,0.096,0.2,0.8864410313705402,0.8444551410520784,19,35,1,4,15,35,4,7,0.22184679398179277,64.35899417569472
1610,3232,0.071,0.158,0.9319919413183041,0.8983858883589976,19,35,1,4,16,35,4,7,0.17321951391226106,65.80241829047955
1610,3233,0.116,0.111,0.8802098403018132,0.9166215426834079,19,35,1,4,17,35,4,7,0.16055217220579734,43.73818246111387
1610,3234,0.197,0.059,0.782025961173135,0.8622463084254296,19,35,1,4,18,35,4,7,0.20564532574313477,16.672557799261497
1610,3235,0.289,0,0.6597834626695187,0.7742084638629685,19,35,1,4,19,35,4,7,0.289,0
1610,3236,0.382,0.062,0.5243346245023895,0.68059943255338,19,35,1,4,20,35,4,7,0.38699870800817926,9.218926138107449
1610,3237,0.474,0.125,0.38756201404141744,0.592338252076501,19,35,1,4,21,35,4,7,0.4902050591334202,14.773308332455345
1610,3238,0.562,0.188,0.26943836665468124,0.5179792675709478,19,35,1,4,22,35,4,7,0.5926111710050698,18.496096910179155
1610,3239,0.645,0.25,0.1901439499187222,0.4652793739143918,19,35,1,4,23,35,4,7,0.691755014437915,21.186176440399134
1610,3240,0.72,0.313,0.13994703026457478,0.4309721366190712,19,35,1,4,24,35,4,7,0.7850917143875612,23.495655783648196
1610,3241,0.787,0.375,0.10005185809952089,0.4044465566691422,19,35,1,4,25,35,4,7,0.8717763474653347,25.477473329946726
1610,3242,0.844,0.438,0.06868281474824911,0.3815472525507425,19,35,1,4,26,35,4,7,0.9508837994203078,27.427387255670954
1610,3243,0.892,0.5,0.045953559390011556,0.3620243754429039,19,35,1,4,27,35,4,7,1.0225771364547518,29.272292183499694
1610,3244,0.93,0.563,0.027802996780259992,0.34423412068298676,19,35,1,4,28,35,4,7,1.0871379857221437,31.189720731705897
1610,3245,0.958,0.625,0.01500139799510436,0.32963614741744207,19,35,1,4,29,35,4,7,1.1438483291066173,33.12046287778887
1610,3246,0.978,0.688,0.007470246611269826,0.3177221017575148,19,35,1,4,30,35,4,7,1.1957541553346156,35.12548505057206
1610,3247,0.99,0.75,0.002926063655178668,0.30742150433398974,19,35,1,4,31,35,4,7,1.242014492669067,37.14668669802178
1610,3248,0.997,0.813,7.564804526232205e-4,0.3002461114994952,19,35,1,4,32,35,4,7,1.286459482455627,39.19539724518994
1610,3249,0.999,0.876,1.2265406216971364e-4,0.2956685552150482,19,35,1,4,33,35,4,7,1.3286749038045387,41.24677452634258
1610,3250,1,0.938,2.708295427034102e-6,0.2932857211904122,19,35,1,4,34,35,4,7,1.3710740315533658,43.16763304046667
1610,3287,1,1,0,0.2928932188134524,19,35,1,4,10,19,7,7,1.4142135623730951,45
1610,3288,1,1,0,0.2928932188134524,19,35,1,4,11,19,7,7,1.4142135623730951,45
1610,3289,1,1,0,0.2928932188134524,19,35,1,4,12,19,7,7,1.4142135623730951,45
1610,3290,1,1,0,0.2928932188134524,19,35,1,4,13,19,7,7,1.4142135623730951,45
1610,3291,1,1,0,0.2928932188134524,19,35,1,4,14,19,7,7,1.4142135623730951,45
1610,3292,1,1,0,0.2928932188134524,19,35,1,4,15,19,7,7,1.4142135623730951,45
1610,3293,1,1,0,0.2928932188134524,19,35,1,4,16,19,7,7,1.4142135623730951,45
1610,3294,1,1,0,0.2928932188134524,19,35,1,4,17,19,7,7,1.4142135623730951,45
1610,3295,1,1,0,0.2928932188134524,19,35,1,4,18,19,7,7,1.4142135623730951,45
1610,3296,1,0.96,4.1716745636466435e-5,0.29309208499325323,19,35,1,4,10,20,7,7,1.3862178760930766,43.830860672092584
1610,3297,1,0.959,8.066020511754424e-5,0.2931726655039264,19,35,1,4,11,20,7,7,1.385525532063556,43.80102906682782
1610,3298,1,0.957,1.685699861027068e-4,0.29330465179781795,19,35,1,4,12,20,7,7,1.3841419724869266,43.7412763666856
1610,3299,1,0.955,3.852647715413271e-4,0.29353616443167885,19,35,1,4,13,20,7,7,1.3827599213167845,43.681404157171436
1610,3300,0.999,0.953,9.540943242642985e-4,0.29397402329604205,19,35,1,4,14,20,7,7,1.3806556413530493,43.65004193770776
1610,3301,0.998,0.95,0.0024304961264295377,0.2948849250582303,19,35,1,4,15,20,7,7,1.3778621121142711,43.58847997217384
1610,3302,0.993,0.948,0.005901078019845962,0.2970367688844917,19,35,1,4,16,20,7,7,1.3728630667331683,43.671896813712955
1610,3303,0.977,0.945,0.012961838504585543,0.3031753633029569,19,35,1,4,17,20,7,7,1.3592475859827744,44.046152153775836
1610,3304,0.923,0.942,0.024555908035902685,0.3237311678909943,19,35,1,4,18,20,7,7,1.3188225809410452,45.58369016139185
1610,3305,0.733,0.938,0.03817397014855506,0.3582331586707427,19,35,1,4,19,20,7,7,1.190433954488866,51.994156106029436
1610,3306,0.998,0.92,0.0023639449353268782,0.2961906634266782,19,35,1,4,10,21,7,7,1.3573518335346957,42.671215045370325
1610,3307,0.997,0.917,0.00384380421652053,0.2972789215961149,19,35,1,4,11,21,7,7,1.3545840690042092,42.60658520563496
1610,3308,0.995,0.913,0.006399739755369782,0.29892879038420384,19,35,1,4,12,21,7,7,1.35040512439786,42.53911711948934
1610,3309,0.99,0.909,0.010842834482937436,0.30154461114603803,19,35,1,4,13,21,7,7,1.3440167409671653,42.55758468934291
1610,3310,0.982,0.905,0.01832514285017972,0.3058885076355823,19,35,1,4,14,21,7,7,1.335420907429564,42.66331277222368
1610,3311,0.966,0.9,0.03034105748944682,0.3135062396700494,19,35,1,4,15,21,7,7,1.320286332580929,42.97430562187732
1610,3312,0.935,0.895,0.04811824146650734,0.3277021000508732,19,35,1,4,16,21,7,7,1.294314490377049,43.747832624796146
1610,3313,0.876,0.889,0.07219737260924963,0.35498911865842664,19,35,1,4,17,21,7,7,1.2480773213226815,45.42200094328717
1610,3314,0.759,0.883,0.10197503170951927,0.39890884713597397,19,35,1,4,18,21,7,7,1.1643753690283902,49.31864609711355
1610,3315,0.58,0.876,0.13036102807209826,0.4273718927004565,19,35,1,4,19,21,7,7,1.0506074433393282,56.49143908811339
1610,3316,0.523,0.938,0.09758184464923159,0.4059296439404054,19,35,1,4,20,21,7,7,1.0739520473466213,60.85730442183883
1610,3317,0.988,0.88,0.015057938825322692,0.3069514107448331,19,35,1,4,10,22,7,7,1.3230812522290534,41.691079643124176
1610,3318,0.982,0.875,0.02169323199965001,0.3108569437724523,19,35,1,4,11,22,7,7,1.3152752563627128,41.702273980371146
1610,3319,0.972,0.87,0.03151529228020267,0.3164531962750886,19,35,1,4,12,22,7,7,1.3044861057136639,41.830506481054314
1610,3320,0.957,0.864,0.04590873859950417,0.3247165978888342,19,35,1,4,13,22,7,7,1.28931958799981,42.076396445861434
1610,3321,0.933,0.858,0.06625680420625402,0.3372650727629992,19,35,1,4,14,22,7,7,1.2675381651058875,42.602080261673045
1610,3322,0.895,0.85,0.09413585263127788,0.3568033943237596,19,35,1,4,15,22,7,7,1.2343115490021146,43.5227858085068
1610,3323,0.837,0.843,0.13052137329274982,0.3873356539196494,19,35,1,4,16,22,7,7,1.1879469685133255,45.20462691396586
1610,3324,0.745,0.834,0.1723299030785982,0.431426019733845,19,35,1,4,17,22,7,7,1.1182937896635212,48.22605096946392
1610,3325,0.596,0.824,0.21515480351264515,0.4786854091159243,19,35,1,4,18,22,7,7,1.0169523095996194,54.12174774019566
1610,3326,0.482,0.813,0.2445709395989334,0.49698074074102405,19,35,1,4,19,22,7,7,0.9451417883048024,59.337742700251184
1610,3327,0.467,0.875,0.21432303631776795,0.47833056538265206,19,35,1,4,20,22,7,7,0.9918235730209279,61.91052244145752
1610,3328,0.478,0.938,0.13496338762670956,0.43079843637178017,19,35,1,4,21,22,7,7,1.0527715801635222,62.996841800202574
1610,3329,0.963,0.84,0.04473950738279453,0.32837221441209685,19,35,1,4,10,23,7,7,1.2778767546207261,41.09734960539972
1610,3330,0.949,0.834,0.05991456754555158,0.3369039368103883,19,35,1,4,11,23,7,7,1.2633910716797074,41.3096463141362
1610,3331,0.928,0.826,0.08054144865017265,0.3486101203743637,19,35,1,4,12,23,7,7,1.2423606561703409,41.67183864872218
1610,3332,0.899,0.818,0.10821953150015284,0.36496769348256153,19,35,1,4,13,23,7,7,1.215452590601542,42.29905655306115
1610,3333,0.858,0.81,0.1446110113018385,0.3880875422404091,19,35,1,4,14,23,7,7,1.1799423714741326,43.35165549510387
1610,3334,0.802,0.8,0.18927897241335745,0.4206725968173417,19,35,1,4,15,23,7,7,1.1327859462405068,44.92846972566039
1610,3335,0.723,0.79,0.23953997800365112,0.46470857796665255,19,35,1,4,16,23,7,7,1.0709010225039475,47.53556569895906
1610,3336,0.611,0.778,0.2949102594125934,0.516741489897359,19,35,1,4,17,23,7,7,0.9892446613452104,51.85578556922619
1610,3337,0.455,0.765,0.35558295003202656,0.5608582556287198,19,35,1,4,18,23,7,7,0.890084265673762,59.25703535965006
1610,3338,0.421,0.75,0.3779827374447946,0.5722187035716151,19,35,1,4,19,23,7,7,0.8600819728374732,60.69305022584273
1610,3339,0.43,0.813,0.33389596529048216,0.5483595149360814,19,35,1,4,20,23,7,7,0.9197113677670837,62.125399843263025
1610,3340,0.451,0.875,0.2580091172171113,0.503676652445104,19,35,1,4,21,23,7,7,0.984391182406669,62.732128079854654
1610,3341,0.476,0.938,0.13922738162144976,0.43325087173411925,19,35,1,4,22,23,7,7,1.0518650103506626,63.09390654406316
1610,3342,0.922,0.8,0.09313165509717602,0.36116259519976013,19,35,1,4,10,24,7,7,1.2206899688291046,40.947488495465436
1610,3343,0.898,0.792,0.11898065078546094,0.375643708898855,19,35,1,4,11,24,7,7,1.1973587599378892,41.411001708717365
1610,3344,0.866,0.783,0.15254572248238163,0.39478913134928606,19,35,1,4,12,24,7,7,1.1674951820029067,42.11853257289651
1610,3345,0.824,0.773,0.19498852487236074,0.42028433060543313,19,35,1,4,13,24,7,7,1.129825207720203,43.17088790665882
1610,3346,0.77,0.762,0.24587911574964816,0.4540945119776745,19,35,1,4,14,24,7,7,1.0833023585315413,44.70080804840636
1610,3347,0.698,0.75,0.30414072632883116,0.49779115633934234,19,35,1,4,15,24,7,7,1.024550633204626,47.05669940991815
1610,3348,0.605,0.737,0.3690928657566245,0.5503712972003462,19,35,1,4,16,24,7,7,0.9535166490418507,50.617580590126835
1610,3349,0.482,0.722,0.4364622860706696,0.6040233715660792,19,35,1,4,17,24,7,7,0.8681059843129755,56.273321757269244
1610,3350,0.378,0.706,0.501055756416046,0.6405765044986841,19,35,1,4,18,24,7,7,0.8008245750474944,61.83492410777428
1610,3351,0.381,0.688,0.4944583774342154,0.6397144515781541,19,35,1,4,19,24,7,7,0.7864508884857337,61.0232337651828
1610,3352,0.402,0.75,0.43749477525616565,0.6066988214967279,19,35,1,4,20,24,7,7,0.8509430063171094,61.80869162620685
1610,3353,0.427,0.813,0.3428704442186026,0.5531157563517428,19,35,1,4,21,24,7,7,0.9183125829476584,62.290859815350274
1610,3354,0.454,0.875,0.22443176306345436,0.4843156816847688,19,35,1,4,22,24,7,7,0.9857692427743929,62.57713600525468
1610,3355,0.486,0.938,0.09961461639365643,0.4072744702652542,19,35,1,4,23,24,7,7,1.056427943591043,62.61025704822675
1610,3356,0.868,0.76,0.1587801939245933,0.40364667787829644,19,35,1,4,10,25,7,7,1.1537001343503432,41.20461263390319
1610,3357,0.834,0.75,0.19645048897599016,0.4245353139466225,19,35,1,4,11,25,7,7,1.1216309553502881,41.96443087494444
1610,3358,0.791,0.739,0.24285010363153348,0.45120034626148586,19,35,1,4,12,25,7,7,1.0824980369497212,43.053441727406074
1610,3359,0.739,0.727,0.2978887583618235,0.4851357517357865,19,35,1,4,13,25,7,7,1.0366532689380765,44.53101364337851
1610,3360,0.673,0.715,0.36127101565131725,0.5275737389305575,19,35,1,4,14,25,7,7,0.981913438140043,46.7332051002281
1610,3361,0.592,0.7,0.43159586227074564,0.5784103853031353,19,35,1,4,15,25,7,7,0.9167682367970652,49.77832162366478
1610,3362,0.49,0.684,0.5032279081913709,0.6338842175758106,19,35,1,4,16,25,7,7,0.8414012122643989,54.38316257406938
1610,3363,0.362,0.667,0.5725494196069023,0.6830590355507473,19,35,1,4,17,25,7,7,0.7589024970310745,61.51004868407362
1610,3364,0.334,0.647,0.6141573135725085,0.7061747930897011,19,35,1,4,18,25,7,7,0.7281243025747732,62.695916487584974
1610,3365,0.353,0.625,0.5738863667357681,0.6883807515098752,19,35,1,4,19,25,7,7,0.7177980217303472,60.54223874752454
1610,3366,0.378,0.688,0.4987733033384739,0.6416337788331057,19,35,1,4,20,25,7,7,0.7850019108256998,61.21478758338297
1610,3367,0.405,0.75,0.3867489741045026,0.5777056360071876,19,35,1,4,21,25,7,7,0.8523643587105224,61.63095370672142
1610,3368,0.438,0.813,0.25688734931316304,0.5040565445829299,19,35,1,4,22,25,7,7,0.9234787490787213,61.686637902070956
1610,3369,0.477,0.875,0.13787849917091644,0.43220059242485176,19,35,1,4,23,25,7,7,0.9965711213957587,61.4033056367682
1610,3370,0.52,0.938,0.05033657255534851,0.36907744411762045,19,35,1,4,24,25,7,7,1.0724942890290838,60.99728483757289
1610,3371,0.803,0.72,0.23772769371792668,0.45212578432622574,19,35,1,4,10,26,7,7,1.0785216734029965,41.8805974536826
1610,3372,0.76,0.708,0.2860483809449379,0.47884123885968,19,35,1,4,11,26,7,7,1.0386837824862771,42.97129744304671
1610,3373,0.709,0.696,0.34292572472394633,0.5117983074132522,19,35,1,4,12,26,7,7,0.9935275537195735,44.46987624277814
1610,3374,0.648,0.682,0.4083079723220746,0.5519771521052521,19,35,1,4,13,26,7,7,0.9407592678257282,46.46438519501162
1610,3375,0.574,0.667,0.4807670280905124,0.5995954513779087,19,35,1,4,14,26,7,7,0.8799801134116612,49.28571000386595
1610,3376,0.486,0.65,0.5549221800133418,0.652885523987287,19,35,1,4,15,26,7,7,0.8116008871360356,53.21481758987933
1610,3377,0.38,0.632,0.6259686522482567,0.7057662976063446,19,35,1,4,16,26,7,7,0.7374442351798541,58.98294508375304
1610,3378,0.293,0.611,0.6902621338285697,0.7445079391687995,19,35,1,4,17,26,7,7,0.6776208379322466,64.38033792738645
1610,3379,0.305,0.588,0.680615088175447,0.7489184846593133,19,35,1,4,18,26,7,7,0.6623964069950863,62.58389247952157
1610,3380,0.329,0.563,0.6133234824573375,0.71264941903999,19,35,1,4,19,26,7,7,0.6520812832768627,59.69928969630435
1610,3381,0.357,0.625,0.5129773898010361,0.6532201962881534,19,35,1,4,20,26,7,7,0.7197735755082982,60.26499217866453
1610,3382,0.391,0.688,0.3910257793107449,0.5821972046148565,19,35,1,4,21,26,7,7,0.7913437938089866,60.389826400415785
1610,3383,0.431,0.75,0.2628287405028481,0.5084087829902124,19,35,1,4,22,26,7,7,0.8650208089982575,60.11545332845237
1610,3384,0.476,0.813,0.1541125843570943,0.44209740814551424,19,35,1,4,23,26,7,7,0.9420960672882569,59.651630506303974
1610,3385,0.527,0.876,0.07944493393243268,0.39255960219834884,19,35,1,4,24,26,7,7,1.0223037709017804,58.96896108707834
1610,3386,0.58,0.938,0.03643797944679761,0.35628124199887945,19,35,1,4,25,26,7,7,1.1028345297459632,58.26996924489371
1610,3387,0.73,0.68,0.3233544699039679,0.5024454948848375,19,35,1,4,10,27,7,7,0.9976472322419383,42.96908576314689
1610,3388,0.68,0.667,0.37996070343547905,0.533693127390459,19,35,1,4,11,27,7,7,0.9525171914459077,44.44705121812161
1610,3389,0.622,0.652,0.4447780953130378,0.5710245187336975,19,35,1,4,12,27,7,7,0.9011037676094802,46.34894488572711
1610,3390,0.555,0.636,0.5169118538323498,0.6147961315532835,19,35,1,4,13,27,7,7,0.8441095900414828,48.89069903403014
1610,3391,0.475,0.619,0.5921427509240453,0.6642512504683676,19,35,1,4,14,27,7,7,0.7802473966633916,52.49856717247697
1610,3392,0.383,0.6,0.6644882793169461,0.7161979513280382,19,35,1,4,15,27,7,7,0.7118209044415597,57.44855292555664
1610,3393,0.276,0.579,0.7285879147446136,0.7624260021213093,19,35,1,4,16,27,7,7,0.6414179604594807,64.51361219675536
1610,3394,0.259,0.556,0.7598818997900806,0.7866406867050453,19,35,1,4,17,27,7,7,0.6133653071375981,65.02260917067797
1610,3395,0.28,0.529,0.7047588291747189,0.7713779442421494,19,35,1,4,18,27,7,7,0.5985323717226998,62.107705584996864
1610,3396,0.309,0.5,0.6160888164609358,0.7207489729099745,19,35,1,4,19,27,7,7,0.5877763179986073,58.28393477046186
1610,3397,0.344,0.563,0.5058247083194523,0.6540362785289024,19,35,1,4,20,27,7,7,0.6597764773012145,58.57455105274408
1610,3398,0.386,0.625,0.38406331054768517,0.5809314197272621,19,35,1,4,21,27,7,7,0.7345890007344243,58.30052208752831
1610,3399,0.434,0.688,0.26431134303487847,0.5093458121722081,19,35,1,4,22,27,7,7,0.8134494452638098,57.75569910653705
1610,3400,0.486,0.75,0.16458563177232355,0.448812199203275,19,35,1,4,23,27,7,7,0.8936979355464574,57.05676253383263
1610,3401,0.542,0.813,0.10237310938084176,0.40863968064771494,19,35,1,4,24,27,7,7,0.977104395650741,56.309932474020215
1610,3402,0.6,0.875,0.061450239643792925,0.3790185044098545,19,35,1,4,25,27,7,7,1.0609547586961472,55.56101069119639
1610,3403,0.657,0.938,0.027095352874921486,0.3465931365000784,19,35,1,4,26,27,7,7,1.1452043485771437,54.99158498694836
1610,3404,0.652,0.64,0.40933940776464595,0.5515600980711701,19,35,1,4,10,28,7,7,0.9136213657746847,44.467856358692444
1610,3405,0.597,0.625,0.47180338945158706,0.5859295974815206,19,35,1,4,11,28,7,7,0.8643112865166114,46.31260323746347
1610,3406,0.534,0.609,0.5416921645947266,0.625855462250295,19,35,1,4,12,28,7,7,0.8099611101775196,48.75418379737907
1610,3407,0.461,0.591,0.6165392982441735,0.6711401646955094,19,35,1,4,13,28,7,7,0.749534522220291,52.0445636339145
1610,3408,0.379,0.572,0.69038056347759,0.720230708909309,19,35,1,4,14,28,7,7,0.6861668893206666,56.47204621141711
1610,3409,0.285,0.55,0.7563136578478383,0.7686677458132816,19,35,1,4,15,28,7,7,0.6194554059817382,62.60763044810727
1610,3410,0.224,0.526,0.8075034763355905,0.8059497841425394,19,35,1,4,16,28,7,7,0.5717097165520278,66.93300268517626
1610,3411,0.233,0.5,0.7794997033055621,0.81388992513541,19,35,1,4,17,28,7,7,0.55162396612185,65.01448083675399
1610,3412,0.261,0.47,0.7031392811030842,0.7814435414007932,19,35,1,4,18,28,7,7,0.5376067335887823,60.955747441824336
1610,3413,0.298,0.438,0.605341997947922,0.7211211200655964,19,35,1,4,19,28,7,7,0.5297622108078303,55.7699882326171
1610,3414,0.342,0.5,0.4939091927423638,0.6501489462332951,19,35,1,4,20,28,7,7,0.6057755359867217,55.62787208084756
1610,3415,0.392,0.563,0.37237897798239694,0.5759461974463499,19,35,1,4,21,28,7,7,0.6860269673999704,55.151663685786204
1610,3416,0.448,0.625,0.2579082314860529,0.5062747270352368,19,35,1,4,22,28,7,7,0.7689791934766506,54.36704586732716
1610,3417,0.506,0.688,0.16674771372917718,0.45168168736579895,19,35,1,4,23,28,7,7,0.8540374699039849,53.666815268757865
1610,3418,0.567,0.75,0.1137594616663441,0.4168475072108968,19,35,1,4,24,28,7,7,0.9402068921253449,52.91071945877443
1610,3419,0.627,0.813,0.07642208450949384,0.3902303995429597,19,35,1,4,25,28,7,7,1.0266927485864503,52.35995415883198
1610,3420,0.686,0.876,0.04280740606701661,0.3624981971932272,19,35,1,4,26,28,7,7,1.1126419010625117,51.935325828062986
1610,3421,0.741,0.938,0.018400963883868582,0.33618542500798565,19,35,1,4,27,28,7,7,1.1953765097240283,51.69201664675232
1610,3422,0.571,0.6,0.49128240363915465,0.5978289513368422,19,35,1,4,10,29,7,7,0.8282759202101676,46.4186490535864
1610,3423,0.512,0.583,0.5574847020958513,0.6341746034395215,19,35,1,4,11,29,7,7,0.7759078553539718,48.70987554413503
1610,3424,0.445,0.565,0.6299422200050793,0.6754301076838725,19,35,1,4,12,29,7,7,0.719200945494373,51.775656169399014
1610,3425,0.37,0.545,0.7050251327333035,0.7209585306045185,19,35,1,4,13,29,7,7,0.6587298384011461,55.82745310382539
1610,3426,0.286,0.524,0.7751037006900536,0.7685139402230635,19,35,1,4,14,29,7,7,0.5969690109210025,61.374220607257335
1610,3427,0.204,0.5,0.829294348430103,0.8121987685410721,19,35,1,4,15,29,7,7,0.5400148146115993,67.80454047132105
1610,3428,0.193,0.474,0.8363189137352891,0.8385865703344086,19,35,1,4,16,29,7,7,0.5117860881266704,67.84517400475374
1610,3429,0.215,0.444,0.7765239587650188,0.8291813209392912,19,35,1,4,17,29,7,7,0.4933163285357581,64.1621454153396
1610,3430,0.252,0.412,0.6904490176891407,0.7823808371096848,19,35,1,4,18,29,7,7,0.48295755507083643,58.547938988000496
1610,3431,0.299,0.375,0.5881513828851661,0.7149811348914148,19,35,1,4,19,29,7,7,0.47961025843907884,51.433476879231655
1610,3432,0.353,0.437,0.47233919011196857,0.6406759999274214,19,35,1,4,20,29,7,7,0.5617632953477826,51.06940470124451
1610,3433,0.411,0.5,0.3518900328997272,0.5659680094952109,19,35,1,4,21,29,7,7,0.6472410679182834,50.57979530299279
1610,3434,0.472,0.563,0.2439752090992775,0.49985587987212543,19,35,1,4,22,29,7,7,0.734678841399424,50.02467892483933
1610,3435,0.535,0.625,0.1665246080397086,0.45189117320366057,19,35,1,4,23,29,7,7,0.8227089400267873,49.436474485657364
1610,3436,0.599,0.688,0.12026806061958872,0.4211555717313695,19,35,1,4,24,29,7,7,0.9122198199995437,48.95588115589107
1610,3437,0.66,0.75,0.0854662877265413,0.3959356900142974,19,35,1,4,25,29,7,7,0.9990495483208027,48.65222278030633
1610,3438,0.719,0.813,0.05403582650605665,0.3721095756114877,19,35,1,4,26,29,7,7,1.0853248361665737,48.51113559689815
1610,3439,0.773,0.875,0.031216722883349313,0.3512605723575897,19,35,1,4,27,29,7,7,1.1675418622045206,48.54170149397881
1610,3440,0.822,0.938,0.014351558571499834,0.33090079230592784,19,35,1,4,28,29,7,7,1.247208082077726,48.770858837422274
1610,3441,0.489,0.56,0.566813644215246,0.6406558541597693,19,35,1,4,10,30,7,7,0.7434520831903022,48.87207383208137
1610,3442,0.426,0.542,0.635038078696261,0.6781823908246318,19,35,1,4,11,30,7,7,0.6893765299167067,51.83343729090926
1610,3443,0.357,0.522,0.7087455706937221,0.7199855732149848,19,35,1,4,12,30,7,7,0.6324025616646409,55.63146153593304
1610,3444,0.281,0.5,0.7836772394088076,0.7650474116566716,19,35,1,4,13,30,7,7,0.573551218288306,60.664013301830884
1610,3445,0.197,0.477,0.8460915649453704,0.8103316041061854,19,35,1,4,14,30,7,7,0.5160794512475768,67.55947734443835
1610,3446,0.162,0.45,0.8741264656753138,0.8478320887113846,19,35,1,4,15,30,7,7,0.4782718892011112,70.20112364547508
1610,3447,0.173,0.421,0.8348748400558508,0.8604154274210064,19,35,1,4,16,30,7,7,0.45515931276861726,67.660947000880455
1610,3448,0.209,0.389,0.7618980353897138,0.8332005671972414,19,35,1,4,17,30,7,7,0.44159030786465414,61.75197039657591
1610,3449,0.259,0.353,0.6682200437215264,0.775033947272868,19,35,1,4,18,30,7,7,0.4378241656190302,53.732091590069636
1610,3450,0.315,0.313,0.5605595842299871,0.7025630020580433,19,35,1,4,19,30,7,7,0.44406531051186604,44.81752998150095
1610,3451,0.377,0.375,0.4425577388934777,0.626392920514665,19,35,1,4,20,30,7,7,0.5317461800520997,44.84761796696042
1610,3452,0.441,0.437,0.3273671303117136,0.5533671486959821,19,35,1,4,21,30,7,7,0.6208461967347468,44.73897319763453
1610,3453,0.507,0.5,0.2296379339932586,0.49281330437503945,19,35,1,4,22,30,7,7,0.7120737321373399,44.601723935731094
1610,3454,0.572,0.563,0.16573785416326858,0.4508643972113927,19,35,1,4,23,30,7,7,0.802591427813679,44.54568175486488
1610,3455,0.636,0.625,0.12363222264543738,0.42272119509037365,19,35,1,4,24,30,7,7,0.8916955758553476,44.50020809752113
1610,3456,0.697,0.688,0.08871937990344647,0.39854255807588,19,35,1,4,25,30,7,7,0.9793635688547946,44.62768609559966
1610,3457,0.754,0.75,0.05927927262720256,0.37664567724261133,19,35,1,4,26,30,7,7,1.0634923601041995,44.84761796696042
1610,3458,0.806,0.813,0.037661838134061876,0.3580499275800668,19,35,1,4,27,30,7,7,1.1448165791951128,45.24772573033667
1610,3459,0.851,0.876,0.021107300786208594,0.3394967204276659,19,35,1,4,28,30,7,7,1.221301355112652,45.82935405088687
1610,3460,0.89,0.938,0.0076902152062411355,0.3199900809377121,19,35,1,4,29,30,7,7,1.2930367357503807,46.504138729229
1610,3461,0.407,0.52,0.6349016964140871,0.6799864797083648,19,35,1,4,10,31,7,7,0.6603400639064694,51.9499866199181
1610,3462,0.342,0.5,0.7038744232418881,0.7181556644062498,19,35,1,4,11,31,7,7,0.6057755359867217,55.62787208084756
1610,3463,0.271,0.478,0.77821845749953,0.7599882549209036,19,35,1,4,12,31,7,7,0.5494770240874499,60.44912172974641
1610,3464,0.195,0.454,0.8545500905882878,0.8040211606134408,19,35,1,4,13,31,7,7,0.4941062638744828,66.75573122376268
1610,3465,0.141,0.429,0.8959967108712584,0.8460010707445265,19,35,1,4,14,31,7,7,0.4515772359187296,71.8057883297998
1610,3466,0.139,0.4,0.8763110344310381,0.874499481148605,19,35,1,4,15,31,7,7,0.42346310346947585,70.83766064502811
1610,3467,0.171,0.368,0.8186584019459686,0.8695001912461331,19,35,1,4,16,31,7,7,0.40578935422211365,65.07693606056745
1610,3468,0.221,0.333,0.7356967385614313,0.826144360452438,19,35,1,4,17,31,7,7,0.39966235749692514,56.42921567332995
1610,3469,0.281,0.294,0.6365070007035957,0.7600333553666907,19,35,1,4,18,31,7,7,0.4066902998597336,46.29516219583829
1610,3470,0.346,0.25,0.5255041391118654,0.6846375081474697,19,35,1,4,19,31,7,7,0.42686766099108514,35.84974322198513
1610,3471,0.413,0.312,0.40919329704588236,0.6086358537331511,19,35,1,4,20,31,7,7,0.5176031298205218,37.069148007857905
1610,3472,0.481,0.375,0.30002829630936734,0.5392735606723138,19,35,1,4,21,31,7,7,0.6099065502189659,37.94089766229969
1610,3473,0.549,0.437,0.2142600090715382,0.4845875491911833,19,35,1,4,22,31,7,7,0.7016908151030623,38.519533979571065
1610,3474,0.615,0.5,0.1594051241576987,0.44703867015993204,19,35,1,4,23,31,7,7,0.7926064597263891,39.111391253954345
1610,3475,0.678,0.563,0.12058090547636935,0.42026807670377686,19,35,1,4,24,31,7,7,0.8812791839139287,39.7056802514184
1610,3476,0.737,0.625,0.08652164386363759,0.397015245900587,19,35,1,4,25,31,7,7,0.9663301713182715,40.2990298953169
1610,3477,0.79,0.688,0.060039953753736386,0.37686292024581725,19,35,1,4,26,31,7,7,1.047589614305144,41.052152935060704
1610,3478,0.838,0.75,0.04024072118462019,0.35964978431682826,19,35,1,4,27,31,7,7,1.1246083762803831,41.82816315289545
1610,3479,0.879,0.813,0.02393212234042752,0.34238049916325974,19,35,1,4,28,31,7,7,1.1973345397172839,42.76619073985707
1610,3480,0.914,0.875,0.011697721184408816,0.3268088060671962,19,35,1,4,29,31,7,7,1.2653145853897363,43.75115621836868
1610,3481,0.941,0.938,0.004576007444844654,0.31335026696748824,19,35,1,4,30,31,7,7,1.3286553352920387,44.90852198377536
1610,3482,0.325,0.48,0.6951207482798334,0.7158543241721845,19,35,1,4,10,32,7,7,0.5796766339951956,55.89872580575286
1610,3483,0.259,0.458,0.7633011048746062,0.7541969665306905,19,35,1,4,11,32,7,7,0.5261606218637043,60.51174589094384
1610,3484,0.188,0.435,0.8354429570738314,0.7954849536447384,19,35,1,4,12,32,7,7,0.47388711736024225,66.62677617435735
1610,3485,0.127,0.409,0.9014423531305599,0.8375195280196799,19,35,1,4,13,32,7,7,0.4282639373096922,72.74972857721178
1610,3486,0.115,0.381,0.9006025076538982,0.8738391385023179,19,35,1,4,14,32,7,7,0.3979773862922365,73.20422867162775
1610,3487,0.14,0.35,0.8593784378492976,0.8882734481889499,19,35,1,4,15,32,7,7,0.3769615364994153,68.19859051364818
1610,3488,0.189,0.316,0.7896624972196734,0.8639583708721453,19,35,1,4,16,32,7,7,0.36820782175287914,59.11630272580847
1610,3489,0.251,0.278,0.7003671457859533,0.8088819983521167,19,35,1,4,17,32,7,7,0.374546392320097,47.921823850482774
1610,3490,0.318,0.235,0.5965669810244542,0.7382913976266622,19,35,1,4,18,32,7,7,0.39540991388684227,36.46416800227543
1610,3491,0.388,0.188,0.4835672491426227,0.6622118200552267,19,35,1,4,19,32,7,7,0.43114730661341255,25.851862542060402
1610,3492,0.458,0.25,0.37060529318466906,0.5883945627512371,19,35,1,4,20,32,7,7,0.5217892294787235,28.627986670469927
1610,3493,0.528,0.312,0.27058414300205524,0.5239216568884046,19,35,1,4,21,32,7,7,0.6132927522806706,30.579226872489016
1610,3494,0.596,0.375,0.19857672415550898,0.4747424218687424,19,35,1,4,22,32,7,7,0.7041597830038293,32.177882399411985
1610,3495,0.66,0.437,0.15066497839777837,0.44065394132847724,19,35,1,4,23,32,7,7,0.7915611157706017,33.50938767092814
1610,3496,0.72,0.5,0.11434641219948571,0.41532299247867843,19,35,1,4,24,32,7,7,0.876584280032445,34.777831366363884
1610,3497,0.776,0.563,0.08236813322191283,0.39354828976714096,19,35,1,4,25,32,7,7,0.9587205015018715,35.96146569234087
1610,3498,0.825,0.625,0.05820267160474668,0.37490384837962054,19,35,1,4,26,32,7,7,1.0350120772242226,37.14668669802179
1610,3499,0.869,0.688,0.03999507237556865,0.3582449763459694,19,35,1,4,27,32,7,7,1.1083794476622164,38.36917413101505
1610,3500,0.905,0.75,0.024234533696034677,0.34204357812815633,19,35,1,4,28,32,7,7,1.175382916329823,39.64953722006908
1610,3501,0.935,0.813,0.013228738392262351,0.3287952145912607,19,35,1,4,29,32,7,7,1.2390294588911113,41.00756973542432
1610,3502,0.958,0.875,0.0064206057421064555,0.3173900713431992,19,35,1,4,30,32,7,7,1.2974548161689485,42.407363072874
1610,3503,0.975,0.938,0.002163167285794687,0.30678027507291894,19,35,1,4,31,32,7,7,1.352948262129783,43.89196050551577
1610,3504,0.245,0.44,0.7470441102140124,0.7481148589760607,19,35,1,4,10,33,7,7,0.5036119537898202,60.89014444310891
1610,3505,0.178,0.416,0.8118216644423372,0.7860034877423858,19,35,1,4,11,33,7,7,0.45248204384262586,66.83466298204526
1610,3506,0.118,0.391,0.8756024027654061,0.8257274199655378,19,35,1,4,12,33,7,7,0.4084176783637065,73.20669617494288
1610,3507,0.1,0.363,0.9077645397779291,0.8636648118522589,19,35,1,4,13,33,7,7,0.37652224369882853,74.59807202711862
1610,3508,0.12,0.333,0.883515072264043,0.8896652883444441,19,35,1,4,14,33,7,7,0.35396186235242916,70.18284748038103
1610,3509,0.165,0.3,0.8284919709974463,0.8851832200138,19,35,1,4,15,33,7,7,0.34238136631539984,61.18920625702693
1610,3510,0.226,0.263,0.750337197661029,0.8452525599449712,19,35,1,4,16,33,7,7,0.3467636082405419,49.32701846151348
1610,3511,0.295,0.222,0.654959150338591,0.7836499170708604,19,35,1,4,17,33,7,7,0.3692004875403065,36.96301096503016
1610,3512,0.367,0.176,0.5483988237124868,0.7115474501448609,19,35,1,4,18,33,7,7,0.40701965554503633,25.620700773498356
1610,3513,0.439,0.125,0.4372890403891466,0.6368756712065662,19,35,1,4,19,33,7,7,0.4564493400148586,15.893669361097214
1610,3514,0.51,0.187,0.330885952764543,0.5668903509009897,19,35,1,4,20,33,7,7,0.5432025404947955,20.136303428248137
1610,3515,0.578,0.25,0.243303615136088,0.5079075590495685,19,35,1,4,21,33,7,7,0.6297491564107093,23.389735023919386
1610,3516,0.644,0.312,0.18233919869269688,0.46375773321643965,19,35,1,4,22,33,7,7,0.7155976523158807,25.84889123160758
1610,3517,0.705,0.375,0.14009778569779952,0.43263955366447626,19,35,1,4,23,33,7,7,0.7985298992523698,28.009176708013836
1610,3518,0.761,0.437,0.10548930951723867,0.4088141787699918,19,35,1,4,24,33,7,7,0.877547719500199,29.866356265843603
1610,3519,0.812,0.5,0.07653394554604387,0.3883415232663371,19,35,1,4,25,33,7,7,0.9535953020018503,31.623247170148556
1610,3520,0.857,0.563,0.0543385922124745,0.3705294108779037,19,35,1,4,26,33,7,7,1.0253867563022256,33.30262563932325
1610,3521,0.895,0.625,0.03727173946286755,0.35424485284862284,19,35,1,4,27,33,7,7,1.0916272257506223,34.92752216256106
1610,3522,0.927,0.688,0.02249015646436925,0.339300302237448,19,35,1,4,28,33,7,7,1.1544145702476212,36.582031459955836
1610,3523,0.952,0.75,0.012722630910670385,0.3271914420619051,19,35,1,4,29,33,7,7,1.2119422428482307,38.23157457726297
1610,3524,0.971,0.813,0.00644609919397876,0.31676554635448506,19,35,1,4,30,33,7,7,1.2664162033075854,39.93880337955517
1610,3525,0.984,0.875,0.0025514952979153183,0.3073325409895462,19,35,1,4,31,33,7,7,1.31676915212956,41.64437985980987
1610,3526,0.992,0.938,6.058442161189781e-4,0.2999165669484448,19,35,1,4,32,33,7,7,1.3652501602270553,43.397323776575654
1610,3527,0.166,0.4,0.7903926680156194,0.776246960942375,19,35,1,4,10,34,7,7,0.4330773602949016,67.46154995917192
1610,3528,0.112,0.375,0.8492197907074261,0.8126170165765718,19,35,1,4,11,34,7,7,0.3913681131620204,73.37086804074269
1610,3529,0.095,0.348,0.8975689774624152,0.8488273272843067,19,35,1,4,12,34,7,7,0.36073397400300405,74.7309508864428
1610,3530,0.111,0.318,0.8911380991081402,0.8787744007085889,19,35,1,4,13,34,7,7,0.3368159734929447,70.75812172197563
1610,3531,0.152,0.286,0.8505921448682612,0.8888526241421468,19,35,1,4,14,34,7,7,0.3238826948140329,62.010761504676225
1610,3532,0.21,0.25,0.78511200242672,0.8664242975226406,19,35,1,4,15,34,7,7,0.32649655434629016,49.9697407281103
1610,3533,0.278,0.21,0.7006071940562022,0.8172992162768586,19,35,1,4,16,34,7,7,0.3484020665839972,37.06724168582793
1610,3534,0.35,0.166,0.6023696226096166,0.7530699366679435,19,35,1,4,17,34,7,7,0.38737062356353247,25.37431728522066
1610,3535,0.423,0.117,0.4962509957198604,0.6816825181357347,19,35,1,4,18,34,7,7,0.4388826722485179,15.461217740441903
1610,3536,0.494,0.062,0.38934492559188694,0.6100634650568262,19,35,1,4,19,34,7,7,0.49787548644214247,7.153564318394415
1610,3537,0.563,0.125,0.29256341600683144,0.544936049935065,19,35,1,4,20,34,7,7,0.5767096323107496,12.518031749242256
1610,3538,0.628,0.187,0.21811227219733498,0.4914831157243402,19,35,1,4,21,34,7,7,0.65525033384196,16.581989476886342
1610,3539,0.69,0.25,0.16594188523641995,0.45176777477394725,19,35,1,4,22,34,7,7,0.7338937252763509,19.916405993809086
1610,3540,0.747,0.312,0.12789403607835292,0.4231692576287728,19,35,1,4,23,34,7,7,0.8095387575650718,22.66886360728677
1610,3541,0.798,0.375,0.09547516917848986,0.40068440756113544,19,35,1,4,24,34,7,7,0.8817193431018739,25.16999591609656
1610,3542,0.844,0.437,0.06957562769422909,0.3812277844698275,19,35,1,4,25,34,7,7,0.9504235897745805,27.373879037782967
1610,3543,0.884,0.5,0.04959418085218703,0.3640872187647971,19,35,1,4,26,34,7,7,1.0156062229033456,29.492971823107197
1610,3544,0.917,0.563,0.033428921460505245,0.34855948361662215,19,35,1,4,27,34,7,7,1.0760381034145585,31.548200699587326
1610,3545,0.944,0.625,0.02000254686111158,0.33494062606164776,19,35,1,4,28,34,7,7,1.132148841804822,33.50759750748073
1610,3546,0.965,0.688,0.01157397102060953,0.32382753608038317,19,35,1,4,29,34,7,7,1.185145138791026,35.487097911477655
1610,3547,0.98,0.75,0.0059046713811719,0.3141327459260237,19,35,1,4,30,34,7,7,1.2340583454602136,37.4270513594566
1610,3548,0.99,0.813,0.0023485926236085364,0.30563690334067317,19,35,1,4,31,34,7,7,1.2810421538731658,39.39325475910484
1610,3549,0.996,0.875,6.491945424028644e-4,0.29981732608593203,19,35,1,4,32,34,7,7,1.3257605364469105,41.299760382871845
1610,3550,0.999,0.938,1.093689953086674e-4,0.2957151200442296,19,35,1,4,33,34,7,7,1.3703448471096609,43.19623756362995
1610,3551,0.113,0.36,0.8257886452449037,0.7992302631880883,19,35,1,4,10,35,7,7,0.3773181681287027,72.57350643224821
1610,3552,0.101,0.333,0.8761322769954389,0.8323003597513066,19,35,1,4,11,35,7,7,0.3479798844761002,73.12727609392039
1610,3553,0.114,0.304,0.8831971429793587,0.8618365931248188,19,35,1,4,12,35,7,7,0.3246721423220662,69.44395478041653
1610,3554,0.15,0.273,0.8561325159636672,0.8790739001102088,19,35,1,4,13,35,7,7,0.3114947832628983,61.213381689985965
1610,3555,0.202,0.238,0.8042971129284116,0.8718301240475591,19,35,1,4,14,35,7,7,0.31216662217476104,49.677417858881746
1610,3556,0.266,0.2,0.7322316623103846,0.8373580276405169,19,35,1,4,15,35,7,7,0.3328002403845286,36.93876273228983
1610,3557,0.336,0.158,0.6443328521271673,0.7838749305579257,19,35,1,4,16,35,7,7,0.3712950309390095,25.184697103633535
1610,3558,0.408,0.111,0.5457473150037802,0.7194425779099856,19,35,1,4,17,35,7,7,0.42282975297393627,15.219464831173802
1610,3559,0.479,0.059,0.44248293693469953,0.6503296034068814,19,35,1,4,18,35,7,7,0.48261993328083747,7.021940012765528
1610,3560,0.547,0,0.3429596349576052,0.5828683358437721,19,35,1,4,19,35,7,7,0.547,0
1610,3561,0.612,0.062,0.2585092908208768,0.5230525872720473,19,35,1,4,20,35,7,7,0.6151325060505257,5.784738394736536
1610,3562,0.674,0.125,0.19517908907182224,0.47484233177086466,19,35,1,4,21,35,7,7,0.6854932530667243,10.506696631458592
1610,3563,0.731,0.188,0.1502421569015301,0.4389990468063677,19,35,1,4,22,35,7,7,0.7547880497199198,14.42287364367799
1610,3564,0.783,0.25,0.11523801355727581,0.4126027830058523,19,35,1,4,23,35,7,7,0.8219422120806303,17.707492445423224
1610,3565,0.829,0.313,0.08586223028341822,0.39140075250082584,19,35,1,4,24,35,7,7,0.8861207592647855,20.684697526379644
1610,3566,0.87,0.375,0.06262507822387375,0.3729720948935644,19,35,1,4,25,35,7,7,0.9473779604782877,23.31770838675507
1610,3567,0.905,0.438,0.04474251288325404,0.35672421374739494,19,35,1,4,26,35,7,7,1.0054198128145277,25.82595622944153
1610,3568,0.934,0.5,0.02953526797308703,0.3422511622917047,19,35,1,4,27,35,7,7,1.0594130450395636,28.161564144837747
1610,3569,0.956,0.563,0.017676467407561458,0.32979492079214,19,35,1,4,28,35,7,7,1.1094615811284319,30.494347292257377
1610,3570,0.974,0.625,0.01027924238957334,0.3193918932583668,19,35,1,4,29,35,7,7,1.1572817288802237,32.687631014263
1610,3571,0.986,0.688,0.005199542791640144,0.3102913294087859,19,35,1,4,30,35,7,7,1.2023061174260072,34.9061312502682
1610,3572,0.993,0.75,0.0019907911018154367,0.3029810819122809,19,35,1,4,31,35,7,7,1.2444070877329492,37.06327707384731
1610,3573,0.998,0.813,5.607531384250741e-4,0.29818240026879006,19,35,1,4,32,35,7,7,1.2872346328467084,39.167267916545725
1610,3574,0.999,0.876,9.450060295090879e-5,0.2947546746966726,19,35,1,4,33,35,7,7,1.3286749038045387,41.24677452634258
1610,3575,1,0.938,2.2419733055611957e-6,0.2931614298406806,19,35,1,4,34,35,7,7,1.3710740315533658,43.16763304046667
1610,3612,1,1,0,0.2928932188134524,19,35,1,4,10,19,10,7,1.4142135623730951,45
1610,3613,1,1,0,0.2928932188134524,19,35,1,4,11,19,10,7,1.4142135623730951,45
1610,3614,1,1,0,0.2928932188134524,19,35,1,4,12,19,10,7,1.4142135623730951,45
1610,3615,1,1,0,0.2928932188134524,19,35,1,4,13,19,10,7,1.4142135623730951,45
1610,3616,1,1,0,0.2928932188134524,19,35,1,4,14,19,10,7,1.4142135623730951,45
1610,3617,1,1,0,0.2928932188134524,19,35,1,4,15,19,10,7,1.4142135623730951,45
1610,3618,1,1,0,0.2928932188134524,19,35,1,4,16,19,10,7,1.4142135623730951,45
1610,3619,1,1,0,0.2928932188134524,19,35,1,4,17,19,10,7,1.4142135623730951,45
1610,3620,1,1,0,0.2928932188134524,19,35,1,4,18,19,10,7,1.4142135623730951,45
1610,3621,1,0.96,1.7972288257050995e-4,0.2933218625388623,19,35,1,4,10,20,10,7,1.3862178760930766,43.830860672092584
1610,3622,1,0.959,3.393190829699133e-4,0.29349722254093047,19,35,1,4,11,20,10,7,1.385525532063556,43.80102906682782
1610,3623,0.999,0.957,6.756719695431013e-4,0.29378255906198025,19,35,1,4,12,20,10,7,1.3834196760202595,43.769911552242654
1610,3624,0.999,0.955,0.0014023460987965253,0.294273224141394,19,35,1,4,13,20,10,7,1.3820369025463828,43.7100366789229
1610,3625,0.997,0.953,0.0029054199584396256,0.29517528759139444,19,35,1,4,14,20,10,7,1.3792091937048563,43.707391497148436
1610,3626,0.993,0.95,0.005841927624474885,0.29698090213680817,19,35,1,4,15,20,10,7,1.3742448835633334,43.73220976863104
1610,3627,0.983,0.948,0.011051727313577397,0.30103353124132015,19,35,1,4,16,20,10,7,1.3656474654902706,43.96160915490788
1610,3628,0.957,0.945,0.01925953219526899,0.31141435958318175,19,35,1,4,17,20,10,7,1.3449438649995769,44.63851722835951
1610,3629,0.886,0.942,0.029994798014452706,0.337368539080416,19,35,1,4,18,20,10,7,1.2931975873778918,46.75468298489316
1610,3630,0.703,0.938,0.03957065119398706,0.35979460602409497,19,35,1,4,19,20,10,7,1.1722000682477371,53.14965389051127
1610,3631,0.994,0.92,0.007112826304112474,0.29940794946228244,19,35,1,4,10,21,10,7,1.3544135262171595,42.78590543413608
1610,3632,0.991,0.917,0.010722324458979804,0.3015206254979014,19,35,1,4,11,21,10,7,1.3501740628526384,42.77894983468128
1610,3633,0.985,0.913,0.01620762958816313,0.3046572066513862,19,35,1,4,12,21,10,7,1.343053982533837,42.82754530504722
1610,3634,0.975,0.909,0.024295276539806454,0.3094695375851222,19,35,1,4,13,21,10,7,1.3330063765788969,42.99364349610016
1610,3635,0.959,0.905,0.03582264597868556,0.3171259406378495,19,35,1,4,14,21,10,7,1.318600015167602,43.34060784231436
1610,3636,0.932,0.9,0.051251600435389344,0.32975970766791607,19,35,1,4,15,21,10,7,1.2956172274248285,43.99930212214117
1610,3637,0.887,0.895,0.07091241232320977,0.35094681398560756,19,35,1,4,16,21,10,7,1.26007698177532,45.257218382050496
1610,3638,0.81,0.889,0.09478538025772099,0.38381788470371103,19,35,1,4,17,21,10,7,1.2026724408582747,47.66221819720134
1610,3639,0.668,0.883,0.12141383695062802,0.4205503028846477,19,35,1,4,18,21,10,7,1.1072095555946038,52.89206128719007
1610,3640,0.549,0.876,0.13476719411212312,0.4302286701605509,19,35,1,4,19,21,10,7,1.0338167148967945,57.924120636148444
1610,3641,0.517,0.938,0.09246436731818519,0.40240362530101315,19,35,1,4,20,21,10,7,1.0710429496523468,61.13764545983211
1610,3642,0.968,0.88,0.035739784353337356,0.3189234146379092,19,35,1,4,10,22,10,7,1.3082140497640284,42.27368900609374
1610,3643,0.955,0.875,0.04795450549267666,0.3258814365306475,19,35,1,4,11,22,10,7,1.2952412902621657,42.496860220415094
1610,3644,0.937,0.87,0.06407883185155316,0.33555049547898375,19,35,1,4,12,22,10,7,1.2786199591747347,42.87655810720783
1610,3645,0.911,0.864,0.08493099031793439,0.3492052109072602,19,35,1,4,13,22,10,7,1.2555544591932284,43.48322673631275
1610,3646,0.874,0.858,0.11149974980899147,0.3686693919190108,19,35,1,4,14,22,10,7,1.2247612012143427,44.470723789798654
1610,3647,0.822,0.85,0.1433065246460905,0.3961019229783327,19,35,1,4,15,22,10,7,1.1824483075382195,45.95940902039603
1610,3648,0.747,0.843,0.1778725921450648,0.4323302007997901,19,35,1,4,16,22,10,7,1.1263471933644615,48.45517336771938
1610,3649,0.635,0.834,0.2130850993483645,0.4722728917283511,19,35,1,4,17,22,10,7,1.048227551631801,52.71468516848033
1610,3650,0.495,0.824,0.2505582053097487,0.500445933183572,19,35,1,4,18,22,10,7,0.9612497074121791,59.00557668431805
1610,3651,0.464,0.813,0.25126515996910004,0.5003357751758917,19,35,1,4,19,22,10,7,0.9360902734245239,60.28548614662371
1610,3652,0.465,0.875,0.20584475096996668,0.4738378499744227,19,35,1,4,20,22,10,7,0.9908834442052203,62.01254680924402
1610,3653,0.48,0.938,0.1273617075147211,0.4259689357320723,19,35,1,4,21,22,10,7,1.053681166197821,62.89994436014885
1610,3654,0.917,0.84,0.09251557738061156,0.3554542211085957,19,35,1,4,10,23,10,7,1.2435791088628017,42.4906352601483
1610,3655,0.892,0.834,0.11667063379819798,0.3696081645196463,19,35,1,4,11,23,10,7,1.2211551907927183,43.075373573144276
1610,3656,0.86,0.826,0.14668759227987738,0.3882092151585843,19,35,1,4,12,23,10,7,1.192424421085043,43.84472568477158
1610,3657,0.818,0.818,0.18235183386524945,0.41262897681407984,19,35,1,4,13,23,10,7,1.1568266940211918,45
1610,3658,0.763,0.81,0.22229474934667615,0.444153218016754,19,35,1,4,14,23,10,7,1.1127753591808187,46.71144353969534
1610,3659,0.691,0.8,0.26592114952096635,0.48292237623703416,19,35,1,4,15,23,10,7,1.0571097388634731,49.18118702365516
1610,3660,0.594,0.79,0.31323555825679616,0.5257271235745788,19,35,1,4,16,23,10,7,0.9884007284497518,53.06054053542452
1610,3661,0.463,0.778,0.3636841419629214,0.563584482835987,19,35,1,4,17,23,10,7,0.9053468948419716,59.24245962820776
1610,3662,0.413,0.765,0.4003108564989124,0.5822468178164046,19,35,1,4,18,23,10,7,0.8693641354461317,61.63675275727885
1610,3663,0.417,0.75,0.3775876462697342,0.5724088006363321,19,35,1,4,19,23,10,7,0.8581311088639078,60.925940628491276
1610,3664,0.435,0.813,0.32063804057735645,0.5408334876944384,19,35,1,4,20,23,10,7,0.9220596509987843,61.85075321407228
1610,3665,0.456,0.875,0.23827242242681856,0.4931457414095284,19,35,1,4,21,23,10,7,0.9866919478743099,62.47404896568122
1610,3666,0.478,0.938,0.12795067421441841,0.42619839114268143,19,35,1,4,22,23,10,7,1.0527715801635222,62.996841800202574
1610,3667,0.845,0.8,0.17698529636855265,0.40853023886920303,19,35,1,4,10,24,10,7,1.1636257989577234,43.43302904295146
1610,3668,0.809,0.792,0.21422571180640582,0.43091761181621313,19,35,1,4,11,24,10,7,1.1321417755740666,44.3916354484161
1610,3669,0.764,0.783,0.2569541345978036,0.45883354985060965,19,35,1,4,12,24,10,7,1.0939766907937298,45.70366197713719
1610,3670,0.708,0.773,0.30486343422847484,0.493071154423788,19,35,1,4,13,24,10,7,1.0482332755641752,47.51305681523018
1610,3671,0.639,0.762,0.35771913444499337,0.53353485342554,19,35,1,4,14,24,10,7,0.9944671940290439,50.017385733816525
1610,3672,0.553,0.75,0.41360148768832194,0.577985748671483,19,35,1,4,15,24,10,7,0.9318309932600439,53.59741107780512
1610,3673,0.444,0.737,0.4686643406772171,0.6203793941705229,19,35,1,4,16,24,10,7,0.8604097860903257,58.93346063705712
1610,3674,0.366,0.722,0.522803533549324,0.6499039559927728,19,35,1,4,17,24,10,7,0.8094689617273784,63.11840077564901
1610,3675,0.371,0.706,0.5223727249812629,0.6541686699404275,19,35,1,4,18,24,10,7,0.7975443561332497,62.27826467153715
1610,3676,0.39,0.688,0.47666783813681124,0.6311098191393699,19,35,1,4,19,24,10,7,0.7908501754441228,60.45281351908478
1610,3677,0.412,0.75,0.40690802135925785,0.5899523084340732,19,35,1,4,20,24,10,7,0.8557125685649358,61.218540567136955
1610,3678,0.435,0.813,0.30782775168602317,0.5341055220263287,19,35,1,4,21,24,10,7,0.9220596509987843,61.85075321407228
1610,3679,0.461,0.875,0.19828341622378387,0.4695101316020064,19,35,1,4,22,24,10,7,0.9890126389485626,62.21717581124318
1610,3680,0.49,0.938,0.08995468356549907,0.40005249216866146,19,35,1,4,23,24,10,7,1.0582740665819983,62.41797079220284
1610,3681,0.758,0.76,0.28245962357140253,0.47341413392789233,19,35,1,4,10,25,10,7,1.0733890254702625,45.07548846687813
1610,3682,0.712,0.75,0.3307726826734121,0.5032505069449704,19,35,1,4,11,25,10,7,1.034139255613092,46.488884764149695
1610,3683,0.656,0.739,0.3848599164363625,0.5386052349475883,19,35,1,4,12,25,10,7,0.9881583881139703,48.40498206581999
1610,3684,0.59,0.727,0.44341208961106704,0.5792870051914827,19,35,1,4,13,25,10,7,0.9362846789305056,50.93879335221284
1610,3685,0.512,0.715,0.502841201563356,0.6236489326716109,19,35,1,4,14,25,10,7,0.8794140094403773,54.39415806098856
1610,3686,0.417,0.7,0.5607191329096457,0.6674068300507593,19,35,1,4,15,25,10,7,0.8147938389555974,59.21713882407519
1610,3687,0.327,0.684,0.6161086557688632,0.702328898188656,19,35,1,4,16,25,10,7,0.7581457643487828,64.4489275457073
1610,3688,0.326,0.667,0.6363357954952682,0.716652446317246,19,35,1,4,17,25,10,7,0.7424048760615733,63.95266767972521
1610,3689,0.346,0.647,0.5951341639648615,0.7020340310723092,19,35,1,4,18,25,10,7,0.7337063445275637,61.863202908103766
1610,3690,0.368,0.625,0.5299742355820374,0.6632365859873128,19,35,1,4,19,25,10,7,0.7252923548473401,59.51042329746295
1610,3691,0.392,0.688,0.43803190886512855,0.6099619367907905,19,35,1,4,20,25,10,7,0.7918383673452556,60.32691788792218
1610,3692,0.42,0.75,0.32977941247805287,0.5469573961243175,19,35,1,4,21,25,10,7,0.8595929269136642,60.751173663453024
1610,3693,0.452,0.813,0.2141516500821854,0.48031354181931607,19,35,1,4,22,25,10,7,0.9302005160179175,60.92744797015987
1610,3694,0.488,0.875,0.1174170867537283,0.4183571968457632,19,35,1,4,23,25,10,7,1.0018827276682636,60.85096765372523
1610,3695,0.526,0.938,0.04524578177003202,0.36450049264992757,19,35,1,4,24,25,10,7,1.0754161985017707,60.71770433412451
1610,3696,0.662,0.72,0.3985642908375079,0.5422841123184943,19,35,1,4,10,26,10,7,0.978081796170443,47.403188290240465
1610,3697,0.607,0.708,0.4558816258150875,0.5772032434728256,19,35,1,4,11,26,10,7,0.9325840444699877,49.39204150534972
1610,3698,0.544,0.696,0.5169531853847376,0.6166046840443894,19,35,1,4,12,26,10,7,0.8833753449129085,51.98848972998347
1610,3699,0.472,0.682,0.5779537816639829,0.6592528153200411,19,35,1,4,13,26,10,7,0.829402194354464,55.31358457751529
1610,3700,0.387,0.667,0.6364715276348786,0.7020504443857416,19,35,1,4,14,26,10,7,0.77114071348879,59.87726879070212
1610,3701,0.296,0.65,0.6898529907055738,0.7387910452587858,19,35,1,4,15,26,10,7,0.7142240544815052,65.51621038508888
1610,3702,0.285,0.632,0.721275104813329,0.7593673318035322,19,35,1,4,16,26,10,7,0.693288540219727,65.72703605584339
1610,3703,0.302,0.611,0.6844724495920751,0.7533646111650987,19,35,1,4,17,26,10,7,0.6815607089614247,63.69811656316531
1610,3704,0.325,0.588,0.6179675189201754,0.7196703617744178,19,35,1,4,18,26,10,7,0.6718400107168372,61.069645625583355
1610,3705,0.351,0.563,0.5289309245114439,0.6679192816803183,19,35,1,4,19,26,10,7,0.6634530880175327,58.058695764495624
1610,3706,0.382,0.625,0.42637606159882935,0.6069047368270677,19,35,1,4,20,26,10,7,0.7324950511778219,58.566726400471275
1610,3707,0.416,0.688,0.31618703235352896,0.541797604968863,19,35,1,4,21,26,10,7,0.8039900496896711,58.840695491655616
1610,3708,0.455,0.75,0.212739885228298,0.4789793954098045,19,35,1,4,22,26,10,7,0.8772257406164049,58.756207674754314
1610,3709,0.497,0.813,0.12578475153185342,0.4240281508914102,19,35,1,4,23,26,10,7,0.9528787960700983,58.561883201774435
1610,3710,0.541,0.876,0.07105856529257382,0.38543848126859825,19,35,1,4,24,26,10,7,1.0295906953736518,58.30135539694066
1610,3711,0.587,0.938,0.03354259682616034,0.3530397885652994,19,35,1,4,25,26,10,7,1.1065319697143865,57.961685032243906
1610,3712,0.56,0.68,0.5148745314425645,0.6081821303795243,19,35,1,4,10,27,10,7,0.8809086218218097,50.527540151656176
1610,3713,0.5,0.667,0.5765838697905057,0.6454453076039792,19,35,1,4,11,27,10,7,0.8336000239923221,53.14384894206714
1610,3714,0.432,0.652,0.6380951587749666,0.6855930409632714,19,35,1,4,12,27,10,7,0.7821304239063969,56.47247325646148
1610,3715,0.355,0.636,0.6961635545953757,0.7264178450242246,19,35,1,4,13,27,10,7,0.7283687253033315,60.83078921383421
1610,3716,0.269,0.619,0.7465935773952861,0.7633786290670381,19,35,1,4,14,27,10,7,0.674923699391272,66.51158894901036
1610,3717,0.249,0.6,0.7817903671528703,0.7883715616449731,19,35,1,4,15,27,10,7,0.6496160404423523,67.46154995917192
1610,3718,0.26,0.579,0.7495399849480837,0.7909430128908193,19,35,1,4,16,27,10,7,0.6346975657744403,65.81753150988017
1610,3719,0.283,0.556,0.6846344706463676,0.7659738852174925,19,35,1,4,17,27,10,7,0.6238789946776538,63.02423342415695
1610,3720,0.312,0.529,0.6021305958162098,0.7192773297885442,19,35,1,4,18,27,10,7,0.6141538895097872,59.46823361962972
1610,3721,0.346,0.5,0.507108949905285,0.6609227090770373,19,35,1,4,19,27,10,7,0.6080427616541455,55.316765707103166
1610,3722,0.384,0.563,0.4041216099455768,0.5974870411740675,19,35,1,4,20,27,10,7,0.681487343976394,55.70365055850286
1610,3723,0.426,0.625,0.2995331151518833,0.5334498983627729,19,35,1,4,21,27,10,7,0.7563735849433135,55.72165764728299
1610,3724,0.471,0.688,0.20571865274515955,0.47501466782340673,19,35,1,4,22,27,10,7,0.8337775482705204,55.604730613946955
1610,3725,0.518,0.75,0.1326685818161748,0.4298026428615299,19,35,1,4,23,27,10,7,0.9114954744813603,55.36845541239505
1610,3726,0.567,0.813,0.08842515291077258,0.39916015368086066,19,35,1,4,24,27,10,7,0.9911901936560913,55.10742687653161
1610,3727,0.616,0.875,0.055240141331579395,0.37339411278064516,19,35,1,4,25,27,10,7,1.0700845760966746,54.85445450029394
1610,3728,0.665,0.938,0.024477689372709666,0.34333381684311715,19,35,1,4,26,27,10,7,1.1498125934255548,54.66506651224435
1610,3729,0.457,0.64,0.6228074201336251,0.6678297063669192,19,35,1,4,10,28,10,7,0.7864152846937806,54.47079165061184
1610,3730,0.393,0.625,0.6846878369729,0.7054242233198569,19,35,1,4,11,28,10,7,0.7382912704346436,57.838318570751916
1610,3731,0.322,0.609,0.742812537615138,0.7441673859355894,19,35,1,4,12,28,10,7,0.6888867831509035,62.13299615034313
1610,3732,0.243,0.591,0.7912591736240616,0.780843074595995,19,35,1,4,13,28,10,7,0.6390070422147162,67.64912734565605
1610,3733,0.216,0.572,0.825044519691215,0.8092520525372886,19,35,1,4,14,28,10,7,0.6114245660749983,69.31234142956515
1610,3734,0.221,0.55,0.7982409097319538,0.8197836414725926,19,35,1,4,15,28,10,7,0.5927402466510943,68.10884155899326
1610,3735,0.243,0.526,0.7399633350500445,0.8045312820901721,19,35,1,4,16,28,10,7,0.5794178112554015,65.20414012896862
1610,3736,0.275,0.5,0.6639595377566951,0.7652430707159497,19,35,1,4,17,28,10,7,0.5706356105256664,61.18920625702693
1610,3737,0.313,0.47,0.5766706346576413,0.7104971029895346,19,35,1,4,18,28,10,7,0.5646848678687963,56.33807381729417
1610,3738,0.355,0.438,0.479917991657107,0.6482258560391341,19,35,1,4,19,28,10,7,0.5637987229499548,50.97515432251672
1610,3739,0.4,0.5,0.37588814329624776,0.5833526390135452,19,35,1,4,20,28,10,7,0.6403124237432849,51.34019174590991
1610,3740,0.449,0.563,0.27644762316667304,0.5209372462917474,19,35,1,4,21,28,10,7,0.7201180458785906,51.42717291018715
1610,3741,0.499,0.625,0.19156544687658006,0.46846388954337626,19,35,1,4,22,28,10,7,0.7997662158406043,51.396133711645476
1610,3742,0.55,0.688,0.13537309743764503,0.4312892304013334,19,35,1,4,23,28,10,7,0.880820072432503,51.36050939736787
1610,3743,0.602,0.75,0.09726869505149205,0.4053607490903709,19,35,1,4,24,28,10,7,0.9617192937650778,51.24714898990317
1610,3744,0.652,0.813,0.0662930975533993,0.38155861925302137,19,35,1,4,25,28,10,7,1.0421482620049798,51.27150209859888
1610,3745,0.701,0.876,0.037844236620099836,0.3573409184142826,19,35,1,4,26,28,10,7,1.1219523162773006,51.332216275539224
1610,3746,0.748,0.938,0.016610686498567562,0.3336324375569534,19,35,1,4,27,28,10,7,1.1997283025752121,51.42969302095808
1610,3747,0.355,0.6,0.7191965405536747,0.7207137735119906,19,35,1,4,10,29,10,7,0.6971549325652082,59.38861159313243
1610,3748,0.288,0.583,0.7793038051158027,0.757419377130653,19,35,1,4,11,29,10,7,0.6502561033931169,63.71078607053297
1610,3749,0.217,0.565,0.8280236771046467,0.7934077024618233,19,35,1,4,12,29,10,7,0.6052387958483824,68.98967558203398
1610,3750,0.186,0.545,0.8574558006769007,0.8240832025794882,19,35,1,4,13,29,10,7,0.575865435670522,71.15602729979544
1610,3751,0.187,0.524,0.8356140941322235,0.841165123715002,19,35,1,4,14,29,10,7,0.5563676841801652,70.36003056131469
1610,3752,0.209,0.5,0.7848535015167142,0.8350836783573448,19,35,1,4,15,29,10,7,0.5419234263251589,67.3150724488247
1610,3753,0.243,0.474,0.7159195579981064,0.8037539246755351,19,35,1,4,16,29,10,7,0.5326584271369411,62.85768090555759
1610,3754,0.284,0.444,0.6338291618208524,0.7539033979943899,19,35,1,4,17,29,10,7,0.5270597689067151,57.395406833758464
1610,3755,0.33,0.412,0.5412449516488422,0.6934712451244298,19,35,1,4,18,29,10,7,0.5278674075939904,51.30628892175243
1610,3756,0.379,0.375,0.4405371797436488,0.628498928009358,19,35,1,4,19,29,10,7,0.5331660154210882,44.69604646142222
1610,3757,0.431,0.437,0.33950161143371904,0.5639656485712023,19,35,1,4,20,29,10,7,0.613783349399444,45.396047467554894
1610,3758,0.484,0.5,0.2479516827817264,0.506179368013277,19,35,1,4,21,29,10,7,0.6958850479784718,45.93155659807749
1610,3759,0.538,0.563,0.17861051582889076,0.46148892246017004,19,35,1,4,22,29,10,7,0.778725240376861,46.30077056072377
1610,3760,0.591,0.625,0.13422013915892295,0.43062881057746893,19,35,1,4,23,29,10,7,0.8601778885788683,46.601602864917716
1610,3761,0.644,0.688,0.1013500922887911,0.4072135843061946,19,35,1,4,24,29,10,7,0.9423799658311928,46.891965418359476
1610,3762,0.694,0.75,0.07147955386751959,0.38536736804314353,19,35,1,4,25,29,10,7,1.0218297314132134,47.22088404822361
1610,3763,0.742,0.813,0.04698405924458282,0.3654742546569989,19,35,1,4,26,29,10,7,1.1006965976144378,47.614261699335295
1610,3764,0.786,0.875,0.027888112196873927,0.3475400215505253,19,35,1,4,27,29,10,7,1.176189185462951,48.06709971571495
1610,3765,0.827,0.938,0.013114983835103122,0.32855321053484954,19,35,1,4,28,29,10,7,1.2505090963283714,48.59856475639547
1610,3766,0.254,0.56,0.8050176971661157,0.7673353946055204,19,35,1,4,10,30,10,7,0.6149113757282427,65.60231367212069
1610,3767,0.19,0.542,0.8594711911914276,0.8022050179268811,19,35,1,4,11,30,10,7,0.5743378796492532,70.68170606928905
1610,3768,0.159,0.522,0.8808122499890224,0.8339262573910584,19,35,1,4,12,30,10,7,0.5456784767608119,73.05938476834453
1610,3769,0.159,0.5,0.8626003191456996,0.8557586022218328,19,35,1,4,13,30,10,7,0.5246722786654542,72.35933599289783
1610,3770,0.18,0.477,0.8190388344955035,0.857726357880193,19,35,1,4,14,30,10,7,0.50983232537766765,69.32557523912611
1610,3771,0.216,0.45,0.7562142250488137,0.8343216169985496,19,35,1,4,15,30,10,7,0.49915528645903373,64.35899417569472
1610,3772,0.261,0.421,0.6791760189825344,0.7902331388615796,19,35,1,4,16,30,10,7,0.49534028707546085,58.20305333264908
1610,3773,0.311,0.389,0.5912876458058656,0.7332350254785261,19,35,1,4,17,30,10,7,0.4980381511490862,51.35815843692123
1610,3774,0.364,0.353,0.4949445636865394,0.6695573857251242,19,35,1,4,18,30,10,7,0.5070552238168935,44.12105420572943
1610,3775,0.419,0.313,0.3959110953265892,0.6045129872655897,19,35,1,4,19,30,10,7,0.5230009560220708,36.76034561966751
1610,3776,0.474,0.375,0.30182831649703434,0.5435870902689071,19,35,1,4,20,30,10,7,0.6044013567158829,38.34890397493633
1610,3777,0.53,0.437,0.2232228523834885,0.49262249067343467,19,35,1,4,21,30,10,7,0.6869272159406701,39.506546439749236
1610,3778,0.585,0.5,0.1692537604569493,0.4548870405374855,19,35,1,4,22,30,10,7,0.7695615634892377,40.520539547649726
1610,3779,0.638,0.563,0.13122717200495293,0.42797111914038655,19,35,1,4,23,30,10,7,0.8508895345460538,41.42663570324959
1610,3780,0.69,0.625,0.1001008029284568,0.40595959414806326,19,35,1,4,24,30,10,7,0.9309806657498317,42.17019240711285
1610,3781,0.738,0.688,0.07146591147061765,0.3857665712773414,19,35,1,4,25,30,10,7,1.0089539137145958,42.99185425705582
1610,3782,0.784,0.75,0.04958850681993032,0.368069041277572,19,35,1,4,26,30,10,7,1.0849682022990352,43.73028839645256
1610,3783,0.825,0.813,0.03278953774837001,0.35225720530338234,19,35,1,4,27,30,10,7,1.1582719887832909,44.58025820866467
1610,3784,0.862,0.876,0.018292453785181295,0.3354451014901506,19,35,1,4,28,30,10,7,1.228991456438978,45.4615210382045
1610,3785,0.894,0.938,0.006964909914715323,0.3183144111963032,19,35,1,4,29,30,10,7,1.2957931933761653,46.375835003663646
1610,3786,0.163,0.52,0.8715607131004399,0.8078494964236634,19,35,1,4,10,31,10,7,0.5449486214314153,72.59579844869495
1610,3787,0.136,0.5,0.8934812862601569,0.839416564379549,19,35,1,4,11,31,10,7,0.5181659965686671,74.78367328797702
1610,3788,0.137,0.478,0.879312725490303,0.8639628899395762,19,35,1,4,12,31,10,7,0.4972454122463072,74.00712141974317
1610,3789,0.16,0.454,0.8417495709800216,0.8722463403455494,19,35,1,4,13,31,10,7,0.48136888142047574,70.58637484016
1610,3790,0.198,0.429,0.7853231040007748,0.8563637364006683,19,35,1,4,14,31,10,7,0.4724880950881196,65.22485943116808
1610,3791,0.245,0.4,0.7142322165612596,0.8184662808317231,19,35,1,4,15,31,10,7,0.4690682253148256,58.51253063578603
1610,3792,0.298,0.368,0.6317130983469285,0.7660175939585251,19,35,1,4,16,31,10,7,0.47352719034919205,51.00004929358233
1610,3793,0.354,0.333,0.5401635744095088,0.7051870846727251,19,35,1,4,17,31,10,7,0.48600925917105736,43.24914581345717
1610,3794,0.412,0.294,0.4437999199812578,0.6410040238204229,19,35,1,4,18,31,10,7,0.5061422724886748,35.511359107783626
1610,3795,0.469,0.25,0.34877792271565977,0.5785872997139332,19,35,1,4,19,31,10,7,0.5314706012565511,28.059803863672055
1610,3796,0.526,0.312,0.2642323775593618,0.5231447688237343,19,35,1,4,20,31,10,7,0.61157174558673,30.674548659853862
1610,3797,0.582,0.375,0.20072814870084466,0.4787548223386754,19,35,1,4,21,31,10,7,0.6923503448399516,32.79489381576872
1610,3798,0.637,0.437,0.1561459495813461,0.4460219425264438,19,35,1,4,22,31,10,7,0.772488187611953,34.451223407284424
1610,3799,0.688,0.5,0.12267424741658917,0.4214894469993663,19,35,1,4,23,31,10,7,0.8504963256828333,36.00756156725106
1610,3800,0.737,0.563,0.09284942563154797,0.4008252036352278,19,35,1,4,24,31,10,7,0.9274362511784839,37.3764893527583
1610,3801,0.783,0.625,0.06806973448883191,0.38256673272448727,19,35,1,4,25,31,10,7,1.0018552789699717,38.597287553013444
1610,3802,0.824,0.688,0.04864347797377366,0.3667534976032638,19,35,1,4,26,31,10,7,1.07346169004767,39.86024262100939
1610,3803,0.861,0.75,0.03356524259549498,0.35184536359673546,19,35,1,4,27,31,10,7,1.141849814993198,41.05847554506835
1610,3804,0.894,0.813,0.019878732927035347,0.33674482333015177,19,35,1,4,28,31,10,7,1.2083894239854964,42.2832574394572
1610,3805,0.921,0.875,0.010296009447092858,0.323986361844689,19,35,1,4,29,31,10,7,1.2703802580330033,43.53283420584524
1610,3806,0.944,0.938,0.004120177614818865,0.3119704778798075,19,35,1,4,30,31,10,7,1.3307817251525509,44.81733607206125
1610,3807,0.118,0.48,0.8945409906059418,0.8408577343685015,19,35,1,4,10,32,10,7,0.4942914120233124,76.18866520813832
1610,3808,0.124,0.458,0.8856622429799373,0.8660172846655513,19,35,1,4,11,32,10,7,0.47448919903407705,74.85078834732903
1610,3809,0.149,0.435,0.8537188000920669,0.8782340087385447,19,35,1,4,12,32,10,7,0.45981083066843914,71.09219440657367
1610,3810,0.188,0.409,0.8038200594501512,0.8688991745810671,19,35,1,4,13,32,10,7,0.4501388674620311,65.31375894014336
1610,3811,0.237,0.381,0.73899712352924,0.8374762861658381,19,35,1,4,14,32,10,7,0.44869811677786214,58.11643612539147
1610,3812,0.293,0.35,0.6614849330749177,0.7903961114121336,19,35,1,4,15,32,10,7,0.45645262623847394,50.06585514428268
1610,3813,0.351,0.316,0.5742355589164803,0.7337134239136864,19,35,1,4,16,32,10,7,0.47228910637447485,41.99622977297122
1610,3814,0.41,0.278,0.4813856414273604,0.6720403017797156,19,35,1,4,17,32,10,7,0.4953624935337757,34.13918537836268
1610,3815,0.469,0.235,0.387899220436717,0.6098857231298769,19,35,1,4,18,32,10,7,0.524581738149547,26.613896672075928
1610,3816,0.526,0.188,0.30120066259714595,0.552050750409112,19,35,1,4,19,32,10,7,0.5585875043357128,19.66762361932624
1610,3817,0.583,0.25,0.2308924915621765,0.5027451436366637,19,35,1,4,20,32,10,7,0.6343413907353043,23.210450538217586
1610,3818,0.637,0.312,0.17958271726664465,0.4641857923334536,19,35,1,4,21,32,10,7,0.7093045890165945,26.095424157388344
1610,3819,0.689,0.375,0.14224415179697858,0.43544791414558426,19,35,1,4,22,32,10,7,0.7844399275916544,28.5579963562183
1610,3820,0.738,0.437,0.1115381806671325,0.41317913228412995,19,35,1,4,23,32,10,7,0.8576788443234449,30.63151118476657
1610,3821,0.783,0.5,0.08436852713482379,0.39429011606799647,19,35,1,4,24,32,10,7,0.9290258338711578,32.56106423982401
1610,3822,0.824,0.563,0.06282946038019788,0.3776897816943383,19,35,1,4,25,32,10,7,0.9979704404440043,34.34293725613724
1610,3823,0.861,0.625,0.04579868413949284,0.3627565647679175,19,35,1,4,26,32,10,7,1.0639295089431442,35.975901825895576
1610,3824,0.893,0.688,0.03137517434285941,0.3484457147286806,19,35,1,4,27,32,10,7,1.127294548909024,37.61197678516247
1610,3825,0.921,0.75,0.019055441865139078,0.3354673906408363,19,35,1,4,28,32,10,7,1.1877461850075546,39.15703725018723
1610,3826,0.944,0.813,0.011050548034612251,0.32476632336611133,19,35,1,4,29,32,10,7,1.2458350613142977,40.73597888646816
1610,3827,0.962,0.875,0.005508144638639245,0.31508353195381333,19,35,1,4,30,32,10,7,1.3004110888484457,42.288507901768135
1610,3828,0.976,0.938,0.001932004087898731,0.30566228402110396,19,35,1,4,31,32,10,7,1.3536690880713793,43.8626156626027
1610,3829,0.121,0.44,0.8820695339881824,0.8626851424755848,19,35,1,4,10,33,10,7,0.45633430727921387,74.6237487511738
1610,3830,0.148,0.416,0.8555076561392134,0.8763608876670426,19,35,1,4,11,33,10,7,0.44154274991216874,70.41600622975182
1610,3831,0.188,0.391,0.8113456218648283,0.8719357823026953,19,35,1,4,12,33,10,7,0.4338490520907013,64.32089541677625
1610,3832,0.238,0.363,0.7520488840143527,0.8469535376117622,19,35,1,4,13,33,10,7,0.4340656632354142,56.74925252514816
1610,3833,0.294,0.333,0.6802160110123827,0.8059291585947681,19,35,1,4,14,33,10,7,0.4442127868488254,48.55926682128322
1610,3834,0.353,0.3,0.5985392950629377,0.7544121181850386,19,35,1,4,15,33,10,7,0.46325910676423837,40.359824749134866
1610,3835,0.412,0.263,0.510359276859353,0.6966870279518658,19,35,1,4,16,33,10,7,0.4887872747934422,32.55210578101293
1610,3836,0.472,0.222,0.4199072495453757,0.636631803372322,19,35,1,4,17,33,10,7,0.5216013803662717,25.189430629410246
1610,3837,0.53,0.176,0.3334235739192911,0.5784314976789662,19,35,1,4,18,33,10,7,0.5584585929144613,18.37006121814516
1610,3838,0.586,0.125,0.2592104593491096,0.5262221006146592,19,35,1,4,19,33,10,7,0.5991836112578514,12.041328227117758
1610,3839,0.64,0.187,0.20201934837494362,0.48295193976589845,19,35,1,4,20,33,10,7,0.6667600767892451,16.287702830629552
1610,3840,0.691,0.25,0.15985975190293966,0.4494048230075467,19,35,1,4,21,33,10,7,0.7348339948587027,19.889845249400324
1610,3841,0.739,0.312,0.12720726844783514,0.42394972877034787,19,35,1,4,22,33,10,7,0.8021627017008457,22.889089395076375
1610,3842,0.784,0.375,0.09868358804925959,0.4036381904089904,19,35,1,4,23,33,10,7,0.8690690421364692,25.562551071515745
1610,3843,0.824,0.437,0.07503449007486018,0.3861386172740098,19,35,1,4,24,33,10,7,0.9327084217481902,27.938787390309535
1610,3844,0.861,0.5,0.05593937105283553,0.3705051325177988,19,35,1,4,25,33,10,7,0.9956510432877576,30.144596209073075
1610,3845,0.893,0.563,0.040814818693006516,0.3561882305888918,19,35,1,4,26,33,10,7,1.0556599831385105,32.22975553246825
1610,3846,0.92,0.625,0.027208184637351196,0.34297334321301,19,35,1,4,27,33,10,7,1.1122162559502535,34.190142678587996
1610,3847,0.943,0.688,0.016714485452991923,0.33158189493995693,19,35,1,4,28,33,10,7,1.1673015891362437,36.113982798780626
1610,3848,0.961,0.75,0.01001328688020775,0.3219521106445675,19,35,1,4,29,33,10,7,1.2190246100879178,37.9697963517195
1610,3849,0.976,0.813,0.005237016568236164,0.3132980358713594,19,35,1,4,30,33,10,7,1.2702539116255458,39.79402068832669
1610,3850,0.986,0.875,0.002101009848669566,0.3053588314005198,19,35,1,4,31,33,10,7,1.318264389263398,41.58661701282363
1610,3851,0.993,0.938,5.359917372356193e-4,0.2992977119489112,19,35,1,4,32,33,10,7,1.365976939776071,43.36850537523983
1610,3852,0.158,0.4,0.8468465160585849,0.8682374879252454,19,35,1,4,10,34,10,7,0.4300744121660809,68.44598007952115
1610,3853,0.198,0.375,0.8078893991040157,0.8667738482839784,19,35,1,4,11,34,10,7,0.424062495394252,62.165946059449176
1610,3854,0.247,0.348,0.7547893225207702,0.847501800100142,19,35,1,4,12,34,10,7,0.4267469976461463,54.63400613293831
1610,3855,0.301,0.318,0.689360463490073,0.8127931551197178,19,35,1,4,13,34,10,7,0.4378641341786285,46.573155855992596
1610,3856,0.359,0.286,0.6137687574552502,0.7670992676240365,19,35,1,4,14,34,10,7,0.45899564268084286,38.54283846862262
1610,3857,0.418,0.25,0.530895127809134,0.7142989796359185,19,35,1,4,15,34,10,7,0.48705646489909155,30.88305830443041
1610,3858,0.477,0.21,0.4444675691883654,0.6577780722120465,19,35,1,4,16,34,10,7,0.5211803910355799,23.7615694725643
1610,3859,0.534,0.166,0.3599458298484861,0.6010581555067218,19,35,1,4,17,34,10,7,0.5592065807910347,17.26845387492286
1610,3860,0.59,0.117,0.2844078721824973,0.5478686516911765,19,35,1,4,18,34,10,7,0.6014889857678193,11.216525677877286
1610,3861,0.643,0.062,0.22305240600708087,0.5014559123532736,19,35,1,4,19,34,10,7,0.6459821978971247,5.507605242346182
1610,3862,0.693,0.125,0.17627327931997883,0.463611526207254,19,35,1,4,20,34,10,7,0.704183214795695,10.224793990100247
1610,3863,0.74,0.187,0.1407399690042047,0.43419241518936813,19,35,1,4,21,34,10,7,0.7632620781880887,14.181894961012976
1610,3864,0.784,0.25,0.11110090652221138,0.4113532412511528,19,35,1,4,22,34,10,7,0.8228948900072233,17.686314832769288
1610,3865,0.823,0.312,0.0859389911389804,0.39262532406990514,19,35,1,4,23,34,10,7,0.8801550999681818,20.76176056525174
1610,3866,0.859,0.375,0.06534730001878541,0.3762574376948722,19,35,1,4,24,34,10,7,0.9372865090248552,23.58387434150221
1610,3867,0.891,0.437,0.0488653161134619,0.36155999037396214,19,35,1,4,25,34,10,7,0.9923960902784734,26.126110574863137
1610,3868,0.918,0.5,0.03493515000520431,0.3482643695752944,19,35,1,4,26,34,10,7,1.045334396257963,28.575464538533055
1610,3869,0.941,0.563,0.022877606448202692,0.3364355105713467,19,35,1,4,27,34,10,7,1.0965628116984452,30.892069638591476
1610,3870,0.96,0.625,0.014333287469056044,0.3263532004446098,19,35,1,4,28,34,10,7,1.145523897611918,33.06580407494142
1610,3871,0.974,0.688,0.008504073560910097,0.31760141471201275,19,35,1,4,29,34,10,7,1.1924848007417117,35.23606504928499
1610,3872,0.985,0.75,0.0043963988806976495,0.3096804790156016,19,35,1,4,30,34,10,7,1.2380327136227056,37.28641859227888
1610,3873,0.992,0.813,0.0017266361732485302,0.30313586825131367,19,35,1,4,31,34,10,7,1.2825883985129445,39.336553524342456
1610,3874,0.996,0.875,5.196439367542993e-4,0.29873793388689673,19,35,1,4,32,34,10,7,1.3257605364469105,41.299760382871845
1610,3875,0.999,0.938,9.270441015074571e-5,0.29532370689073895,19,35,1,4,33,34,10,7,1.3703448471096609,43.19623756362995
1610,3876,0.214,0.36,0.7954279798904949,0.8556318422754866,19,35,1,4,10,35,10,7,0.41880305634032805,59.27086860818396
1610,3877,0.26,0.333,0.7483880754228834,0.8407723734960655,19,35,1,4,11,35,10,7,0.42247958530560975,52.01796602388927
1610,3878,0.312,0.304,0.6895382387873743,0.8119708965331304,19,35,1,4,12,35,10,7,0.4356145084819834,44.25594079711129
1610,3879,0.368,0.273,0.620529481269713,0.7722714078778902,19,35,1,4,13,35,10,7,0.45820628542175196,36.56979154959119
1610,3880,0.425,0.238,0.5436917818364806,0.7249152696465702,19,35,1,4,14,35,10,7,0.48710265858440965,29.248826336546973
1610,3881,0.482,0.2,0.4624046196228647,0.6728491332789006,19,35,1,4,15,35,10,7,0.5218467207906935,22.535407787051494
1610,3882,0.538,0.158,0.3813275989881135,0.6190364045434735,19,35,1,4,16,35,10,7,0.5607209644734179,16.36647440149943
1610,3883,0.592,0.111,0.30657393020779533,0.5666559359996036,19,35,1,4,17,35,10,7,0.6023163620556891,10.619655276155136
1610,3884,0.644,0.059,0.24300576504572569,0.5188247920450318,19,35,1,4,18,35,10,7,0.6466969924160774,5.23453514471867
1610,3885,0.693,0,0.19249281800226958,0.4778882251370745,19,35,1,4,19,35,10,7,0.693,0
1610,3886,0.739,0.062,0.15371401362753623,0.4447527255994145,19,35,1,4,20,35,10,7,0.7415962513389613,4.795722191020512
1610,3887,0.782,0.125,0.12251780748934937,0.4187663467886136,19,35,1,4,21,35,10,7,0.7919273956620013,9.081703986295812
1610,3888,0.821,0.188,0.09619289103789797,0.3981471812985363,19,35,1,4,22,35,10,7,0.8422499628970013,12.897738730751241
1610,3889,0.856,0.25,0.0744268236968596,0.38090451051791807,19,35,1,4,23,35,10,7,0.8917600574145491,16.280764779022935
1610,3890,0.887,0.313,0.05657108880348616,0.36574768660581625,19,35,1,4,24,35,10,7,0.9406051243747293,19.43665594161332
1610,3891,0.914,0.375,0.042143963011920915,0.3521995594961719,19,35,1,4,25,35,10,7,0.987937751075441,22.307580836003115
1610,3892,0.937,0.438,0.02934925108645159,0.34010547571561034,19,35,1,4,26,35,10,7,1.0343176494675126,25.05370519984078
1610,3893,0.956,0.5,0.019002790572993145,0.3294734808580203,19,35,1,4,27,35,10,7,1.0788586561732727,27.61013190297003
1610,3894,0.971,0.563,0.012040598848446438,0.3202872971231452,19,35,1,4,28,35,10,7,1.1224125801148168,30.105784848620893
1610,3895,0.982,0.625,0.006963986796641564,0.3122316591548814,19,35,1,4,29,35,10,7,1.1640227661003886,32.47496746245224
1610,3896,0.99,0.688,0.003479163158735754,0.30538292588996563,19,35,1,4,30,35,10,7,1.205588652899487,34.79734923145363
1610,3897,0.995,0.75,0.001315755351500747,0.30031704338756826,19,35,1,4,31,35,10,7,1.2460036115517483,37.00784869431463
1610,3898,0.998,0.813,4.119812211644813e-4,0.2967520665373198,19,35,1,4,32,35,10,7,1.2872346328467084,39.167267916545725
1610,3899,1,0.876,6.841278563729514e-5,0.29416799939522087,19,35,1,4,33,35,10,7,1.3294269442131825,41.218359795425336
1610,3900,1,0.938,1.7180491977963896e-6,0.29308361960534024,19,35,1,4,34,35,10,7,1.3710740315533658,43.16763304046667
1610,3937,1,1,0,0.2928932188134524,19,35,1,4,10,19,1,10,1.4142135623730951,45
1610,3938,1,1,0,0.2928932188134524,19,35,1,4,11,19,1,10,1.4142135623730951,45
1610,3939,1,1,0,0.2928932188134524,19,35,1,4,12,19,1,10,1.4142135623730951,45
1610,3940,1,1,0,0.2928932188134524,19,35,1,4,13,19,1,10,1.4142135623730951,45
1610,3941,1,1,0,0.2928932188134524,19,35,1,4,14,19,1,10,1.4142135623730951,45
1610,3942,1,1,0,0.2928932188134524,19,35,1,4,15,19,1,10,1.4142135623730951,45
1610,3943,1,1,0,0.2928932188134524,19,35,1,4,16,19,1,10,1.4142135623730951,45
1610,3944,1,1,0,0.2928932188134524,19,35,1,4,17,19,1,10,1.4142135623730951,45
1610,3945,1,1,0,0.2928932188134524,19,35,1,4,18,19,1,10,1.4142135623730951,45
1610,3946,1,0.96,3.3058111803541124e-10,0.29289363235428834,19,35,1,4,10,20,1,10,1.3862178760930766,43.830860672092584
1610,3947,1,0.959,7.880773811308472e-10,0.29289385781068744,19,35,1,4,11,20,1,10,1.385525532063556,43.80102906682782
1610,3948,1,0.957,2.34166841472927e-9,0.29289432138277416,19,35,1,4,12,20,1,10,1.3841419724869266,43.7412763666856
1610,3949,1,0.955,8.516059302188239e-9,0.2928953241914143,19,35,1,4,13,20,1,10,1.3827599213167845,43.681404157171436
1610,3950,1,0.953,3.501673329076027e-8,0.29289749577602386,19,35,1,4,14,20,1,10,1.3813793830805496,43.62141221053497
1610,3951,1,0.95,2.1298909946843025e-7,0.29290379528442245,19,35,1,4,15,20,1,10,1.379311422413372,43.53119928561418
1610,3952,1,0.948,2.048059447035122e-6,0.2929261596309174,19,35,1,4,16,20,1,10,1.3779346864057092,43.470907000688804
1610,3953,1,0.945,4.023281019671643e-5,0.2930415545351539,19,35,1,4,17,20,1,10,1.3758724504836921,43.38024250274473
1610,3954,0.998,0.942,0.0015011864379128603,0.2941227305558788,19,35,1,4,18,20,1,10,1.3723585537314948,43.346560347912146
1610,3955,0.878,0.938,0.0172828598868231,0.32634632576614797,19,35,1,4,19,20,1,10,1.2848066002321128,46.89234399064378
1610,3956,1,0.92,2.0795893795888531e-7,0.2929140290409634,19,35,1,4,10,21,1,10,1.3588230201170424,42.61405596961119
1610,3957,1,0.917,4.4645073216109665e-7,0.292923755272523,19,35,1,4,11,21,1,10,1.3567936468011634,42.52082345847564
1610,3958,1,0.913,1.1484844276710149e-6,0.2929422887219647,19,35,1,4,12,21,1,10,1.3540934236602733,42.39607920836728
1610,3959,1,0.909,3.4286266940020127e-6,0.29297821420558334,19,35,1,4,13,21,1,10,1.35139964481274,42.270837050918736
1610,3960,1,0.905,1.1195446387279873e-5,0.2930473352587798,19,35,1,4,14,21,1,10,1.348712348872064,42.14509520315724
1610,3961,1,0.9,4.898196741287553e-5,0.2932177655725613,19,35,1,4,15,21,1,10,1.3453624047073711,41.98721249581666
1610,3962,1,0.895,2.85981703949556e-4,0.29369502541774817,19,35,1,4,16,21,1,10,1.3420227270802831,41.82854278370222
1610,3963,0.998,0.889,0.0022098095548939156,0.2953840395766769,19,35,1,4,17,21,1,10,1.3365346983898323,41.694060517722356
1610,3964,0.979,0.883,0.01451958086940175,0.30371820830996543,19,35,1,4,18,21,1,10,1.3183815836092372,42.04858811708054
1610,3965,0.808,0.876,0.05264810773004325,0.36107144072741226,19,35,1,4,19,21,1,10,1.1917382262896496,47.312350045204816
1610,3966,0.575,0.938,0.06605629899012244,0.3798578286079045,19,35,1,4,20,21,1,10,1.10021316116469,58.49143641960497
1610,3967,1,0.88,6.1293664935790915e-6,0.2930633333025092,19,35,1,4,10,22,1,10,1.332066064427737,41.34777721969367
1610,3968,1,0.875,1.2072652976757858e-5,0.29313248250043233,19,35,1,4,11,22,1,10,1.3287682265918312,41.18592516570965
1610,3969,1,0.87,2.76291352665492e-5,0.29325618165491163,19,35,1,4,12,22,1,10,1.3254810447531868,41.023269024922435
1610,3970,1,0.864,7.06495800254503e-5,0.29347631853379064,19,35,1,4,13,22,1,10,1.3215506044037815,40.8270155239205
1610,3971,1,0.858,1.9301681564232176e-4,0.29386493022891813,19,35,1,4,14,22,1,10,1.317635761506191,40.62959351305883
1610,3972,1,0.85,6.544293419468161e-4,0.29471683333348364,19,35,1,4,15,22,1,10,1.3124404748406686,40.36453657309736
1610,3973,0.998,0.843,0.0026198823006032823,0.2967473991285564,19,35,1,4,16,22,1,10,1.3063892987926684,40.18742499035128
1610,3974,0.99,0.834,0.011059867839845472,0.3024433427301465,19,35,1,4,17,22,1,10,1.2944713206556566,40.111599051875245
1610,3975,0.945,0.824,0.039315763875831244,0.32244131423128375,19,35,1,4,18,22,1,10,1.253794640282052,41.087050494291496
1610,3976,0.754,0.813,0.09901017754712038,0.3973723298105869,19,35,1,4,19,22,1,10,1.1088214464015385,47.15625713307428
1610,3977,0.546,0.875,0.13168720733246786,0.4278560473028665,19,35,1,4,20,22,1,10,1.0313782041520947,58.03583677006628
1610,3978,0.494,0.938,0.09455021473122738,0.40197540351592476,19,35,1,4,21,22,1,10,1.060132067244454,62.22635639089515
1610,3979,1,0.84,5.389603140859567e-5,0.2935673503260072,19,35,1,4,10,23,1,10,1.3059862173851606,40.0302592718897
1610,3980,1,0.834,9.866623739729352e-5,0.2938084980063139,19,35,1,4,11,23,1,10,1.3021351696348578,39.82810630428432
1610,3981,1,0.826,2.044945392464248e-4,0.2942177143371476,19,35,1,4,12,23,1,10,1.2970258285785985,39.556706487655674
1610,3982,1,0.818,4.6090947701116214e-4,0.2948987077634456,19,35,1,4,13,23,1,10,1.2919458192973883,39.28316617202149
1610,3983,0.999,0.81,0.0010914339670310413,0.2960262374075696,19,35,1,4,14,23,1,10,1.2861185792919718,39.03551289874689
1610,3984,0.998,0.8,0.003031354046001744,0.2982904343889866,19,35,1,4,15,23,1,10,1.2790637200702708,38.71577480968507
1610,3985,0.993,0.79,0.009142401737495032,0.30310481263395284,19,35,1,4,16,23,1,10,1.2689164669118296,38.50466929177736
1610,3986,0.974,0.778,0.027460419426703853,0.3146846914435699,19,35,1,4,17,23,1,10,1.2465793195781807,38.61673952290371
1610,3987,0.905,0.765,0.07247484973737162,0.3475477303538569,19,35,1,4,18,23,1,10,1.1850105484762572,40.207965953068054
1610,3988,0.707,0.75,0.15180311881649944,0.4349640675460753,19,35,1,4,19,23,1,10,1.0307031580430905,46.69046231544766
1610,3989,0.519,0.813,0.19787427673462799,0.4720373965468624,19,35,1,4,20,23,1,10,0.9645361579536559,57.446800447146494
1610,3990,0.475,0.875,0.18353768893524836,0.4610237279086289,19,35,1,4,21,23,1,10,0.9956153875869939,61.504361381755025
1610,3991,0.483,0.938,0.10670820128019975,0.41137883132888686,19,35,1,4,22,23,1,10,1.0550511835925307,62.754912157479275
1610,3992,1,0.8,2.501161505564786e-4,0.2947109864365549,19,35,1,4,10,24,1,10,1.2806248474865698,38.659808254090095
1610,3993,1,0.792,4.3002249471346676e-4,0.29528908022156364,19,35,1,4,11,24,1,10,1.2756425831713207,38.379223917685025
1610,3994,1,0.783,8.196608504739133e-4,0.2962277595904588,19,35,1,4,12,24,1,10,1.2700744072691175,38.060944025477326
1610,3995,0.999,0.773,0.0016658046328975606,0.29770939545509956,19,35,1,4,13,24,1,10,1.263142905612821,37.731764392210756
1610,3996,0.998,0.762,0.0035154922767713925,0.30004652553014355,19,35,1,4,14,24,1,10,1.2556464470542654,37.36271315944244
1610,3997,0.994,0.75,0.008322401958096859,0.30443637281292757,19,35,1,4,15,24,1,10,1.2452052039724215,37.03554511738589
1610,3998,0.983,0.737,0.02067404699921993,0.31302253151206505,19,35,1,4,16,24,1,10,1.228600016278691,36.86057064291273
1610,3999,0.951,0.722,0.05042950391840395,0.3315627766847453,19,35,1,4,17,24,1,10,1.1940205190866695,37.20579870252097
1610,4000,0.865,0.706,0.11225844928505924,0.3769410679582006,19,35,1,4,18,24,1,10,1.1165397440306368,39.22080649130131
1610,4001,0.666,0.688,0.2059774264028299,0.4737253859386995,19,35,1,4,19,24,1,10,0.9575489543621256,45.93086871578833
1610,4002,0.494,0.75,0.2680086971614317,0.5161059837163178,19,35,1,4,20,24,1,10,0.8980734936518281,56.62843568834745
1610,4003,0.456,0.813,0.2617384887531895,0.509404500002114,19,35,1,4,21,24,1,10,0.9321507388829341,60.71256031682458
1610,4004,0.467,0.875,0.19236655209671882,0.4659230516968138,19,35,1,4,22,24,1,10,0.9918235730209279,61.91052244145752
1610,4005,0.487,0.938,0.08438998117081464,0.3957000992561832,19,35,1,4,23,24,1,10,1.0568883573963712,62.56212254124739
1610,4006,1,0.76,7.875500870421215e-4,0.29676002007656777,19,35,1,4,10,25,1,10,1.2560254774486066,37.23483398157467
1610,4007,1,0.75,0.0012825405992448191,0.2978632779597118,19,35,1,4,11,25,1,10,1.25,36.86989764584402
1610,4008,0.999,0.739,0.002277376441708112,0.2995898645559959,19,35,1,4,12,25,1,10,1.2426270558779895,36.49180447648103
1610,4009,0.998,0.727,0.004251295416246581,0.30220344643341956,19,35,1,4,13,25,1,10,1.234719806271852,36.07172523605618
1610,4010,0.995,0.715,0.00815514944611584,0.30617584980405965,19,35,1,4,14,25,1,10,1.2252550754842846,35.700758317936604
1610,4011,0.988,0.7,0.017102958901131227,0.31325974247118105,19,35,1,4,15,25,1,10,1.2108443335127765,35.31764899835184
1610,4012,0.97,0.684,0.037015397640507874,0.32626941006763566,19,35,1,4,16,25,1,10,1.1869102746206217,35.18975471003198
1610,4013,0.926,0.667,0.07865777290868359,0.35220585709882646,19,35,1,4,17,25,1,10,1.1412120749448809,35.76529556173256
1610,4014,0.826,0.647,0.1563545775618339,0.4090411029527853,19,35,1,4,18,25,1,10,1.0492306705391337,38.071348924235274
1610,4015,0.629,0.625,0.26182738550882534,0.5129979864815075,19,35,1,4,19,25,1,10,0.8867164146445018,44.81723896271024
1610,4016,0.469,0.688,0.33711721060805455,0.5585849617501046,19,35,1,4,20,25,1,10,0.8326493859962907,55.7182915564032
1610,4017,0.438,0.75,0.33329658601267076,0.551118832877595,19,35,1,4,21,25,1,10,0.8685297922351312,59.71507165059778
1610,4018,0.45,0.813,0.25827590350591634,0.5046686499784121,19,35,1,4,22,25,1,10,0.9292303266682593,61.03522928531216
1610,4019,0.471,0.875,0.14197033605346732,0.4349327866123207,19,35,1,4,23,25,1,10,0.9937132383137501,61.70705445470767
1610,4020,0.51,0.938,0.044077378559457814,0.3637793069446703,19,35,1,4,24,25,1,10,1.0676816004783447,61.466631334848316
1610,4021,0.999,0.72,0.0019195125665731894,0.2998994775015531,19,35,1,4,10,26,1,10,1.2314223483435731,35.78107386189255
1610,4022,0.999,0.708,0.002982546365884131,0.3017075919910962,19,35,1,4,11,26,1,10,1.2244447721314342,35.32553261115608
1610,4023,0.998,0.696,0.004987791129551944,0.30445133695888726,19,35,1,4,12,26,1,10,1.2167251127514382,34.89171796683471
1610,4024,0.995,0.682,0.008666886826791398,0.30846851082175053,19,35,1,4,13,26,1,10,1.206295569087444,34.42779719683825
1610,4025,0.99,0.667,0.0153979762356804,0.3144003638721721,19,35,1,4,14,26,1,10,1.1937290312294495,33.969621852620115
1610,4026,0.978,0.65,0.029454988796877024,0.3245514666984738,19,35,1,4,15,26,1,10,1.174301494506415,33.60887375012734
1610,4027,0.953,0.632,0.05763547047977913,0.3423015044401141,19,35,1,4,16,26,1,10,1.1435178179634982,33.5511015614805
1610,4028,0.897,0.611,0.11104569236923212,0.3755591156971052,19,35,1,4,17,26,1,10,1.0853248361665737,34.26110289909456
1610,4029,0.789,0.588,0.2026759098488664,0.44237266821788,19,35,1,4,18,26,1,10,0.9840045731601048,36.69521593245543
1610,4030,0.594,0.563,0.3187834095414288,0.5515271802827999,19,35,1,4,19,26,1,10,0.8184161533107713,43.46521666574482
1610,4031,0.446,0.625,0.400917292001139,0.597824171294327,19,35,1,4,20,26,1,10,0.7678157331026761,54.48834602736236
1610,4032,0.42,0.688,0.3967535996338555,0.5861246957287711,19,35,1,4,21,26,1,10,0.8060669947343085,58.597390760266464
1610,4033,0.434,0.75,0.31179865192362344,0.5332792393893703,19,35,1,4,22,26,1,10,0.8665194746801712,59.9434642300023
1610,4034,0.456,0.813,0.1797693344200353,0.45855937904902,19,35,1,4,23,26,1,10,0.9321507388829341,60.71256031682458
1610,4035,0.498,0.876,0.07522116208522767,0.38945630746718507,19,35,1,4,24,26,1,10,1.0076606571658933,60.38206630812958
1610,4036,0.558,0.938,0.02932757583872203,0.3483931922146175,19,35,1,4,25,26,1,10,1.0914247569118083,59.25231703635246
1610,4037,0.999,0.68,0.003910921058901784,0.3042056024756121,19,35,1,4,10,27,1,10,1.2084705209478632,34.2423622715212
1610,4038,0.998,0.667,0.005835778775648004,0.30686580697326127,19,35,1,4,11,27,1,10,1.2003720256653767,33.75625947840964
1610,4039,0.996,0.652,0.009264552216894817,0.31079945354522,19,35,1,4,12,27,1,10,1.190428494282626,33.209499097968596
1610,4040,0.991,0.636,0.015171432068263546,0.316406787888478,19,35,1,4,13,27,1,10,1.1775300420796064,32.691372994993955
1610,4041,0.983,0.619,0.025369101170180763,0.3244992755977988,19,35,1,4,14,27,1,10,1.1616582974351795,32.198825656030834
1610,4042,0.966,0.6,0.045117679757686324,0.33789214339476126,19,35,1,4,15,27,1,10,1.1371701719619627,31.84516052865566
1610,4043,0.933,0.579,0.08178669968533325,0.3604040337568304,19,35,1,4,16,27,1,10,1.0980573755501122,31.822860346032694
1610,4044,0.868,0.556,0.14659802980630654,0.40051478440801114,19,35,1,4,17,27,1,10,1.0308055102685472,32.641714940682384
1610,4045,0.753,0.529,0.24968840667760128,0.47560029258874514,19,35,1,4,18,27,1,10,0.9202445327194289,35.088932757320805
1610,4046,0.561,0.5,0.3748046092890579,0.588096633070802,19,35,1,4,19,27,1,10,0.7514792079625358,41.709519992015146
1610,4047,0.423,0.563,0.4593118400457733,0.6328165794082277,19,35,1,4,20,27,1,10,0.7042002556091556,53.0812846043846
1610,4048,0.403,0.625,0.45044837779033264,0.6147038205167872,19,35,1,4,21,27,1,10,0.743662557884959,57.18607714235413
1610,4049,0.417,0.688,0.3540655771344785,0.5545164203642226,19,35,1,4,22,27,1,10,0.8045079241374816,58.77975160430801
1610,4050,0.442,0.75,0.20727066497926694,0.4752538107250085,19,35,1,4,23,27,1,10,0.8705538466976066,59.487737507131925
1610,4051,0.487,0.813,0.09981033687382668,0.40783385467245714,19,35,1,4,24,27,1,10,0.9477014297762771,59.07771706148868
1610,4052,0.551,0.875,0.05433184849759398,0.37173881485332305,19,35,1,4,25,27,1,10,1.0340338485755676,57.80079275178997
1610,4053,0.628,0.938,0.023600810084594914,0.34227568546017506,19,35,1,4,26,27,1,10,1.128817079955827,56.19731192222837
1610,4054,0.997,0.64,0.006991634871717833,0.3096539241603986,19,35,1,4,10,28,1,10,1.1847400558772376,32.69745139505368
1610,4055,0.996,0.625,0.010066495803074393,0.31326948893287165,19,35,1,4,11,28,1,10,1.1758575594007974,32.10868387955477
1610,4056,0.992,0.609,0.015288870556474654,0.3185004941633911,19,35,1,4,12,28,1,10,1.164021047919667,31.546233707538352
1610,4057,0.986,0.591,0.023861329303640377,0.32579720323243067,19,35,1,4,13,28,1,10,1.149555131344295,30.938113189232656
1610,4058,0.974,0.572,0.03796245763311301,0.3361346216562787,19,35,1,4,14,28,1,10,1.1295397292702898,30.424395250971223
1610,4059,0.952,0.55,0.06370640814347628,0.3527739509575285,19,35,1,4,15,28,1,10,1.0994562292333425,30.01636197505432
1610,4060,0.911,0.526,0.10870853916960155,0.3798424809842965,19,35,1,4,16,28,1,10,1.0519491432574106,30.001599260828947
1610,4061,0.838,0.5,0.1840893729322277,0.42608605102712793,19,35,1,4,17,28,1,10,0.9758299032105954,30.822783018100026
1610,4062,0.718,0.47,0.29638853030379964,0.507724302812135,19,35,1,4,18,28,1,10,0.8581515017757645,33.20860172014144
1610,4063,0.53,0.438,0.42829044222356427,0.6219895451025437,19,35,1,4,19,28,1,10,0.6875638152200856,39.57084109278287
1610,4064,0.401,0.5,0.5120149444375812,0.6634432567597748,19,35,1,4,20,28,1,10,0.6409375944661071,51.270386980845544
1610,4065,0.385,0.563,0.4952898724266077,0.6379667361733172,19,35,1,4,21,28,1,10,0.6820513177173694,55.63425106733427
1610,4066,0.401,0.625,0.3859910878170979,0.5709767777473868,19,35,1,4,22,28,1,10,0.7425806353521481,57.31576922981175
1610,4067,0.428,0.688,0.23122950807326492,0.4887588588313627,19,35,1,4,23,28,1,10,0.8102641544582853,58.11454498833195
1610,4068,0.476,0.75,0.12239041043921572,0.42278749590548725,19,35,1,4,24,28,1,10,0.8882994990429748,57.59806522275072
1610,4069,0.545,0.813,0.07422670570781187,0.3886259716904744,19,35,1,4,25,28,1,10,0.9787716791979629,56.163811505569136
1610,4070,0.626,0.876,0.04055203022627385,0.3604143413141172,19,35,1,4,26,28,1,10,1.0766856551473136,54.44994998202205
1610,4071,0.709,0.938,0.0159645019403043,0.3327947408613915,19,35,1,4,27,28,1,10,1.175808232663813,52.91569492679164
1610,4072,0.996,0.6,0.011319547732703827,0.3161475965044075,19,35,1,4,10,29,1,10,1.1627622284886967,31.065164885498643
1610,4073,0.993,0.583,0.015800045048519507,0.32077713438767674,19,35,1,4,11,29,1,10,1.1514938124019598,30.41761133851785
1610,4074,0.988,0.565,0.023124035123507358,0.327352452896958,19,35,1,4,12,29,1,10,1.13814278541842,29.76361356943731
1610,4075,0.979,0.545,0.03466705357752731,0.3363626257858984,19,35,1,4,13,29,1,10,1.1204757917956103,29.104271024494796
1610,4076,0.963,0.524,0.052904833621454594,0.34893404236862224,19,35,1,4,14,29,1,10,1.0963325225496139,28.55206695755241
1610,4077,0.935,0.5,0.08469906578988551,0.36869835775212123,19,35,1,4,15,29,1,10,1.0602947703351178,28.13606059022183
1610,4078,0.888,0.474,0.13762923805624783,0.3999705171740029,19,35,1,4,16,29,1,10,1.0065882971701985,28.092576619290917
1610,4079,0.808,0.444,0.22232159512245664,0.45151329847016053,19,35,1,4,17,29,1,10,0.9219544457292888,28.789012417463464
1610,4080,0.684,0.412,0.342027023938862,0.5381495631293695,19,35,1,4,18,29,1,10,0.7984985911070852,31.062202791745758
1610,4081,0.501,0.375,0.47796521837223616,0.6530213459399188,19,35,1,4,19,29,1,10,0.6258002876317651,36.81496402939455
1610,4082,0.38,0.437,0.5589792599929659,0.6901748832614668,19,35,1,4,20,29,1,10,0.5791105248568705,48.99091309842978
1610,4083,0.368,0.5,0.5329325191799787,0.6572176615083755,19,35,1,4,21,29,1,10,0.6208252572181644,53.64693170795307
1610,4084,0.384,0.563,0.4110074006057617,0.5844339514353294,19,35,1,4,22,29,1,10,0.681487343976394,55.70365055850286
1610,4085,0.414,0.625,0.25227278885413673,0.500340477791875,19,35,1,4,23,29,1,10,0.7496805986551873,56.4795088327817
1610,4086,0.467,0.688,0.1424701166732879,0.4351775130654182,19,35,1,4,24,29,1,10,0.8315245035475503,55.83216019660912
1610,4087,0.54,0.75,0.09011935514878544,0.4011106073959648,19,35,1,4,25,29,1,10,0.9241753080449618,54.24611274556325
1610,4088,0.625,0.813,0.054095530325732555,0.37319600408123443,19,35,1,4,26,29,1,10,1.0254725739872323,52.44844102243156
1610,4089,0.712,0.875,0.028301722398605733,0.34771662299591444,19,35,1,4,27,29,1,10,1.1280820005655616,50.86425824146954
1610,4090,0.792,0.938,0.012517268032739448,0.3276108284673511,19,35,1,4,28,29,1,10,1.2276432706613105,49.8239357060325
1610,4091,0.993,0.56,0.01697486092145606,0.3235478711743883,19,35,1,4,10,30,1,10,1.1400214910254982,29.420721929557686
1610,4092,0.989,0.542,0.023071902833981528,0.3292109540165118,19,35,1,4,11,30,1,10,1.1277787903662668,28.723988767005807
1610,4093,0.982,0.522,0.03271789006507242,0.3371282732578583,19,35,1,4,12,30,1,10,1.1121186987008176,27.99369240881292
1610,4094,0.97,0.5,0.0474044609219656,0.34781839605488674,19,35,1,4,13,30,1,10,1.091283647820309,27.269471988458072
1610,4095,0.95,0.477,0.06987176891524471,0.3625434308527069,19,35,1,4,14,30,1,10,1.0630282216385414,26.661468047805624
1610,4096,0.917,0.45,0.10753133541171755,0.3852286656114281,19,35,1,4,15,30,1,10,1.0214641452346724,26.138601848953694
1610,4097,0.863,0.421,0.16782243944182285,0.4202735480019094,19,35,1,4,16,30,1,10,0.9602135179219256,26.00465387773983
1610,4098,0.779,0.389,0.26043222198919147,0.47627576753114,19,35,1,4,17,30,1,10,0.8707249852852508,26.53562345521104
1610,4099,0.652,0.353,0.3858308753887336,0.5666135258609333,19,35,1,4,18,30,1,10,0.7414263281001019,28.431603669327142
1610,4100,0.472,0.313,0.5234377001477157,0.6813462678432162,19,35,1,4,19,30,1,10,0.56635059812805,33.54977451665791
1610,4101,0.359,0.375,0.6005674074423548,0.7136675355374146,19,35,1,4,20,30,1,10,0.5191396729204965,46.24875655684805
1610,4102,0.351,0.437,0.5646072614337065,0.6735053401991642,19,35,1,4,21,30,1,10,0.5605086975239546,51.22844196936345
1610,4103,0.368,0.5,0.4321471684180098,0.5958557051896596,19,35,1,4,22,30,1,10,0.6208252572181644,53.64693170795307
1610,4104,0.401,0.563,0.27196159197977776,0.5103853688348601,19,35,1,4,23,30,1,10,0.6912090855884346,54.53941032769001
1610,4105,0.458,0.625,0.15873874158796342,0.4453909974604926,19,35,1,4,24,30,1,10,0.7748477269760814,53.76603868565055
1610,4106,0.537,0.688,0.10354174116379133,0.4109411633767529,19,35,1,4,25,30,1,10,0.8727617086009216,52.02713399495278
1610,4107,0.626,0.75,0.06581883146824108,0.38317048262996156,19,35,1,4,26,30,1,10,0.9769216959408773,50.149373258164985
1610,4108,0.716,0.813,0.0391533291624796,0.35907914787365747,19,35,1,4,27,30,1,10,1.0833397435707783,48.62998864573532
1610,4109,0.798,0.876,0.021274928702405327,0.34028609054925796,19,35,1,4,28,30,1,10,1.1849810125061075,47.66776628044633
1610,4110,0.865,0.938,0.006991134226378537,0.3183684640748794,19,35,1,4,29,30,1,10,1.2759580714114394,47.318529486457074
1610,4111,0.99,0.52,0.02396664336330878,0.3316986012051715,19,35,1,4,10,31,1,10,1.1182575731914361,27.710814015253096
1610,4112,0.984,0.5,0.03183524563904949,0.3383838719895985,19,35,1,4,11,31,1,10,1.1037463476723264,26.936493490448793
1610,4113,0.975,0.478,0.04393045846570809,0.3476043324945669,19,35,1,4,12,31,1,10,1.085867855680423,26.116699615915415
1610,4114,0.96,0.454,0.061808413894185565,0.35990062724121885,19,35,1,4,13,31,1,10,1.0619397346365753,25.310247391913357
1610,4115,0.936,0.429,0.08846803512423984,0.3766532133038145,19,35,1,4,14,31,1,10,1.0296295450306387,24.62356478616361
1610,4116,0.898,0.4,0.13165800781277237,0.4020092514864434,19,35,1,4,15,31,1,10,0.9830584926646023,24.00983106627319
1610,4117,0.838,0.368,0.1986246080330093,0.44037135906460023,19,35,1,4,16,31,1,10,0.9152420444887789,23.708238238246622
1610,4118,0.749,0.333,0.29766146720998,0.5000551856791288,19,35,1,4,17,31,1,10,0.8196889654009013,23.969586184936176
1610,4119,0.621,0.294,0.4272489277348134,0.5930778619306655,19,35,1,4,18,31,1,10,0.6870785981239701,25.33427650712025
1610,4120,0.445,0.25,0.5649566666063432,0.7072775728915055,19,35,1,4,19,31,1,10,0.5104164965986111,29.327179490456803
1610,4121,0.339,0.312,0.6372165807792283,0.7345463115628925,19,35,1,4,20,31,1,10,0.4607222590672172,42.62503848423863
1610,4122,0.334,0.375,0.5914367210875744,0.6875661157985666,19,35,1,4,21,31,1,10,0.502176263875544,48.3096102311061
1610,4123,0.352,0.437,0.45140053568399396,0.6057556163247284,19,35,1,4,22,31,1,10,0.5611354560175288,51.14883444065996
1610,4124,0.389,0.5,0.2899804457601364,0.5190848843784478,19,35,1,4,23,31,1,10,0.6334990134167535,52.117083941433016
1610,4125,0.451,0.563,0.1726040266932638,0.45387581614535755,19,35,1,4,24,31,1,10,0.7213667583136889,51.30297864472574
1610,4126,0.535,0.625,0.11511817129496493,0.41904353063557176,19,35,1,4,25,31,1,10,0.8227089400267873,49.436474485657364
1610,4127,0.629,0.688,0.07641531829554171,0.3912954339560263,19,35,1,4,26,31,1,10,0.9321936494098207,47.56506626148996
1610,4128,0.722,0.75,0.04723388145383778,0.3674995222987215,19,35,1,4,27,31,1,10,1.0410494704863933,46.08973395228955
1610,4129,0.805,0.813,0.027056885344112103,0.3481678708396805,19,35,1,4,28,31,1,10,1.144112756680914,45.28328955559681
1610,4130,0.873,0.875,0.011858399402233877,0.3273393988883183,19,35,1,4,29,31,1,10,1.2360234625604807,45.06555578319323
1610,4131,0.924,0.938,0.0041366256217933994,0.31238053050442605,19,35,1,4,30,31,1,10,1.316670042189766,45.43078721700863
1610,4132,0.986,0.48,0.03224530910794099,0.340442992645269,19,35,1,4,10,32,1,10,1.096629381331724,25.95753305332071
1610,4133,0.978,0.458,0.04197271350870091,0.34811642500674245,19,35,1,4,11,32,1,10,1.0799296273368928,25.09381772749012
1610,4134,0.967,0.435,0.05655904458027228,0.3585762334329472,19,35,1,4,12,32,1,10,1.0603367389655043,24.220353903738488
1610,4135,0.949,0.409,0.07760294290073055,0.3723793918316487,19,35,1,4,13,32,1,10,1.0333837622103417,23.315074784193005
1610,4136,0.921,0.381,0.10828326026777757,0.39100710716840026,19,35,1,4,14,32,1,10,0.9966955402729561,22.473939453271
1610,4137,0.877,0.35,0.15657961112336338,0.418765310300359,19,35,1,4,15,32,1,10,0.9442610867763216,21.756339069285765
1610,4138,0.813,0.316,0.229414923096661,0.4600005219326204,19,35,1,4,16,32,1,10,0.872252830319283,21.24030205606342
1610,4139,0.72,0.278,0.33355627320512904,0.5226843461154138,19,35,1,4,17,32,1,10,0.7718056750244844,21.11212874260254
1610,4140,0.59,0.235,0.46602440306498394,0.6176325019057318,19,35,1,4,18,32,1,10,0.635078735276186,21.717643786510273
1610,4141,0.418,0.188,0.6028470918121143,0.7311706940958521,19,35,1,4,19,32,1,10,0.4583317575730488,24.21634544156002
1610,4142,0.318,0.25,0.6695406674660329,0.753322415305163,19,35,1,4,20,32,1,10,0.4045046353257277,38.173137661526304
1610,4143,0.317,0.312,0.6142293140679793,0.6998824236643648,19,35,1,4,21,32,1,10,0.44478421734589463,44.544558245266195
1610,4144,0.337,0.375,0.46886319878088834,0.6144063012200514,19,35,1,4,22,32,1,10,0.5041765563768312,48.055022333267424
1610,4145,0.377,0.437,0.3053577036539058,0.5265642839018657,19,35,1,4,23,32,1,10,0.5771464285603785,49.21565236915207
1610,4146,0.445,0.5,0.18455645410334387,0.46094411124793067,19,35,1,4,24,32,1,10,0.6693466964137494,48.33091738045005
1610,4147,0.535,0.563,0.12575956768827767,0.4257482385597561,19,35,1,4,25,32,1,10,0.7766556508517787,46.46077796818204
1610,4148,0.633,0.625,0.08455763585184706,0.39774749256093356,19,35,1,4,26,32,1,10,0.889558317368794,44.635643833568864
1610,4149,0.729,0.688,0.05284729777515207,0.37355708736400217,19,35,1,4,27,32,1,10,1.0023896447988676,43.342645216703325
1610,4150,0.814,0.75,0.03157665277268684,0.35363378108149035,19,35,1,4,28,32,1,10,1.1068405485886392,42.65672303157436
1610,4151,0.882,0.813,0.015283498202898316,0.33327652796554097,19,35,1,4,29,32,1,10,1.1995386613194257,42.66889252311514
1610,4152,0.932,0.875,0.00686241253315889,0.3189288047409664,19,35,1,4,30,32,1,10,1.2783774872861302,43.19326127503662
1610,4153,0.965,0.938,0.0021280131621805864,0.3067347357230199,19,35,1,4,31,32,1,10,1.3457596367851132,44.187134915843956
1610,4154,0.981,0.44,0.04170571914743115,0.34963365834512705,19,35,1,4,10,33,1,10,1.075156267711815,24.157279806158456
1610,4155,0.971,0.416,0.053327672450099395,0.3582458183444027,19,35,1,4,11,33,1,10,1.0563602605172158,23.191468601998967
1610,4156,0.957,0.391,0.07037306412275912,0.3698657516644591,19,35,1,4,12,33,1,10,1.0337939833448442,22.22337544443632
1610,4157,0.936,0.363,0.09448390527364181,0.3850623970988516,19,35,1,4,13,33,1,10,1.0039247979804065,21.197314329921845
1610,4158,0.904,0.333,0.12894165708778493,0.4054009493658822,19,35,1,4,14,33,1,10,0.9633820633580429,20.22192224044358
1610,4159,0.856,0.3,0.1818612427145071,0.4352931215793352,19,35,1,4,15,33,1,10,0.9070479590407554,19.313894617192584
1610,4160,0.787,0.263,0.2597477077750636,0.478989859175175,19,35,1,4,16,33,1,10,0.8297818990554084,18.478619378118598
1610,4161,0.691,0.222,0.3678397747744855,0.5440982805165117,19,35,1,4,17,33,1,10,0.7257857810676646,17.81083647671675
1610,4162,0.561,0.176,0.5021244910742596,0.640426476242044,19,35,1,4,18,33,1,10,0.5879600326552819,17.417970792202837
1610,4163,0.392,0.125,0.6374998790949576,0.7533604556697266,19,35,1,4,19,33,1,10,0.41144744500361163,17.686314832769288
1610,4164,0.299,0.187,0.6982550864544358,0.7703760611518788,19,35,1,4,20,33,1,10,0.35266131060835126,32.02260466218258
1610,4165,0.301,0.25,0.6340522068342642,0.7107521555853429,19,35,1,4,21,33,1,10,0.39128122878563953,39.71182808115917
1610,4166,0.322,0.312,0.48504229766279405,0.6219472631900075,19,35,1,4,22,33,1,10,0.448361461323339,44.09635601248705
1610,4167,0.367,0.375,0.31855938002511874,0.5329055585813813,19,35,1,4,23,33,1,10,0.5247037259254026,45.61772031873618
1610,4168,0.441,0.437,0.19519792111497591,0.4667786634028368,19,35,1,4,24,33,1,10,0.6208461967347468,44.73897319763453
1610,4169,0.536,0.5,0.1343427331810464,0.4311938234491117,19,35,1,4,25,33,1,10,0.7330047748821286,43.0098277502451
1610,4170,0.639,0.563,0.09033695831603727,0.402718363863379,19,35,1,4,26,33,1,10,0.851639595133998,41.38212114744892
1610,4171,0.738,0.625,0.05722546229622205,0.37796807636708984,19,35,1,4,27,33,1,10,0.9670930668761927,40.26071136243061
1610,4172,0.824,0.688,0.034828505521840025,0.3576468090612318,19,35,1,4,28,33,1,10,1.07346169004767,39.86024262100939
1610,4173,0.891,0.75,0.017612706659116073,0.33733714961216776,19,35,1,4,29,33,1,10,1.1646377119087292,40.0890241533487
1610,4174,0.939,0.813,0.00838544917980577,0.32295929405348767,19,35,1,4,30,33,1,10,1.2420507236018985,40.886495278925885
1610,4175,0.971,0.875,0.0030448357646025714,0.31063561113405447,19,35,1,4,31,33,1,10,1.3070830119009273,42.02305289913993
1610,4176,0.988,0.938,6.030635812085405e-4,0.3002217521729815,19,35,1,4,32,33,1,10,1.362346505115347,43.51290464108246
1610,4177,0.975,0.4,0.052213107067036524,0.35913788031275384,19,35,1,4,10,34,1,10,1.0538619454178997,22.306205054907643
1610,4178,0.963,0.375,0.06571252038323072,0.3686298094792132,19,35,1,4,11,34,1,10,1.033437951693279,21.276341570095685
1610,4179,0.947,0.348,0.08514449863833828,0.38132248429204296,19,35,1,4,12,34,1,10,1.008916745821973,20.177180737796274
1610,4180,0.922,0.318,0.1121647060802422,0.39779355947250095,19,35,1,4,13,34,1,10,0.9752989285342213,19.029436225377207
1610,4181,0.886,0.286,0.15009947862830864,0.41967694833322866,19,35,1,4,14,34,1,10,0.9310166486159096,17.890032567370483
1610,4182,0.834,0.25,0.2071472440983939,0.45144726465812635,19,35,1,4,15,34,1,10,0.870664114340312,16.686637902070956
1610,4183,0.761,0.21,0.28926343982227865,0.4972366230116816,19,35,1,4,16,34,1,10,0.7894434748606135,15.4269864296383
1610,4184,0.662,0.166,0.4003526514044463,0.5642956875492979,19,35,1,4,17,34,1,10,0.6824954212300622,14.076965408129478
1610,4185,0.532,0.117,0.5356459096929214,0.6616251274620966,19,35,1,4,18,34,1,10,0.5447136862609567,12.403309388417359
1610,4186,0.367,0.062,0.6692939611018004,0.7741352382917543,19,35,1,4,19,34,1,10,0.3722002149381432,9.58885861783599
1610,4187,0.279,0.125,0.7239946768311569,0.7859689092881638,19,35,1,4,20,34,1,10,0.30572209602840295,24.133747852001765
1610,4188,0.284,0.187,0.6516474376030779,0.7203485793122836,19,35,1,4,21,34,1,10,0.34003676271838607,33.36293367736433
1610,4189,0.307,0.25,0.49996229171482687,0.6284473096032157,19,35,1,4,22,34,1,10,0.39591539500251816,39.15703725018723
1610,4190,0.357,0.312,0.3300904413651329,0.5381686589212732,19,35,1,4,23,34,1,10,0.4741234016582602,41.151820539074954
1610,4191,0.438,0.375,0.20436842291076085,0.47150077597406637,19,35,1,4,24,34,1,10,0.5766012486979195,40.56896068708647
1610,4192,0.54,0.437,0.14061324647090834,0.4354935401661304,19,35,1,4,25,34,1,10,0.694671864983749,38.9818359980132
1610,4193,0.648,0.5,0.09478639249099174,0.406438768642964,19,35,1,4,26,34,1,10,0.8184766337532184,37.653955165180015
1610,4194,0.749,0.563,0.06033858391570146,0.3811694520027801,19,35,1,4,27,34,1,10,0.9370005336177776,36.931045733101165
1610,4195,0.835,0.625,0.03693759000739316,0.3605094887780893,19,35,1,4,28,34,1,10,1.0430004793862753,36.81496402939455
1610,4196,0.901,0.688,0.018762362231480645,0.3399841954873861,19,35,1,4,29,34,1,10,1.1336423598295893,37.365208735925805
1610,4197,0.947,0.75,0.009016516936251828,0.32522299458655435,19,35,1,4,30,34,1,10,1.2080186256842234,38.37833157588866
1610,4198,0.976,0.813,0.003422001410578024,0.3124485164406551,19,35,1,4,31,34,1,10,1.2702539116255458,39.79402068832669
1610,4199,0.991,0.875,8.265413253836229e-4,0.30215878002565255,19,35,1,4,32,34,1,10,1.322008320699987,41.4427820594705
1610,4200,0.998,0.938,1.2397266119346106e-4,0.2963766745036508,19,35,1,4,33,34,1,10,1.3696160045793857,43.22487253778803
1610,4201,0.968,0.36,0.06361356204092061,0.3688396586087743,19,35,1,4,10,35,1,10,1.0327749028709015,20.400209394842534
1610,4202,0.954,0.333,0.07893614456470499,0.3791473697322303,19,35,1,4,11,35,1,10,1.010447920478834,19.241878278024387
1610,4203,0.935,0.304,0.10064963506392521,0.3928225046152005,19,35,1,4,12,35,1,10,0.9831790274410862,18.01108941826029
1610,4204,0.907,0.273,0.13037049076434037,0.41044906305094586,19,35,1,4,13,35,1,10,0.947194805729001,16.751389230782575
1610,4205,0.867,0.238,0.17147842041204886,0.433716209575046,19,35,1,4,14,35,1,10,0.8990734119080599,15.35013649242442
1610,4206,0.811,0.2,0.23215183260910577,0.46712778541784405,19,35,1,4,15,35,1,10,0.8352969531849138,13.853243632994955
1610,4207,0.735,0.158,0.3177421674858407,0.5146861376292201,19,35,1,4,16,35,1,10,0.7517905293364635,12.132017426329512
1610,4208,0.634,0.111,0.43106165978405053,0.5833109421183487,19,35,1,4,17,35,1,10,0.6436435348855762,9.930629772588977
1610,4209,0.504,0.059,0.5667449466920899,0.6813857706775617,19,35,1,4,18,35,1,10,0.5074416222581668,6.676855128511844
1610,4210,0.342,0,0.6986171510882706,0.7937295064053367,19,35,1,4,19,35,1,10,0.342,0
1610,4211,0.26,0.062,0.7473026478087066,0.8002623142863962,19,35,1,4,20,35,1,10,0.2672901045680517,13.412357641868418
1610,4212,0.268,0.125,0.6677745567164908,0.7287625379119059,19,35,1,4,21,35,1,10,0.2957177708559295,25.005188518198896
1610,4213,0.293,0.188,0.51333369987838,0.6339379774577785,19,35,1,4,22,35,1,10,0.3481278500780999,32.68578222197789
1610,4214,0.35,0.25,0.3399799825812947,0.5424021367605838,19,35,1,4,23,35,1,10,0.4301162633521313,35.53767779197438
1610,4215,0.438,0.313,0.21122896502785804,0.47520162735371696,19,35,1,4,24,35,1,10,0.5383428275736568,35.55005001797795
1610,4216,0.546,0.375,0.14529255581634648,0.4387518493364908,19,35,1,4,25,35,1,10,0.662375271277544,34.48179297817163
1610,4217,0.658,0.438,0.09786813675586103,0.40909631293935245,19,35,1,4,26,35,1,10,0.7904479742525754,33.649859968009395
1610,4218,0.761,0.5,0.06217323424975285,0.3833802812135234,19,35,1,4,27,35,1,10,0.9105608162006533,33.3061234864676
1610,4219,0.846,0.563,0.0378495961690033,0.36236073413098047,19,35,1,4,28,35,1,10,1.0162111001165062,33.64315505323732
1610,4220,0.911,0.625,0.019201880266264792,0.3415093805820534,19,35,1,4,29,35,1,10,1.104783236657762,34.452431850407116
1610,4221,0.954,0.688,0.009236692483665654,0.3263454290119573,19,35,1,4,30,35,1,10,1.1762057643116701,35.798162838336786
1610,4222,0.98,0.75,0.003507503242932364,0.3132899035122607,19,35,1,4,31,35,1,10,1.2340583454602136,37.4270513594566
1610,4223,0.994,0.813,8.526626419310679e-4,0.30290183448359254,19,35,1,4,32,35,1,10,1.2841358962352856,39.279988894334714
1610,4224,0.999,0.876,1.3206665538778584e-4,0.2968314912026999,19,35,1,4,33,35,1,10,1.3286749038045387,41.24677452634258
1610,4225,1,0.938,2.7895735911220854e-6,0.29346177570755383,19,35,1,4,34,35,1,10,1.3710740315533658,43.16763304046667
1610,4262,1,1,0,0.2928932188134524,19,35,1,4,10,19,4,10,1.4142135623730951,45
1610,4263,1,1,0,0.2928932188134524,19,35,1,4,11,19,4,10,1.4142135623730951,45
1610,4264,1,1,0,0.2928932188134524,19,35,1,4,12,19,4,10,1.4142135623730951,45
1610,4265,1,1,0,0.2928932188134524,19,35,1,4,13,19,4,10,1.4142135623730951,45
1610,4266,1,1,0,0.2928932188134524,19,35,1,4,14,19,4,10,1.4142135623730951,45
1610,4267,1,1,0,0.2928932188134524,19,35,1,4,15,19,4,10,1.4142135623730951,45
1610,4268,1,1,0,0.2928932188134524,19,35,1,4,16,19,4,10,1.4142135623730951,45
1610,4269,1,1,0,0.2928932188134524,19,35,1,4,17,19,4,10,1.4142135623730951,45
1610,4270,1,1,0,0.2928932188134524,19,35,1,4,18,19,4,10,1.4142135623730951,45
1610,4271,1,0.96,1.7826065512593914e-8,0.29289631399000804,19,35,1,4,10,20,4,10,1.3862178760930766,43.830860672092584
1610,4272,1,0.959,4.669343067753573e-8,0.2928982438537977,19,35,1,4,11,20,4,10,1.385525532063556,43.80102906682782
1610,4273,1,0.957,1.3775489582368294e-7,0.2929018844106187,19,35,1,4,12,20,4,10,1.3841419724869266,43.7412763666856
1610,4274,1,0.955,4.684583760905525e-7,0.2929092837328061,19,35,1,4,13,20,4,10,1.3827599213167845,43.681404157171436
1610,4275,1,0.953,2.0156998690179506e-6,0.29292678863019495,19,35,1,4,14,20,4,10,1.3813793830805496,43.62141221053497
1610,4276,1,0.95,1.1704121991140681e-5,0.2929749981717116,19,35,1,4,15,20,4,10,1.379311422413372,43.53119928561418
1610,4277,1,0.948,9.783793622120118e-5,0.2931383847539526,19,35,1,4,16,20,4,10,1.3779346864057092,43.470907000688804
1610,4278,0.999,0.945,0.0010623325547857165,0.29387399331811637,19,35,1,4,17,20,4,10,1.375145810450659,43.40885972880541
1610,4279,0.984,0.942,0.007805463784616995,0.29938655935309233,19,35,1,4,18,20,4,10,1.3622114373326926,43.75075732130276
1610,4280,0.814,0.938,0.026449275571577613,0.34327119063911926,19,35,1,4,19,20,4,10,1.241950079512055,49.04842984408789
1610,4281,1,0.92,8.469346648776188e-6,0.2930310970088662,19,35,1,4,10,21,4,10,1.3588230201170424,42.61405596961119
1610,4282,1,0.917,1.918162373648613e-5,0.2931019741637093,19,35,1,4,11,21,4,10,1.3567936468011634,42.52082345847564
1610,4283,1,0.913,4.726596229220892e-5,0.29322386566147673,19,35,1,4,12,21,4,10,1.3540934236602733,42.39607920836728
1610,4284,1,0.909,1.2912750070348533e-4,0.29344764569741943,19,35,1,4,13,21,4,10,1.35139964481274,42.270837050918736
1610,4285,1,0.905,4.085688372524876e-4,0.2939072830883609,19,35,1,4,14,21,4,10,1.348712348872064,42.14509520315724
1610,4286,0.999,0.9,0.0014729457015069114,0.2949474404822503,19,35,1,4,15,21,4,10,1.3446192769702507,42.015717856406624
1610,4287,0.995,0.895,0.005450357216230661,0.29760778883364936,19,35,1,4,16,21,4,10,1.3383011619213367,41.97130142165942
1610,4288,0.978,0.889,0.017589917679450284,0.3055351862691562,19,35,1,4,17,21,4,10,1.3216675073557647,42.2707728935396
1610,4289,0.91,0.883,0.04480501415673255,0.33399314366188126,19,35,1,4,18,21,4,10,1.2679861986630612,44.137273211875964
1610,4290,0.693,0.876,0.08628707110802603,0.39563683736137945,19,35,1,4,19,21,4,10,1.1169713514678878,51.6526236884597
1610,4291,0.547,0.938,0.08468078311483007,0.39601886101949013,19,35,1,4,20,21,4,10,1.0858420695478694,59.75115922747867
1610,4292,1,0.88,1.9214381819476767e-4,0.29390372204894555,19,35,1,4,10,22,4,10,1.332066064427737,41.34777721969367
1610,4293,1,0.875,3.8415778524547584e-4,0.2943410557704699,19,35,1,4,11,22,4,10,1.3287682265918312,41.18592516570965
1610,4294,1,0.87,8.138449229526667e-4,0.29504317524513557,19,35,1,4,12,22,4,10,1.3254810447531868,41.023269024922435
1610,4295,0.999,0.864,0.0018418552553429723,0.29623722082006365,19,35,1,4,13,22,4,10,1.320794079332581,40.85537625889571
1610,4296,0.997,0.858,0.0044689814036483755,0.2984459031874882,19,35,1,4,14,22,4,10,1.3153604068847442,40.71468599596135
1610,4297,0.99,0.85,0.011069009920955941,0.30280660179890706,19,35,1,4,15,22,4,10,1.3048371545905642,40.648922048426115
1610,4298,0.973,0.843,0.026297998756457552,0.31212626132705645,19,35,1,4,16,22,4,10,1.2873919372125957,40.90541463913053
1610,4299,0.928,0.834,0.05633235433608064,0.3339199415151032,19,35,1,4,17,22,4,10,1.2476938727107703,41.946252812924264
1610,4300,0.821,0.824,0.10596093757292313,0.3854539767221874,19,35,1,4,18,22,4,10,1.163192589384922,45.1044906674644
1610,4301,0.599,0.813,0.16866953901280168,0.45142858395834007,19,35,1,4,19,22,4,10,1.0098366204490703,53.61805223650664
1610,4302,0.498,0.875,0.17497918443606586,0.4561580947724,19,35,1,4,20,22,4,10,1.0067914381836984,60.3539409425266
1610,4303,0.484,0.938,0.12013499764624636,0.42056229948523083,19,35,1,4,21,22,4,10,1.0555093557141026,62.706651869845594
1610,4304,0.999,0.84,0.0013139423795293093,0.2965269114368767,19,35,1,4,10,23,4,10,1.3052206709978202,40.058493726245686
1610,4305,0.999,0.834,0.00236599950533134,0.29787726383513613,19,35,1,4,11,23,4,10,1.3013673578202274,39.85630524032165
1610,4306,0.997,0.826,0.004416888855312662,0.2999361906363657,19,35,1,4,12,23,4,10,1.2947142541889312,39.641254137107246
1610,4307,0.994,0.818,0.008531391812694467,0.3032392092051953,19,35,1,4,13,23,4,10,1.2873072671277825,39.45224969767828
1610,4308,0.986,0.81,0.017010018244067004,0.3088909405665632,19,35,1,4,14,23,4,10,1.2760470210772017,39.40313896182613
1610,4309,0.969,0.8,0.03374285264400134,0.3190216254046161,19,35,1,4,15,23,4,10,1.2565671490214918,39.54285537912188
1610,4310,0.934,0.79,0.06422633877315254,0.33817904025796175,19,35,1,4,16,23,4,10,1.2232971838437299,40.22535681564691
1610,4311,0.863,0.778,0.11444330688997939,0.3759685089326935,19,35,1,4,17,23,4,10,1.1619178112069717,42.03486122675048
1610,4312,0.732,0.765,0.18329448814893934,0.44358598873942956,19,35,1,4,18,23,4,10,1.058796014348373,46.26282868846094
1610,4313,0.524,0.75,0.25876393480414306,0.5087582262047978,19,35,1,4,19,23,4,10,0.9149185756120596,55.05928331523112
1610,4314,0.457,0.813,0.28000177783744107,0.5181021893547555,19,35,1,4,20,23,4,10,0.9326403379652844,60.65897905982663
1610,4315,0.457,0.875,0.2305839166696393,0.4891328821808497,19,35,1,4,21,23,4,10,0.987154496520175,62.42257779671018
1610,4316,0.478,0.938,0.13009548482790323,0.42738128798515085,19,35,1,4,22,23,4,10,1.0527715801635222,62.996841800202574
1610,4317,0.997,0.8,0.004826691484614565,0.3018893655024656,19,35,1,4,10,24,4,10,1.2782836148523535,38.74380933674647
1610,4318,0.995,0.792,0.007948839364436244,0.30481348817456366,19,35,1,4,11,24,4,10,1.2717267788326232,38.519084529902734
1610,4319,0.991,0.783,0.013391031480615267,0.3091013911486411,19,35,1,4,12,24,4,10,1.2630003958827567,38.3126512317162
1610,4320,0.982,0.773,0.02308660814484753,0.3156780111042903,19,35,1,4,13,24,4,10,1.2497411732034758,38.208726083196865
1610,4321,0.966,0.762,0.04037300992703807,0.3262879317192747,19,35,1,4,14,24,4,10,1.2303657992645927,38.267078673140404
1610,4322,0.936,0.75,0.06993764028288163,0.343993450994762,19,35,1,4,15,24,4,10,1.1994148573366932,38.70457057272777
1610,4323,0.882,0.737,0.11737756738709837,0.37454025066578067,19,35,1,4,16,24,4,10,1.1493880980765374,39.88216114959285
1610,4324,0.793,0.722,0.18646097252639826,0.42730817961618195,19,35,1,4,17,24,4,10,1.0724425392532693,42.31681446706833
1610,4325,0.648,0.706,0.269153180312267,0.5051171148189433,19,35,1,4,18,24,4,10,0.9583005791504041,47.45282486323941
1610,4326,0.461,0.688,0.3609495711062539,0.5688542406826878,19,35,1,4,19,24,4,10,0.8281696686066207,56.17561575537182
1610,4327,0.423,0.75,0.3786861385180724,0.5763298457723063,19,35,1,4,20,24,4,10,0.8610627154859279,60.5770017184565
1610,4328,0.434,0.813,0.33125011168064933,0.5459148741670274,19,35,1,4,21,24,4,10,0.9215883028771578,61.9055704675892
1610,4329,0.456,0.875,0.2237689373021018,0.48439445321891417,19,35,1,4,22,24,4,10,0.9866919478743099,62.47404896568122
1610,4330,0.484,0.938,0.09863001872414956,0.4062448708935258,19,35,1,4,23,24,4,10,1.0555093557141026,62.706651869845594
1610,4331,0.993,0.76,0.012253122481978962,0.31064857417190517,19,35,1,4,10,25,4,10,1.250459515538188,37.42890782677302
1610,4332,0.987,0.75,0.018825039659027376,0.31577919761872864,19,35,1,4,11,25,4,10,1.2396245399313455,37.230418121890686
1610,4333,0.978,0.739,0.02941477643525703,0.32307893611982985,19,35,1,4,12,25,4,10,1.225807896858231,37.075559537780656
1610,4334,0.963,0.727,0.04665144512641717,0.33388338703529474,19,35,1,4,13,25,4,10,1.2066059837411713,37.05034124134486
1610,4335,0.936,0.715,0.07463834314470663,0.35052450408017954,19,35,1,4,14,25,4,10,1.1778459152198135,37.375807495548166
1610,4336,0.893,0.7,0.1182471932979029,0.37676106000465814,19,35,1,4,15,25,4,10,1.1346580982833552,38.091995305346025
1610,4337,0.825,0.684,0.18275396301546087,0.4187507584736776,19,35,1,4,16,25,4,10,1.07167205804761,39.661818542074926
1610,4338,0.721,0.667,0.2662603106065461,0.4838518344763608,19,35,1,4,17,25,4,10,0.9822066992237428,42.77203709880855
1610,4339,0.569,0.647,0.36384389634101544,0.5673479179955803,19,35,1,4,18,25,4,10,0.8616089600276914,48.670194480675995
1610,4340,0.41,0.625,0.4596410545458951,0.6272463030713193,19,35,1,4,19,25,4,10,0.7474790966976935,56.735125258599155
1610,4341,0.393,0.688,0.4670146808390918,0.6270764784705642,19,35,1,4,20,25,4,10,0.7923338942642805,60.26408798593897
1610,4342,0.411,0.75,0.40754105157515286,0.5882828589475618,19,35,1,4,21,25,4,10,0.8552315475939835,61.2772587150054
1610,4343,0.435,0.813,0.28912975254318274,0.5204907027291373,19,35,1,4,22,25,4,10,0.9220596509987843,61.85075321407228
1610,4344,0.468,0.875,0.15266734133485116,0.44201250301476214,19,35,1,4,23,25,4,10,0.9922948150625398,61.859582833941445
1610,4345,0.513,0.938,0.04999128724705193,0.36864830738850674,19,35,1,4,24,25,4,10,1.0691178606683174,61.32538414311914
1610,4346,0.984,0.72,0.024694047557978216,0.3229996140902287,19,35,1,4,10,26,4,10,1.2192850364045316,36.1932073055647
1610,4347,0.975,0.708,0.035947647080456946,0.33083750774637644,19,35,1,4,11,26,4,10,1.2049435671432915,35.98542151303767
1610,4348,0.959,0.696,0.053002390050949866,0.3417205410979305,19,35,1,4,12,26,4,10,1.184945990330361,35.97049355814744
1610,4349,0.936,0.682,0.07910978820818337,0.35735858811204435,19,35,1,4,13,26,4,10,1.158110530130868,36.07829648705723
1610,4350,0.899,0.667,0.11865431567673546,0.38052913951369416,19,35,1,4,14,26,4,10,1.1194150258058895,36.573030978519334
1610,4351,0.844,0.65,0.1767460599537628,0.41533029005756805,19,35,1,4,15,26,4,10,1.0652868158388142,37.60138493934535
1610,4352,0.764,0.632,0.25559363491560094,0.46751429180112025,19,35,1,4,16,26,4,10,0.991524079384863,39.59840750299183
1610,4353,0.651,0.611,0.3518628332707442,0.5414596071818809,19,35,1,4,17,26,4,10,0.8928168905212311,43.18457672692428
1610,4354,0.495,0.588,0.45882643097893727,0.6265847997660279,19,35,1,4,18,26,4,10,0.7686149881442593,49.90809556174526
1610,4355,0.368,0.563,0.5486802193171522,0.6790209143864736,19,35,1,4,19,26,4,10,0.6726016651778376,56.82971497683574
1610,4356,0.368,0.625,0.5373483163142297,0.6668460669084009,19,35,1,4,20,26,4,10,0.7252923548473401,59.51042329746295
1610,4357,0.389,0.688,0.45954327164049547,0.6160193615256044,19,35,1,4,21,26,4,10,0.7903575140403234,60.51587923882329
1610,4358,0.416,0.75,0.32480027746396134,0.5399578515756882,19,35,1,4,22,26,4,10,0.8576456144585595,60.98432847444143
1610,4359,0.455,0.813,0.1822241948715555,0.4595742684272053,19,35,1,4,23,26,4,10,0.9316619558616741,60.76619784204075
1610,4360,0.506,0.876,0.08164616673484448,0.3943627771756859,19,35,1,4,24,26,4,10,1.0116382752743196,59.9881711960136
1610,4361,0.568,0.938,0.034191922107310924,0.3541582058010929,19,35,1,4,25,26,4,10,1.0965710191319118,58.803262226638125
1610,4362,0.971,0.68,0.042632444766662614,0.3386960973431996,19,35,1,4,10,27,4,10,1.1854286144682016,35.003899074583295
1610,4363,0.956,0.667,0.05945552187987546,0.3495513831012924,19,35,1,4,11,27,4,10,1.1656864930160253,34.90343307754827
1610,4364,0.934,0.652,0.08387040682561286,0.3643145583140708,19,35,1,4,12,27,4,10,1.1390610168028752,34.91784561174329
1610,4365,0.902,0.636,0.11941298361094865,0.3849840968925232,19,35,1,4,13,27,4,10,1.1036756769993619,35.187655264997304
1610,4366,0.856,0.619,0.17075278164148966,0.41457998825688036,19,35,1,4,14,27,4,10,1.0563602605172158,35.87185209381878
1610,4367,0.79,0.6,0.24188285911337293,0.45714173823474824,19,35,1,4,15,27,4,10,0.9920181449953424,37.216440473534604
1610,4368,0.701,0.579,0.33213350114420903,0.5173808365831978,19,35,1,4,16,27,4,10,0.9091985481730599,39.55544323964711
1610,4369,0.582,0.556,0.4382205931120906,0.5965317276480232,19,35,1,4,17,27,4,10,0.8048975090034756,43.69118528351848
1610,4370,0.426,0.529,0.5472723943952382,0.6797198178734241,19,35,1,4,18,27,4,10,0.6792032096508378,51.15574977249284
1610,4371,0.333,0.5,0.6235195062689517,0.7212998615558274,19,35,1,4,19,27,4,10,0.6007403765354881,56.33638481725301
1610,4372,0.345,0.563,0.588485558766593,0.6948717818392753,19,35,1,4,20,27,4,10,0.66029841738414,58.500506338058436
1610,4373,0.368,0.625,0.48836466287800884,0.6324386689748003,19,35,1,4,21,27,4,10,0.7252923548473401,59.51042329746295
1610,4374,0.4,0.688,0.34270313787702167,0.5507656816580695,19,35,1,4,22,27,4,10,0.7958291273885367,59.826479970355656
1610,4375,0.446,0.75,0.2032073287949947,0.4718885309371401,19,35,1,4,23,27,4,10,0.8725915424756304,59.26146156705073
1610,4376,0.504,0.813,0.1077285990001483,0.4125429048099718,19,35,1,4,24,27,4,10,0.9565484828277132,58.20414164736881
1610,4377,0.571,0.875,0.06193036529834395,0.37936143941242595,19,35,1,4,25,27,4,10,1.0448282155455029,56.872681524318644
1610,4378,0.642,0.938,0.026732939121830168,0.3465452327605847,19,35,1,4,26,27,4,10,1.1366652981418937,55.6108971319994
1610,4379,0.953,0.64,0.06596237602467181,0.3571898424731188,19,35,1,4,10,28,4,10,1.1479586229477088,33.88386744240825
1610,4380,0.933,0.625,0.08892859946009657,0.3711718377941745,19,35,1,4,11,28,4,10,1.122993321440515,33.81742271648969
1610,4381,0.904,0.609,0.12102619852961127,0.38983869100849056,19,35,1,4,12,28,4,10,1.0899986238523423,33.9670678642193
1610,4382,0.863,0.591,0.1660258760251162,0.41536240221997367,19,35,1,4,13,28,4,10,1.045968450767039,34.40413865084626
1610,4383,0.808,0.572,0.2284095347244135,0.45078880496118956,19,35,1,4,14,28,4,10,0.9899737370253819,35.29547067879483
1610,4384,0.735,0.55,0.3100489949877706,0.49976531901788623,19,35,1,4,15,28,4,10,0.9180005446621478,36.807483967358
1610,4385,0.638,0.526,0.4093077141673144,0.5656490153341824,19,35,1,4,16,28,4,10,0.8268736300064237,39.50392375485323
1610,4386,0.515,0.5,0.519957508279856,0.6469213016069091,19,35,1,4,17,28,4,10,0.7177917525299382,44.1533259761385
1610,4387,0.361,0.47,0.6271180010957784,0.7255882667306688,19,35,1,4,18,28,4,10,0.5926390132281202,52.47267035669256
1610,4388,0.304,0.438,0.6804651446312535,0.7542139136660991,19,35,1,4,19,28,4,10,0.5331603886261619,55.23687997690572
1610,4389,0.322,0.5,0.6217435093028822,0.7138634320196505,19,35,1,4,20,28,4,10,0.5947133763419148,57.21846476281924
1610,4390,0.348,0.563,0.5019030651864849,0.6426291792241428,19,35,1,4,21,28,4,10,0.6618708333202181,58.27907460286795
1610,4391,0.387,0.625,0.3546410677772299,0.5584420504808796,19,35,1,4,22,28,4,10,0.7351149569965231,58.23420841713904
1610,4392,0.441,0.688,0.22089906555311045,0.4813545673679829,19,35,1,4,23,28,4,10,0.8172056044839633,57.34060075745818
1610,4393,0.506,0.75,0.12809102177341258,0.42631127047630757,19,35,1,4,24,28,4,10,0.9047297939163935,55.993772583237366
1610,4394,0.578,0.813,0.08098152696542604,0.39429129012256225,19,35,1,4,25,28,4,10,0.9975234333087117,54.58918598051263
1610,4395,0.653,0.876,0.04485130296096873,0.36459796315580717,19,35,1,4,26,28,4,10,1.092604686059876,53.29790939260194
1610,4396,0.726,0.938,0.017961106498729618,0.33595141001981244,19,35,1,4,27,28,4,10,1.1861365857269557,52.26058729852747
1610,4397,0.931,0.6,0.09416957206173726,0.37779901538429195,19,35,1,4,10,29,4,10,1.1075924340658887,32.800497556108674
1610,4398,0.905,0.583,0.12341096423621933,0.3948434362663301,19,35,1,4,11,29,4,10,1.0765286805282988,32.789589611920626
1610,4399,0.869,0.565,0.1630871813093997,0.4172156868767579,19,35,1,4,12,29,4,10,1.0365259282815842,33.030819520920836
1610,4400,0.821,0.545,0.21702776603323481,0.44714324569482566,19,35,1,4,13,29,4,10,0.9854268110823857,33.57718547203462
1610,4401,0.758,0.524,0.28869964737307274,0.48751710983700713,19,35,1,4,14,29,4,10,0.9214879272133738,34.6558290490676
1610,4402,0.678,0.5,0.3783036121876484,0.5413953627247614,19,35,1,4,15,29,4,10,0.8424274449470411,36.407406146957875
1610,4403,0.576,0.474,0.48363910362782137,0.6107814571580225,19,35,1,4,16,29,4,10,0.7459571033243131,39.451533706281936
1610,4404,0.451,0.444,0.5944215927478262,0.6920304135814488,19,35,1,4,17,29,4,10,0.6328799254202965,44.551885721957525
1610,4405,0.299,0.412,0.6969629561934088,0.7647124306044868,19,35,1,4,18,29,4,10,0.5090628644872851,54.03055127115731
1610,4406,0.279,0.375,0.7204161668372595,0.7795708460558753,19,35,1,4,19,29,4,10,0.4674034659691774,53.350752532331406
1610,4407,0.301,0.437,0.6397763406534682,0.7269645275011809,19,35,1,4,20,29,4,10,0.5306316990154282,55.44142732928222
1610,4408,0.332,0.5,0.5105387916962616,0.6494641938331902,19,35,1,4,21,29,4,10,0.6001866376386599,56.41583952440702
1610,4409,0.379,0.563,0.3640743177020773,0.5638916505517118,19,35,1,4,22,29,4,10,0.6786825472929151,56.05237247019308
1610,4410,0.44,0.625,0.23170616630486407,0.487687421424014,19,35,1,4,23,29,4,10,0.764346125783339,54.85445450029394
1610,4411,0.512,0.688,0.14219350340167114,0.435375258243337,19,35,1,4,24,29,4,10,0.8576059701284734,53.343891584033095
1610,4412,0.59,0.75,0.09472178951886168,0.404424456845634,19,35,1,4,25,29,4,10,0.9542536350467835,51.80905017961341
1610,4413,0.668,0.813,0.0577978877202906,0.37590902215537136,19,35,1,4,26,29,4,10,1.0522323887811096,50.5918257272066
1610,4414,0.741,0.875,0.031813843580007495,0.35170084606775165,19,35,1,4,27,29,4,10,1.1466062968604351,49.74016703076217
1610,4415,0.808,0.938,0.014123733061079835,0.3307382650003343,19,35,1,4,28,29,4,10,1.2380258478723294,49.258151770951685
1610,4416,0.905,0.56,0.1263611247739862,0.39983536268798503,19,35,1,4,10,30,4,10,1.064248561192356,31.748581135065415
1610,4417,0.872,0.542,0.16170605946469485,0.4197498666952054,19,35,1,4,11,30,4,10,1.026717098328454,31.86341584341477
1610,4418,0.83,0.522,0.20848162582760554,0.44548120750776365,19,35,1,4,12,30,4,10,0.9805019122877834,32.16643038042742
1610,4419,0.775,0.5,0.27023332544697043,0.47921362484874175,19,35,1,4,13,30,4,10,0.9222933372848359,32.82854179141253
1610,4420,0.706,0.477,0.34914580137175144,0.5235674494684146,19,35,1,4,14,30,4,10,0.8520357973700401,34.044431435517225
1610,4421,0.62,0.45,0.44456873848497735,0.5809576344744255,19,35,1,4,15,30,4,10,0.7660939890117922,35.97238704928491
1610,4422,0.515,0.421,0.552962730313663,0.6522358545085736,19,35,1,4,16,30,4,10,0.665181178326627,39.26516494327288
1610,4423,0.389,0.389,0.6613587718690972,0.7322350196896348,19,35,1,4,17,30,4,10,0.550129075763134,45
1610,4424,0.252,0.353,0.7564472926115229,0.7982712775734855,19,35,1,4,18,30,4,10,0.4337199557318063,54.47767888938212
1610,4425,0.256,0.313,0.7455515041785141,0.799147511952252,19,35,1,4,19,30,4,10,0.404357515077932,50.72056282236737
1610,4426,0.281,0.375,0.6492737788407077,0.7360103414073375,19,35,1,4,20,30,4,10,0.4686000426803224,53.15455637721789
1610,4427,0.32,0.437,0.5162284111686585,0.65369792923482,19,35,1,4,21,30,4,10,0.5416354862820567,53.785970738193434
1610,4428,0.376,0.5,0.3683376283824752,0.5667935125198968,19,35,1,4,22,30,4,10,0.6256005115087423,53.05683413384655
1610,4429,0.445,0.563,0.2369370618855886,0.4912760805212588,19,35,1,4,23,30,4,10,0.7176308243101044,51.676855128511846
1610,4430,0.523,0.625,0.15221437302653462,0.4416483315807217,19,35,1,4,24,30,4,10,0.8149564405537267,50.07740705416511
1610,4431,0.605,0.688,0.10585287362862628,0.41178287198498253,19,35,1,4,25,30,4,10,0.9161708355978158,48.672880058160665
1610,4432,0.685,0.75,0.06862471577705087,0.3844975858360329,19,35,1,4,26,30,4,10,1.01573864748763,47.59350644478904
1610,4433,0.76,0.813,0.04166293187208059,0.361961783734035,19,35,1,4,27,30,4,10,1.112910149113575,46.92976984107125
1610,4434,0.825,0.876,0.02261623943892943,0.3424377538459984,19,35,1,4,28,30,4,10,1.2033291320332937,46.71734840218572
1610,4435,0.879,0.938,0.007695162397852284,0.3201382303953947,19,35,1,4,29,30,4,10,1.2854901788811923,46.85980388398092
1610,4436,0.874,0.52,0.1615092187786259,0.4226812603900336,19,35,1,4,10,31,4,10,1.0169936086328173,30.751193063904136
1610,4437,0.836,0.5,0.2025197976596571,0.4451947548734654,19,35,1,4,11,31,4,10,0.9741129297981831,30.88305830443041
1610,4438,0.788,0.478,0.2556241762266023,0.47386456120830434,19,35,1,4,12,31,4,10,0.9216441829686769,31.240957619586183
1610,4439,0.727,0.454,0.3236822425926532,0.510763958270024,19,35,1,4,13,31,4,10,0.857114344763871,31.984125808794296
1610,4440,0.653,0.429,0.40796085258445836,0.55819419616711,19,35,1,4,14,31,4,10,0.7813129974600449,33.303626878686146
1610,4441,0.563,0.4,0.5072480128110058,0.6179783908835441,19,35,1,4,15,31,4,10,0.6906294230627594,35.393016141331266
1610,4442,0.455,0.368,0.6162682617580724,0.6900943647383617,19,35,1,4,16,31,4,10,0.5851914216732846,38.965627498302894
1610,4443,0.33,0.333,0.7211222655769991,0.7683097259155677,19,35,1,4,17,31,4,10,0.4688165952694081,45.259255151501385
1610,4444,0.219,0.294,0.806055295637756,0.8273887648556593,19,35,1,4,18,31,4,10,0.3666019639881925,53.317649244106406
1610,4445,0.234,0.25,0.7597563477433297,0.8140705577360552,19,35,1,4,19,31,4,10,0.34242663447810245,46.89338584574627
1610,4446,0.264,0.312,0.6538949575882932,0.7417751260117134,19,35,1,4,20,31,4,10,0.4087052727822337,49.76364169072618
1610,4447,0.313,0.375,0.5178446471840701,0.6554147141932903,19,35,1,4,21,31,4,10,0.48846084797043865,50.149373258164985
1610,4448,0.378,0.437,0.3677864713323652,0.5672606578190846,19,35,1,4,22,31,4,10,0.5778001384561966,49.14056955540343
1610,4449,0.455,0.5,0.23908191152734626,0.4930101337453039,19,35,1,4,23,31,4,10,0.6760362416320592,47.69780563331631
1610,4450,0.539,0.563,0.1602521880193145,0.4460618292490274,19,35,1,4,24,31,4,10,0.7794164483766044,46.24762374225866
1610,4451,0.624,0.625,0.11370319427250364,0.4167798247504393,19,35,1,4,25,31,4,10,0.8831766527711202,45.0458733124663
1610,4452,0.706,0.688,0.07485093258240194,0.3898650773868063,19,35,1,4,26,31,4,10,0.9857890240817251,44.26021038833354
1610,4453,0.779,0.75,0.047005513592874415,0.3675316533838009,19,35,1,4,27,31,4,10,1.0813607168748087,43.91342157809128
1610,4454,0.843,0.813,0.02773063626435801,0.3481109105143464,19,35,1,4,28,31,4,10,1.1711609624641695,43.96214650669864
1610,4455,0.894,0.875,0.012539151410239868,0.3285912559945894,19,35,1,4,29,31,4,10,1.2509440435127384,44.38463654440758
1610,4456,0.934,0.938,0.004571364687739332,0.3136547516176018,19,35,1,4,30,31,4,10,1.323706916201619,45.122426692980106
1610,4457,0.841,0.48,0.1985652334416621,0.4458249950312059,19,35,1,4,10,32,4,10,0.9683393000389894,29.71552519370183
1610,4458,0.797,0.458,0.2446375190664506,0.47063083382781046,19,35,1,4,11,32,4,10,0.9192241293612782,29.884042274307653
1610,4459,0.743,0.435,0.303057712741462,0.5018032451564005,19,35,1,4,12,32,4,10,0.8609727057230095,30.347451200407857
1610,4460,0.677,0.409,0.3760052889721066,0.5412685345306051,19,35,1,4,13,32,4,10,0.7909551188278637,31.13768074052725
1610,4461,0.599,0.381,0.46400842267106523,0.5910126468765999,19,35,1,4,14,32,4,10,0.709902810249403,32.45881204481967
1610,4462,0.506,0.35,0.5655409242521945,0.6523730670938962,19,35,1,4,15,32,4,10,0.6152527935735034,34.67159441269612
1610,4463,0.397,0.316,0.6738220839315802,0.7247240926902332,19,35,1,4,16,32,4,10,0.5074100905579234,38.518729365273586
1610,4464,0.273,0.278,0.7743519335998816,0.8010507046150328,19,35,1,4,17,32,4,10,0.3896318775459729,45.51991113356311
1610,4465,0.192,0.235,0.8377385647871414,0.8527689007556274,19,35,1,4,18,32,4,10,0.3034616944525289,50.750446443972734
1610,4466,0.213,0.188,0.7678005584271717,0.824785502328153,19,35,1,4,19,32,4,10,0.28410033438910276,41.43256110381847
1610,4467,0.253,0.25,0.6547599773035964,0.7444518591194274,19,35,1,4,20,32,4,10,0.3556810368855781,44.65827972074461
1610,4468,0.312,0.312,0.5140104815425578,0.654579004076967,19,35,1,4,21,32,4,10,0.44123463146040565,45
1610,4469,0.387,0.375,0.3639534712058543,0.565564951437172,19,35,1,4,22,32,4,10,0.5388821763614009,44.09777883846984
1610,4470,0.471,0.437,0.239061182520934,0.4931975994799944,19,35,1,4,23,32,4,10,0.6425029182813102,42.85556520156899
1610,4471,0.56,0.5,0.1639532672808277,0.448502018889555,19,35,1,4,24,32,4,10,0.7507329751649384,41.760299703897864
1610,4472,0.647,0.563,0.11716755275888135,0.41920611727049417,19,35,1,4,25,32,4,10,0.8576584401730096,41.02881307865768
1610,4473,0.728,0.625,0.07802216698285125,0.3923622970683185,19,35,1,4,26,32,4,10,0.959483715338619,40.64663382348931
1610,4474,0.801,0.688,0.05032661714050879,0.3704978812913158,19,35,1,4,27,32,4,10,1.055909560521165,40.66015007321255
1610,4475,0.861,0.75,0.030765817324386435,0.3513337516074503,19,35,1,4,28,32,4,10,1.141849814993198,41.05847554506835
1610,4476,0.91,0.813,0.015367768529381043,0.33301418340190925,19,35,1,4,29,32,4,10,1.2202741495254252,41.77781178529084
1610,4477,0.946,0.875,0.0071554606283226185,0.31948754938565904,19,35,1,4,30,32,4,10,1.2886198042867414,42.76719338229852
1610,4478,0.97,0.938,0.0022645478229682547,0.3074046456556998,19,35,1,4,31,32,4,10,1.3493494728942537,44.03915457755473
1610,4479,0.804,0.44,0.23658278640208819,0.4688670273585871,19,35,1,4,10,33,4,10,0.9165238676652125,28.690286545018314
1610,4480,0.756,0.416,0.2870076131552257,0.4956549834731979,19,35,1,4,11,33,4,10,0.862897444659561,28.82242976627228
1610,4481,0.697,0.391,0.3496614977615228,0.5289175186733274,19,35,1,4,12,33,4,10,0.7991808306009348,29.29136217098426
1610,4482,0.627,0.363,0.4261958845726409,0.5704232685225907,19,35,1,4,13,33,4,10,0.7244984472033049,30.068582821862446
1610,4483,0.545,0.333,0.5166980767386544,0.6218778010601078,19,35,1,4,14,33,4,10,0.6386814542477338,31.42531297775636
1610,4484,0.449,0.3,0.6192803546871375,0.6842534965300717,19,35,1,4,15,33,4,10,0.540000925925132,33.748922954187876
1610,4485,0.341,0.263,0.7263291734078692,0.7565440070551805,19,35,1,4,16,33,4,10,0.43063906000268953,37.6416009112463
1610,4486,0.218,0.222,0.8217031551083405,0.8310688576704135,19,35,1,4,17,33,4,10,0.31113983994339267,45.52085637450196
1610,4487,0.169,0.176,0.8554272601301287,0.8744934953730402,19,35,1,4,18,33,4,10,0.24400204917172313,46.16236357350274
1610,4488,0.197,0.125,0.7711027837926374,0.8312431158467055,19,35,1,4,19,33,4,10,0.23331095130747723,32.39585271623817
1610,4489,0.248,0.187,0.6504777611896366,0.7439874599361358,19,35,1,4,20,33,4,10,0.31060103026229646,37.01747176770636
1610,4490,0.318,0.25,0.5059075834804856,0.6511840151210014,19,35,1,4,21,33,4,10,0.4045046353257277,38.173137661526304
1610,4491,0.402,0.312,0.3571149881189414,0.5619363949840102,19,35,1,4,22,33,4,10,0.508869334898459,37.81573260757314
1610,4492,0.493,0.375,0.2351606382245841,0.4918691024348153,19,35,1,4,23,33,4,10,0.6194142394230213,37.2584003677061
1610,4493,0.585,0.437,0.1640767332242915,0.44896837069892137,19,35,1,4,24,33,4,10,0.7302013420968219,36.76004556007269
1610,4494,0.672,0.5,0.11808409001406961,0.4195399211562889,19,35,1,4,25,33,4,10,0.8376061126806561,36.65100366014354
1610,4495,0.753,0.563,0.07911283495133714,0.3930530091790614,19,35,1,4,26,33,4,10,0.940201042330841,36.784581721537094
1610,4496,0.822,0.625,0.05179350482671852,0.3717213364670737,19,35,1,4,27,33,4,10,1.0326223898405458,37.247203155063055
1610,4497,0.88,0.688,0.031998435227564515,0.3524736629886339,19,35,1,4,28,33,4,10,1.117024619245252,38.0189425931702
1610,4498,0.924,0.75,0.016528338392803654,0.33494037068375593,19,35,1,4,29,33,4,10,1.1900739472822688,39.065834540451064
1610,4499,0.956,0.813,0.008079679282785857,0.32159426559532767,19,35,1,4,30,33,4,10,1.2549521903243963,40.37845133667749
1610,4500,0.978,0.875,0.00300500385390301,0.3099481261037894,19,35,1,4,31,33,4,10,1.3122915072498185,41.818457360199844
1610,4501,0.99,0.938,6.351696127452344e-4,0.3003842793322138,19,35,1,4,32,33,4,10,1.363797638947949,43.45505268817131
1610,4502,0.765,0.4,0.2747579696550565,0.4915096975520241,19,35,1,4,10,34,4,10,0.8632641542424891,27.603979930619126
1610,4503,0.712,0.375,0.32876936243659494,0.5199858224026341,19,35,1,4,11,34,4,10,0.8047167203432521,27.775121159548767
1610,4504,0.649,0.348,0.39467899070810153,0.5549686952633512,19,35,1,4,12,34,4,10,0.7364136066097638,28.200634483684087
1610,4505,0.576,0.318,0.47374853016003216,0.5980748907957574,19,35,1,4,13,34,4,10,0.6579513659838392,28.902357036201813
1610,4506,0.491,0.286,0.5657709692657469,0.6507768090628752,19,35,1,4,14,34,4,10,0.5682226676224735,30.2201464542241
1610,4507,0.394,0.25,0.6686377450592644,0.7137906252314712,19,35,1,4,15,34,4,10,0.46662190261495445,32.39585271623817
1610,4508,0.285,0.21,0.7745518227280475,0.7858899293692942,19,35,1,4,16,34,4,10,0.35401271163617837,36.38435181583589
1610,4509,0.165,0.166,0.8640032122730646,0.8586738145796204,19,35,1,4,17,34,4,10,0.23405341270744165,45.17309850512015
1610,4510,0.148,0.117,0.864129051837747,0.8918791882707079,19,35,1,4,18,34,4,10,0.18866107176627614,38.32780000280058
1610,4511,0.187,0.062,0.7690740988989928,0.8331968601021473,19,35,1,4,19,34,4,10,0.1970101520226813,18.342981358545863
1610,4512,0.251,0.125,0.6416095844244738,0.740325870077162,19,35,1,4,20,34,4,10,0.28040328100790834,26.473670425989994
1610,4513,0.332,0.187,0.4938198182426595,0.6453371585499161,19,35,1,4,21,34,4,10,0.38104199243652925,29.390517387404792
1610,4514,0.424,0.25,0.34585737723416876,0.5566092960840849,19,35,1,4,22,34,4,10,0.4922154000028849,30.524564036938578
1610,4515,0.519,0.312,0.22906461023957825,0.4891066070124209,19,35,1,4,23,34,4,10,0.6055617227005022,31.012436027168484
1610,4516,0.613,0.375,0.16210361870490042,0.44771176908584365,19,35,1,4,24,34,4,10,0.7186055941891908,31.45602319304845
1610,4517,0.7,0.437,0.1167830368172591,0.4183054433902553,19,35,1,4,25,34,4,10,0.8252084585121507,31.975944146055976
1610,4518,0.777,0.5,0.07836098267890834,0.3923377503710438,19,35,1,4,26,34,4,10,0.9239745667495399,32.76130706472631
1610,4519,0.843,0.563,0.05145020529105904,0.3712671086534739,19,35,1,4,27,34,4,10,1.0137149500722578,33.737095515019185
1610,4520,0.897,0.625,0.03157239772737064,0.35180603660946375,19,35,1,4,28,34,4,10,1.0932675793235616,34.86751101981263
1610,4521,0.937,0.688,0.016511014569057236,0.33478933622410534,19,35,1,4,29,34,4,10,1.1624598917812174,36.28828462473736
1610,4522,0.965,0.75,0.008177536206689373,0.3215459808394351,19,35,1,4,30,34,4,10,1.2221804285783666,37.85442542467041
1610,4523,0.984,0.813,0.0031759873160658314,0.31018760195237616,19,35,1,4,31,34,4,10,1.2764109839702884,39.56418193570013
1610,4524,0.994,0.875,7.980086260296337e-4,0.30149392427546085,19,35,1,4,32,34,4,10,1.324258660534263,41.35687178779396
1610,4525,0.998,0.938,1.2351407938016035e-4,0.2962438588674654,19,35,1,4,33,34,4,10,1.3696160045793857,43.22487253778803
1610,4526,0.725,0.36,0.3124682013141524,0.5135387189578771,19,35,1,4,10,35,4,10,0.8094596963407134,26.406775945663863
1610,4527,0.667,0.333,0.3693384017046183,0.5434345817652919,19,35,1,4,11,35,4,10,0.745505197835669,26.53068058761168
1610,4528,0.601,0.304,0.43766951148593236,0.5798150011563075,19,35,1,4,12,35,4,10,0.6735109501708194,26.83136430344411
1610,4529,0.524,0.273,0.5184051691457298,0.6241576891076491,19,35,1,4,13,35,4,10,0.5908510810686565,27.519169747623447
1610,4530,0.437,0.238,0.6111889435182232,0.6777471608342986,19,35,1,4,14,35,4,10,0.4976072748664352,28.573702154079015
1610,4531,0.34,0.2,0.7139120201660858,0.7411248325389659,19,35,1,4,15,35,4,10,0.3944616584663204,30.46554491945988
1610,4532,0.232,0.158,0.8192435743862244,0.8129305477921078,19,35,1,4,16,35,4,10,0.2806920020235703,34.256212929019114
1610,4533,0.127,0.111,0.9014960729852101,0.883740409012271,19,35,1,4,17,35,4,10,0.16867127793433,41.15396990995263
1610,4534,0.131,0.059,0.8665253436734898,0.9034372419376783,19,35,1,4,18,35,4,10,0.1436732403755132,24.245928681200606
1610,4535,0.185,0,0.7611140153660845,0.8304947298679926,19,35,1,4,19,35,4,10,0.185,0
1610,4536,0.263,0.062,0.6282886841270412,0.7335329368308021,19,35,1,4,20,35,4,10,0.2702091782304961,13.264802931115389
1610,4537,0.354,0.125,0.47686960332582395,0.6372601414704135,19,35,1,4,21,35,4,10,0.37542109690319747,19.44850051657692
1610,4538,0.452,0.188,0.33155404901634133,0.5498205435368582,19,35,1,4,22,35,4,10,0.4895385582362231,22.583852520656357
1610,4539,0.55,0.25,0.2214404689792745,0.4850373025487029,19,35,1,4,23,35,4,10,0.6041522986797286,24.443954780416533
1610,4540,0.643,0.313,0.1580358554873006,0.4449881469830924,19,35,1,4,24,35,4,10,0.7151349522992146,25.9559257515208
1610,4541,0.727,0.375,0.11329671609713077,0.41577064070598224,19,35,1,4,25,35,4,10,0.8180183372027793,27.285517810080137
1610,4542,0.801,0.438,0.07612356826007483,0.39030418552106194,19,35,1,4,26,35,4,10,0.9129320894787302,28.67056536593403
1610,4543,0.863,0.5,0.05008297431780573,0.3692961257252806,19,35,1,4,27,35,4,10,0.9973810706044105,30.08689904978998
1610,4544,0.911,0.563,0.030474176143233778,0.3498096330579077,19,35,1,4,28,35,4,10,1.0709295028151946,31.71615625222799
1610,4545,0.948,0.625,0.01603866548983046,0.33335362702843474,19,35,1,4,29,35,4,10,1.1354862394586736,33.396173823673614
1610,4546,0.972,0.688,0.007934237024980972,0.3203871676573973,19,35,1,4,30,35,4,10,1.190851795984706,35.29158263426393
1610,4547,0.988,0.75,0.003077723168886548,0.3092069470497547,19,35,1,4,31,35,4,10,1.2404208963089909,37.20247179889837
1610,4548,0.996,0.813,7.83367717121064e-4,0.3010217540722663,19,35,1,4,32,35,4,10,1.2856846425154187,39.22356048587564
1610,4549,0.999,0.876,1.2518204046840786e-4,0.2959966854991065,19,35,1,4,33,35,4,10,1.3286749038045387,41.24677452634258
1610,4550,1,0.938,2.732723741183385e-6,0.2933339420522041,19,35,1,4,34,35,4,10,1.3710740315533658,43.16763304046667
1610,4587,1,1,0,0.2928932188134524,19,35,1,4,10,19,7,10,1.4142135623730951,45
1610,4588,1,1,0,0.2928932188134524,19,35,1,4,11,19,7,10,1.4142135623730951,45
1610,4589,1,1,0,0.2928932188134524,19,35,1,4,12,19,7,10,1.4142135623730951,45
1610,4590,1,1,0,0.2928932188134524,19,35,1,4,13,19,7,10,1.4142135623730951,45
1610,4591,1,1,0,0.2928932188134524,19,35,1,4,14,19,7,10,1.4142135623730951,45
1610,4592,1,1,0,0.2928932188134524,19,35,1,4,15,19,7,10,1.4142135623730951,45
1610,4593,1,1,0,0.2928932188134524,19,35,1,4,16,19,7,10,1.4142135623730951,45
1610,4594,1,1,0,0.2928932188134524,19,35,1,4,17,19,7,10,1.4142135623730951,45
1610,4595,1,1,0,0.2928932188134524,19,35,1,4,18,19,7,10,1.4142135623730951,45
1610,4596,1,0.96,2.4242537643992534e-7,0.29290485478579265,19,35,1,4,10,20,7,10,1.3862178760930766,43.830860672092584
1610,4597,1,0.959,6.258554013927053e-7,0.2929120181717796,19,35,1,4,11,20,7,10,1.385525532063556,43.80102906682782
1610,4598,1,0.957,1.8184781380714554e-6,0.2929254908476332,19,35,1,4,12,20,7,10,1.3841419724869266,43.7412763666856
1610,4599,1,0.955,6.22505418179653e-6,0.29295349082670363,19,35,1,4,13,20,7,10,1.3827599213167845,43.681404157171436
1610,4600,1,0.953,2.601153284786939e-5,0.2930184191870152,19,35,1,4,14,20,7,10,1.3813793830805496,43.62141221053497
1610,4601,1,0.95,1.351168061729524e-4,0.2931904561391908,19,35,1,4,15,20,7,10,1.379311422413372,43.53119928561418
1610,4602,0.999,0.948,8.182779016882025e-4,0.2937332725620506,19,35,1,4,16,20,7,10,1.3772091344454551,43.4995291643456
1610,4603,0.994,0.945,0.0041885533451999635,0.2959399603710082,19,35,1,4,17,20,7,10,1.3715177723966978,43.552400313143536
1610,4604,0.959,0.942,0.0142688218124839,0.3086193064603199,19,35,1,4,18,20,7,10,1.3442637390036227,44.48763688151901
1610,4605,0.764,0.938,0.03163836466247538,0.3506503932800914,19,35,1,4,19,20,7,10,1.2097685729097114,50.83722080276972
1610,4606,1,0.92,8.699946083023935e-5,0.2933538313953691,19,35,1,4,10,21,7,10,1.3588230201170424,42.61405596961119
1610,4607,1,0.917,1.8917027990683621e-4,0.29358305714508237,19,35,1,4,11,21,7,10,1.3567936468011634,42.52082345847564
1610,4608,1,0.913,4.4262371121051025e-4,0.29397522398681875,19,35,1,4,12,21,7,10,1.3540934236602733,42.39607920836728
1610,4609,0.999,0.909,0.0011214926371113654,0.2946940393137538,19,35,1,4,13,21,7,10,1.3506598387454927,42.299370662604716
1610,4610,0.998,0.905,0.002984225720068845,0.2961038292870376,19,35,1,4,14,21,7,10,1.3472301213972318,42.2021694462838
1610,4611,0.993,0.9,0.007770402037727608,0.2990895429199346,19,35,1,4,15,21,7,10,1.3401675268413273,42.18741324008184
1610,4612,0.978,0.895,0.018564957791934567,0.306020105620172,19,35,1,4,16,21,7,10,1.3257107527662284,42.46265856995753
1610,4613,0.937,0.889,0.038936292073616485,0.32391256779140243,19,35,1,4,17,21,7,10,1.2916230100149193,43.494214560353356
1610,4614,0.834,0.883,0.06904006521578376,0.3671123178733142,19,35,1,4,18,21,7,10,1.214596640864777,46.634671754988226
1610,4615,0.621,0.876,0.10611553334162105,0.4109701731046528,19,35,1,4,19,21,7,10,1.0737862915869247,54.667015580313375
1610,4616,0.533,0.938,0.08853239066438501,0.3990445144550535,19,35,1,4,20,21,7,10,1.0788572658141575,60.393450392171644
1610,4617,0.999,0.88,0.0014982460792353214,0.29595206693068454,19,35,1,4,10,22,7,10,1.3313155148198341,41.376208640598755
1610,4618,0.998,0.875,0.0027899447446861902,0.29721799600053567,19,35,1,4,11,22,7,10,1.3272637266195442,41.24277828428066
1610,4619,0.996,0.87,0.005343775634695458,0.2992317373208102,19,35,1,4,12,22,7,10,1.3224658785768348,41.13701712849495
1610,4620,0.991,0.864,0.01041601940128245,0.30259274499427313,19,35,1,4,13,22,7,10,1.3147535890804787,41.083435686597724
1610,4621,0.981,0.858,0.02013890441378996,0.30845429464471685,19,35,1,4,14,22,7,10,1.3032747216147484,41.17351811100685
1610,4622,0.96,0.85,0.03747321847894025,0.31916983905272145,19,35,1,4,15,22,7,10,1.2822246293064254,41.52221348020184
1610,4623,0.919,0.843,0.0653824376765415,0.3396728200864034,19,35,1,4,16,22,7,10,1.247080590820016,42.53020326935578
1610,4624,0.842,0.834,0.10661137213289829,0.37877465308639446,19,35,1,4,17,22,7,10,1.1851244660372175,44.72651386933315
1610,4625,0.699,0.824,0.15765111069724502,0.4371182841279925,19,35,1,4,18,22,7,10,1.0805447700118676,49.692025895795446
1610,4626,0.523,0.813,0.2030208587574095,0.4732064609080424,19,35,1,4,19,22,7,10,0.9666943674191962,57.24696784260787
1610,4627,0.48,0.875,0.18733245682799793,0.4634082370187229,19,35,1,4,20,22,7,10,0.9980105209866277,61.252085708860406
1610,4628,0.482,0.938,0.12289256470116339,0.42286294831697246,19,35,1,4,21,22,7,10,1.0545937606490945,62.80321434455642
1610,4629,0.995,0.84,0.007915135235722959,0.3030357886022741,19,35,1,4,10,23,7,10,1.3021616643105418,40.17176332027903
1610,4630,0.99,0.834,0.012953803465692193,0.30661650076221003,19,35,1,4,11,23,7,10,1.2944713206556566,40.111599051875245
1610,4631,0.982,0.826,0.021454811731855372,0.3120041385245762,19,35,1,4,12,23,7,10,1.283199127181748,40.06855127082787
1610,4632,0.968,0.818,0.03553705038314248,0.3203932272835388,19,35,1,4,13,23,7,10,1.2673389444027987,40.19919118849399
1610,4633,0.944,0.81,0.05797642575803841,0.3338388019891704,19,35,1,4,14,23,7,10,1.2438794153775519,40.6312715063326
1610,4634,0.904,0.8,0.09170996194441217,0.3559357507334502,19,35,1,4,15,23,7,10,1.2071520202526276,41.507406839143954
1610,4635,0.838,0.79,0.13961129110269654,0.3923582834433734,19,35,1,4,16,23,7,10,1.1516700916495142,43.311178802723674
1610,4636,0.734,0.778,0.19793295138250977,0.44748394445101347,19,35,1,4,17,23,7,10,1.0695980553460258,46.66686708158557
1610,4637,0.57,0.765,0.26208702284094054,0.5088083578718565,19,35,1,4,18,23,7,10,0.9540047169694708,53.3102771675242
1610,4638,0.454,0.75,0.3163723592181613,0.5391598841025218,19,35,1,4,19,23,7,10,0.876707476870136,58.81208271995492
1610,4639,0.442,0.813,0.29933109296577254,0.528986311105148,19,35,1,4,20,23,7,10,0.9253826235671383,61.468603024017376
1610,4640,0.456,0.875,0.23635698771747982,0.4920750151129435,19,35,1,4,21,23,7,10,0.9866919478743099,62.47404896568122
1610,4641,0.478,0.938,0.12957696781231853,0.4270803065883191,19,35,1,4,22,23,7,10,1.0527715801635222,62.996841800202574
1610,4642,0.983,0.8,0.023361400217252193,0.316407460918965,19,35,1,4,10,24,7,10,1.2673945715522061,39.13990952579959
1610,4643,0.972,0.792,0.03495518980524248,0.323650087586692,19,35,1,4,11,24,7,10,1.253813383243296,39.17365797044423
1610,4644,0.955,0.783,0.05257442453769545,0.33408612746348754,19,35,1,4,12,24,7,10,1.2349550599110883,39.34816504787456
1610,4645,0.929,0.773,0.07875918508813673,0.3494877940202842,19,35,1,4,13,24,7,10,1.20854044202087,39.763080321731756
1610,4646,0.89,0.762,0.11645195652784068,0.3725883733929872,19,35,1,4,14,24,7,10,1.1716415834204588,40.56946955319519
1610,4647,0.832,0.75,0.1682325373435326,0.4073678732389233,19,35,1,4,15,24,7,10,1.1201446335183685,42.03283619912385
1610,4648,0.747,0.737,0.23182960153269816,0.4579622780667637,19,35,1,4,16,24,7,10,1.0493702873628545,44.613915685255115
1610,4649,0.626,0.722,0.30452322150836875,0.5224931087295701,19,35,1,4,17,24,7,10,0.9555940560719285,49.07353416110863
1610,4650,0.454,0.706,0.38589570217464186,0.5821059978836187,19,35,1,4,18,24,7,10,0.8393759586740616,57.25657103939969
1610,4651,0.406,0.688,0.4288390068395296,0.6048307683446654,19,35,1,4,19,24,7,10,0.7988616901566878,59.45445340942357
1610,4652,0.413,0.75,0.39920896720390886,0.5868800970510336,19,35,1,4,20,24,7,10,0.8561944872515823,61.159888458064394
1610,4653,0.434,0.813,0.3279297863482692,0.5444893760578786,19,35,1,4,21,24,7,10,0.9215883028771578,61.9055704675892
1610,4654,0.457,0.875,0.21496788545461543,0.4794021691034466,19,35,1,4,22,24,7,10,0.987154496520175,62.42257779671018
1610,4655,0.486,0.938,0.09503136040116955,0.4040010864984739,19,35,1,4,23,24,7,10,1.056427943591043,62.61025704822675
1610,4656,0.961,0.76,0.05011909932717229,0.33686840227105186,19,35,1,4,10,25,7,10,1.225202432253544,38.33845862191319
1610,4657,0.942,0.75,0.07045889002255146,0.3488899285673347,19,35,1,4,11,25,7,10,1.2041029856287209,38.526044031327686
1610,4658,0.915,0.739,0.09920351364761837,0.3656009218963946,19,35,1,4,12,25,7,10,1.176157302404742,38.92608601871255
1610,4659,0.877,0.727,0.13922760903520837,0.38917236633262176,19,35,1,4,13,25,7,10,1.1391479271806624,39.657453750104125
1610,4660,0.823,0.715,0.19296278536760614,0.4225403237642962,19,35,1,4,14,25,7,10,1.0902082369896129,40.98322284805313
1610,4661,0.75,0.7,0.25951265777624666,0.469020837412094,19,35,1,4,15,25,7,10,1.0259142264341596,43.02506598911802
1610,4662,0.652,0.684,0.33716197692696004,0.5298674298604314,19,35,1,4,16,25,7,10,0.9449656078397775,46.372091649460614
1610,4663,0.521,0.667,0.42289727179926906,0.5979610583026339,19,35,1,4,17,25,7,10,0.8463628063661589,52.006268789364256
1610,4664,0.381,0.647,0.5089878957452626,0.6512138093815537,19,35,1,4,18,25,7,10,0.7508461893091021,59.50737219670455
1610,4665,0.372,0.625,0.525924021364909,0.6610704355181025,19,35,1,4,19,25,7,10,0.7273300488773993,59.23889216138691
1610,4666,0.39,0.688,0.4769849184907373,0.631013837363764,19,35,1,4,20,25,7,10,0.7908501754441228,60.45281351908478
1610,4667,0.412,0.75,0.3844712251559017,0.5766210153510432,19,35,1,4,21,25,7,10,0.8557125685649358,61.218540567136955
1610,4668,0.44,0.813,0.26242528281457234,0.5063021943377704,19,35,1,4,22,25,7,10,0.9244290129588101,61.57750820164128
1610,4669,0.475,0.875,0.13767247705157637,0.4326230930254714,19,35,1,4,23,25,7,10,0.9956153875869939,61.504361381755025
1610,4670,0.518,0.938,0.04800883528043076,0.36655520974845746,19,35,1,4,24,25,7,10,1.0715260146165373,61.090816348852165
1610,4671,0.929,0.72,0.08868534857782939,0.36409901864168737,19,35,1,4,10,26,7,10,1.175347182750697,37.77664758402305
1610,4672,0.901,0.708,0.11904569615798744,0.381561337862387,19,35,1,4,11,26,7,10,1.1458904834232633,38.16003492868202
1610,4673,0.864,0.696,0.16004624497165942,0.40506018353076867,19,35,1,4,12,26,7,10,1.109464735807317,38.85337434035333
1610,4674,0.814,0.682,0.21408467097260186,0.4368568385430245,19,35,1,4,13,26,7,10,1.061941617980951,39.95754893082909
1610,4675,0.749,0.667,0.28128367189759274,0.47951512542129116,19,35,1,4,14,26,7,10,1.002940676211709,41.685725591464504
1610,4676,0.665,0.65,0.36042121554269413,0.5348922923726845,19,35,1,4,15,26,7,10,0.9299059092187769,44.34646431932219
1610,4677,0.558,0.632,0.4487819462582112,0.6011363598449324,19,35,1,4,16,26,7,10,0.843082439622603,48.558348884477994
1610,4678,0.422,0.611,0.5372712167606246,0.6672750593754282,19,35,1,4,17,26,7,10,0.7425664953389696,55.36828611013276
1610,4679,0.335,0.588,0.6127543190415294,0.7088141329723544,19,35,1,4,18,26,7,10,0.6767340688926485,60.32862864377056
1610,4680,0.346,0.563,0.5930098117968585,0.7013001841344704,19,35,1,4,19,26,7,10,0.6608214584893563,58.42657871305854
1610,4681,0.368,0.625,0.5236153709358389,0.6562419182895918,19,35,1,4,20,26,7,10,0.7252923548473401,59.51042329746295
1610,4682,0.394,0.688,0.40817569570124534,0.590320057533056,19,35,1,4,21,26,7,10,0.7928303727784398,60.20133669803415
1610,4683,0.428,0.75,0.2743054300870955,0.5145289842221017,19,35,1,4,22,26,7,10,0.8635299647377618,60.288037848825404
1610,4684,0.47,0.813,0.15778299264463957,0.4445095934195914,19,35,1,4,23,26,7,10,0.9390788039350052,59.967544889975144
1610,4685,0.52,0.876,0.07628609364232175,0.3902045335251568,19,35,1,4,24,26,7,10,1.01871291343538,59.306322583106294
1610,4686,0.575,0.938,0.03382302622115785,0.3536962393833719,19,35,1,4,25,26,7,10,1.10021316116469,58.49143641960497
1610,4687,0.888,0.68,0.13804005278151454,0.3968084052747305,19,35,1,4,10,27,7,10,1.1184560787085025,37.44365594356054
1610,4688,0.851,0.667,0.1789938559832963,0.4197911933966203,19,35,1,4,11,27,7,10,1.0812446531659705,38.08877288097532
1610,4689,0.804,0.652,0.23197535151652082,0.44977341920382097,19,35,1,4,12,27,7,10,1.0351425022671998,39.040160889286945
1610,4690,0.745,0.636,0.29782981982008516,0.48876644782559797,19,35,1,4,13,27,7,10,0.9795514279505697,40.48709658658744
1610,4691,0.671,0.619,0.3757849379353648,0.538513351838494,19,35,1,4,14,27,7,10,0.912908538682819,42.69165242479919
1610,4692,0.579,0.6,0.46412755369106407,0.5991269499735715,19,35,1,4,15,27,7,10,0.8338111296930498,46.020427609541166
1610,4693,0.466,0.579,0.554769324010657,0.6660919801127194,19,35,1,4,16,27,7,10,0.7432341488387089,51.17163982339581
1610,4694,0.329,0.556,0.6410623814875808,0.7254321873629068,19,35,1,4,17,27,7,10,0.6460472118970874,59.38606734732707
1610,4695,0.304,0.529,0.682474862585031,0.7507086136390387,19,35,1,4,18,27,7,10,0.6101286749530791,60.11534476725095
1610,4696,0.324,0.5,0.6312760505587452,0.7244417467729953,19,35,1,4,19,27,7,10,0.5957986236976383,57.05676253383263
1610,4697,0.348,0.563,0.535933393096249,0.6663873812104444,19,35,1,4,20,27,7,10,0.6618708333202181,58.27907460286795
1610,4698,0.38,0.625,0.4105404034013145,0.5936485901270093,19,35,1,4,21,27,7,10,0.7314540313649245,58.700398665371466
1610,4699,0.422,0.688,0.2787225684165613,0.5179375583416812,19,35,1,4,22,27,7,10,0.8071108969652188,58.47620906035849
1610,4700,0.472,0.75,0.16973093932183436,0.45184388310851586,19,35,1,4,23,27,7,10,0.8861625133123157,57.81642475071924
1610,4701,0.528,0.813,0.10028551805860952,0.4070828096115713,19,35,1,4,24,27,7,10,0.9694085825904369,56.998432305368375
1610,4702,0.589,0.875,0.05935350605789802,0.3770730160131319,19,35,1,4,25,27,7,10,1.054772961352347,56.05381315663145
1610,4703,0.651,0.938,0.025818216040005004,0.3450945806929545,19,35,1,4,26,27,7,10,1.1417727444636256,55.23819766651298
1610,4704,0.839,0.64,0.1961452741545182,0.43317771726512433,19,35,1,4,10,28,7,10,1.0552350449070576,37.33685442577827
1610,4705,0.795,0.625,0.24712134332783275,0.46122391215671865,19,35,1,4,11,28,7,10,1.0112615883143194,38.173137661526304
1610,4706,0.739,0.609,0.31012131460925607,0.4967347802169866,19,35,1,4,12,28,7,10,0.9576022138654442,39.4914778407504
1610,4707,0.672,0.591,0.384997634765722,0.541228899689879,19,35,1,4,13,28,7,10,0.8949106100611389,41.33047428700654
1610,4708,0.591,0.572,0.47081132426725825,0.5954601854773502,19,35,1,4,14,28,7,10,0.8224749236298939,44.064038714051485
1610,4709,0.493,0.55,0.5621796126798353,0.657958153064713,19,35,1,4,15,28,7,10,0.7386128891374697,48.12810541129244
1610,4710,0.378,0.526,0.6502206066371048,0.7221121814661153,19,35,1,4,16,28,7,10,0.6477345135161473,54.2977978087833
1610,4711,0.272,0.5,0.7281056526064236,0.771221645761547,19,35,1,4,17,28,7,10,0.5691959240894123,61.453809268956626
1610,4712,0.28,0.47,0.720212645224879,0.778150087194784,19,35,1,4,18,28,7,10,0.5470831746635972,59.215853473673555
1610,4713,0.303,0.438,0.6429535659908991,0.7356964146043766,19,35,1,4,19,28,7,10,0.5325908373226111,55.32525821692747
1610,4714,0.333,0.5,0.5327538711929389,0.669127291218188,19,35,1,4,20,28,7,10,0.6007403765354881,56.33638481725301
1610,4715,0.374,0.563,0.4066762612065925,0.5935428193443737,19,35,1,4,21,28,7,10,0.6759030995638353,56.40397552377026
1610,4716,0.423,0.625,0.2811528784018231,0.5190453533189521,19,35,1,4,22,28,7,10,0.7546880150101762,55.909858193197465
1610,4717,0.481,0.688,0.1771192229618156,0.4568917765439211,19,35,1,4,23,28,7,10,0.8394670928630853,55.04152860965743
1610,4718,0.543,0.75,0.11469401259736967,0.4172159852708266,19,35,1,4,24,28,7,10,0.9259314229466457,54.09546159002481
1610,4719,0.608,0.813,0.07523377969163758,0.389600161517238,19,35,1,4,25,28,7,10,1.0152009653265701,53.20911539638352
1610,4720,0.673,0.876,0.04183003620834247,0.36152234364969227,19,35,1,4,26,28,7,10,1.1046741601033312,52.46619401252393
1610,4721,0.734,0.938,0.017476854935838726,0.33485499002026486,19,35,1,4,27,28,7,10,1.1910499569707393,51.95625165430914
1610,4722,0.784,0.6,0.26000956384896057,0.47136154806360586,19,35,1,4,10,29,7,10,0.987246676368171,37.4270513594566
1610,4723,0.733,0.583,0.31928318329393623,0.5036699726750733,19,35,1,4,11,29,7,10,0.9365778131047094,38.4973894375653
1610,4724,0.671,0.565,0.3898400382216888,0.5434523668689883,19,35,1,4,12,29,7,10,0.8771921112276375,40.09827797259835
1610,4725,0.597,0.545,0.47126390146792396,0.5916530195198176,19,35,1,4,13,29,7,10,0.8083526458174056,42.39288617854623
1610,4726,0.51,0.524,0.5609092280591013,0.6481197607897975,19,35,1,4,14,29,7,10,0.7312154265331114,45.775717506611066
1610,4727,0.41,0.5,0.6506618520113634,0.7101387395623358,19,35,1,4,15,29,7,10,0.6466065264130884,50.648247373735266
1610,4728,0.293,0.474,0.7323303787183179,0.7693298820370964,19,35,1,4,16,29,7,10,0.5572477007579304,58.277987178292285
1610,4729,0.241,0.444,0.785091163653578,0.8061214145763902,19,35,1,4,17,29,7,10,0.5051900632435282,61.50720922605473
1610,4730,0.258,0.412,0.7325429949955128,0.7948241045440655,19,35,1,4,18,29,7,10,0.48611521268110913,57.94464229127673
1610,4731,0.287,0.375,0.6399171717455688,0.7399018603305055,19,35,1,4,19,29,7,10,0.47222240522872266,52.571965443983856
1610,4732,0.326,0.437,0.5253134865652735,0.6677858023484899,19,35,1,4,20,29,7,10,0.5452017975025394,53.27722985784324
1610,4733,0.375,0.5,0.3987658424737336,0.5903346347648774,19,35,1,4,21,29,7,10,0.625,53.13010235415598
1610,4734,0.433,0.563,0.27597409087563074,0.5165943196921949,19,35,1,4,22,29,7,10,0.7102520679308156,52.436326486012604
1610,4735,0.497,0.625,0.178225338854328,0.4586927586788607,19,35,1,4,23,29,7,10,0.7985198807794331,51.50827980127928
1610,4736,0.565,0.688,0.12269702630998125,0.4230494191196049,19,35,1,4,24,29,7,10,0.8902634441557172,50.60644380711413
1610,4737,0.633,0.75,0.08543715972047516,0.3967900408040437,19,35,1,4,25,29,7,10,0.9814219276131954,49.83563419575588
1610,4738,0.698,0.813,0.05313580189114464,0.37124789295286353,19,35,1,4,26,29,7,10,1.0715283477351403,49.35230732524456
1610,4739,0.76,0.875,0.030208851179408414,0.349873182470811,19,35,1,4,27,29,7,10,1.1589758409906568,49.023352319033336
1610,4740,0.815,0.938,0.0136676190431817,0.3298964011670149,19,35,1,4,28,29,7,10,1.242605729907922,49.01360509419892
1610,4741,0.725,0.56,0.32625243694245554,0.5098235266694704,19,35,1,4,10,30,7,10,0.9160922442636441,37.68299276767522
1610,4742,0.667,0.542,0.39181371426783573,0.5454791662691814,19,35,1,4,11,30,7,10,0.8594492422476152,39.09709264734544
1610,4743,0.599,0.522,0.4677073938179217,0.5883022906542331,19,35,1,4,12,30,7,10,0.794534454885375,41.070601114518375
1610,4744,0.521,0.5,0.5530047947820238,0.6387121224555783,19,35,1,4,13,30,7,10,0.7221087175765156,43.821702505615036
1610,4745,0.431,0.477,0.6430108132600705,0.695844582293401,19,35,1,4,14,30,7,10,0.6428763489194481,47.900170207688696
1610,4746,0.329,0.45,0.7288858349514726,0.7560133781649444,19,35,1,4,15,30,7,10,0.5574414767489051,53.829047409934915
1610,4747,0.223,0.421,0.7999478792904738,0.8089683604504074,19,35,1,4,16,30,7,10,0.47641368578159043,62.09022443421968
1610,4748,0.216,0.389,0.8057942135942313,0.8318225597923631,19,35,1,4,17,30,7,10,0.44494606414710536,60.95790316540725
1610,4749,0.24,0.353,0.7315044199278231,0.80334682346483,19,35,1,4,18,30,7,10,0.4268594616498503,55.78873767999177
1610,4750,0.278,0.313,0.6307647731588333,0.7388501701756207,19,35,1,4,19,30,7,10,0.4186322968907201,48.38919257237914
1610,4751,0.327,0.375,0.5127578595639359,0.662461409738436,19,35,1,4,20,30,7,10,0.4975479876353637,48.91157181252866
1610,4752,0.386,0.437,0.38357071356083383,0.5834578592748054,19,35,1,4,21,30,7,10,0.5830651764597162,48.545993924199024
1610,4753,0.452,0.5,0.26499976811740544,0.5115539903389106,19,35,1,4,22,30,7,10,0.674020771193292,47.88641854386461
1610,4754,0.521,0.563,0.1778096931772406,0.4589103908194194,19,35,1,4,23,30,7,10,0.767078874692818,47.21883731091308
1610,4755,0.592,0.625,0.12868741130939854,0.4266430799737313,19,35,1,4,24,30,7,10,0.8608652623959221,46.55324364983347
1610,4756,0.662,0.688,0.09269436560569388,0.4012918063466123,19,35,1,4,25,30,7,10,0.9547711767748333,46.10333786924327
1610,4757,0.727,0.75,0.06076231935561438,0.3778680712192195,19,35,1,4,26,30,7,10,1.044523336263963,45.89214382266575
1610,4758,0.787,0.813,0.03776029851682905,0.35821400545289894,19,35,1,4,27,30,7,10,1.131520216346133,45.93097447770775
1610,4759,0.84,0.876,0.020917373046328236,0.3395195433566853,19,35,1,4,28,30,7,10,1.2136622264864305,46.201833064452124
1610,4760,0.885,0.938,0.007419538244969437,0.3193302670732783,19,35,1,4,29,30,7,10,1.289600325682341,46.66528863281828
1610,4761,0.662,0.52,0.3921477541166034,0.5474723289655825,19,35,1,4,10,31,7,10,0.8418099547997755,38.149581033703065
1610,4762,0.599,0.5,0.46209575393114966,0.5856230386996224,19,35,1,4,11,31,7,10,0.780257008940003,39.85258107475304
1610,4763,0.527,0.478,0.5414493657347452,0.6304747775568081,19,35,1,4,12,31,7,10,0.7114864721131386,42.208684840530864
1610,4764,0.445,0.454,0.628453163522202,0.6820297812279073,19,35,1,4,13,31,7,10,0.6357208506884134,45.573575961800664
1610,4765,0.354,0.429,0.7170397043791896,0.7388919417741331,19,35,1,4,14,31,7,10,0.5561987055001117,50.47140910959584
1610,4766,0.251,0.4,0.7966296304792615,0.7964736382185604,19,35,1,4,15,31,7,10,0.4722298169323915,57.89172885849043
1610,4767,0.187,0.368,0.8511747000130457,0.8420205062817914,19,35,1,4,16,31,7,10,0.41278686994622293,63.06250046441618
1610,4768,0.196,0.333,0.8080736942094485,0.8490126681006428,19,35,1,4,17,31,7,10,0.38640005175983094,59.51941879181221
1610,4769,0.231,0.294,0.7225404684092798,0.8048604421126364,19,35,1,4,18,31,7,10,0.373894370110062,51.84277341263094
1610,4770,0.279,0.25,0.6153406204837176,0.7329188413557334,19,35,1,4,19,31,7,10,0.37462114195544277,41.86216238194495
1610,4771,0.339,0.312,0.49227304682115347,0.6531888642925877,19,35,1,4,20,31,7,10,0.4607222590672172,42.62503848423863
1610,4772,0.406,0.375,0.3643867259919509,0.5737927775763398,19,35,1,4,21,31,7,10,0.5526852630566514,42.7269689441835
1610,4773,0.478,0.437,0.25276522602820417,0.5054255934771321,19,35,1,4,22,31,7,10,0.6476519126814959,42.43436432719838
1610,4774,0.551,0.5,0.1770366840259402,0.4579252884206588,19,35,1,4,23,31,7,10,0.7440436815133907,42.22188920146238
1610,4775,0.624,0.563,0.1307440849222279,0.42772437976051947,19,35,1,4,24,31,7,10,0.8404433353891266,42.05815443472808
1610,4776,0.694,0.625,0.0939123049516859,0.40257467880571185,19,35,1,4,25,31,7,10,0.9339491420843,42.005452297671845
1610,4777,0.758,0.688,0.06320588720004916,0.38001500998544,19,35,1,4,26,31,7,10,1.023673776161136,42.228509007956525
1610,4778,0.815,0.75,0.04128454708592566,0.36138807251134664,19,35,1,4,27,31,7,10,1.1075761824813677,42.62167002664452
1610,4779,0.865,0.813,0.024537116702234796,0.34345581798270974,19,35,1,4,28,31,7,10,1.1870947729646524,43.22501349860521
1610,4780,0.906,0.875,0.011561010773141867,0.3267309520452769,19,35,1,4,29,31,7,10,1.2595479347766008,44.00281312528607
1610,4781,0.938,0.938,0.004435818177083162,0.3129030495974585,19,35,1,4,30,31,7,10,1.326532321505963,45
1610,4782,0.597,0.48,0.45569449299109954,0.5836370095800967,19,35,1,4,10,32,7,10,0.7660345945190725,38.799981135320834
1610,4783,0.53,0.458,0.5285250607180023,0.6235802331817903,19,35,1,4,11,32,7,10,0.7004741251466753,40.8319670232525
1610,4784,0.455,0.435,0.6097920158859458,0.6697142421853985,19,35,1,4,12,32,7,10,0.6294839156007086,43.71267105847496
1610,4785,0.371,0.409,0.6972366777671586,0.7217293015439248,19,35,1,4,13,32,7,10,0.5521974284619586,47.78912763527663
1610,4786,0.278,0.381,0.7838845259405187,0.7777913204663187,19,35,1,4,14,32,7,10,0.47164075311618275,53.883311364540155
1610,4787,0.18,0.35,0.8539311707944566,0.8322008600008161,19,35,1,4,15,32,7,10,0.39357337308308854,62.78388844269253
1610,4788,0.16,0.316,0.8651246472031566,0.8683948021285325,19,35,1,4,16,32,7,10,0.3541976849162061,63.14557865948141
1610,4789,0.184,0.278,0.8008054190869387,0.8573022522322686,19,35,1,4,17,32,7,10,0.33337666385036613,56.50059992165246
1610,4790,0.232,0.235,0.7059476254108811,0.799724421387648,19,35,1,4,18,32,7,10,0.3302256804065971,45.36806204312849
1610,4791,0.292,0.188,0.5927464689171246,0.7222244906285066,19,35,1,4,19,32,7,10,0.34728662513837183,32.774877324264246
1610,4792,0.361,0.25,0.46697102577027616,0.6403798692070096,19,35,1,4,20,32,7,10,0.43911388044560834,34.703405839907006
1610,4793,0.435,0.312,0.3427322927810045,0.5621773986752012,19,35,1,4,21,32,7,10,0.5353213987876816,35.64965637157622
1610,4794,0.511,0.375,0.23824394149849215,0.4982739903018679,19,35,1,4,22,32,7,10,0.633834363221181,36.2732765083743
1610,4795,0.587,0.437,0.17175514748799459,0.45495223968615717,19,35,1,4,23,32,7,10,0.7318046187337164,36.666333284095245
1610,4796,0.66,0.5,0.1282523854589236,0.4258615594855163,19,35,1,4,24,32,7,10,0.8280096617793781,37.14668669802178
1610,4797,0.728,0.563,0.09185489279265513,0.40110396133985804,19,35,1,4,25,32,7,10,0.9203004944038659,37.716633000630594
1610,4798,0.789,0.625,0.06328774630731793,0.3797934015712384,19,35,1,4,26,32,7,10,1.0065515386705244,38.38422168037131
1610,4799,0.843,0.688,0.042570750037504435,0.3619826254550651,19,35,1,4,27,32,7,10,1.0881144241301095,39.219014410963055
1610,4800,0.888,0.75,0.02579854108733537,0.3444621955358679,19,35,1,4,28,32,7,10,1.1623441831058474,40.18425546260554
1610,4801,0.925,0.813,0.013607286381115302,0.3296884213440454,19,35,1,4,29,32,7,10,1.2315007105154263,41.31285014377745
1610,4802,0.953,0.875,0.00650120860630643,0.3176267406157036,19,35,1,4,30,32,7,10,1.2937673670331926,42.5566950263501
1610,4803,0.973,0.938,0.0021401593124499296,0.3067031883147703,19,35,1,4,31,32,7,10,1.351507676633766,43.95074405911993
1610,4804,0.531,0.44,0.5157599091924283,0.6179569673228884,19,35,1,4,10,33,7,10,0.6896093096819387,39.64600286524797
1610,4805,0.461,0.416,0.5902638200591571,0.6591474679006151,19,35,1,4,11,33,7,10,0.6209484680712241,42.06265578171586
1610,4806,0.383,0.391,0.6723371692401512,0.706032046633835,19,35,1,4,12,33,7,10,0.5473298822465297,45.59218335212901
1610,4807,0.298,0.363,0.7598506524314049,0.7580504076103801,19,35,1,4,13,33,7,10,0.46965199882466163,50.616173211789246
1610,4808,0.205,0.333,0.8444422481633653,0.8128885048014045,19,35,1,4,14,33,7,10,0.39104219721150296,58.382898862985975
1610,4809,0.14,0.3,0.8958541191675501,0.86309556213042,19,35,1,4,15,33,7,10,0.33105890714493696,64.98310652189997
1610,4810,0.144,0.263,0.8623927564398225,0.8863731245377134,19,35,1,4,16,33,7,10,0.2998416248621929,61.29803796916476
1610,4811,0.185,0.222,0.7843260460593833,0.8560432542782581,19,35,1,4,17,33,7,10,0.2889792380085462,50.19442890773481
1610,4812,0.246,0.176,0.6819380889930298,0.7882409819752005,19,35,1,4,18,33,7,10,0.3024764453639324,35.581717583080845
1610,4813,0.316,0.125,0.5642653249939068,0.7070965482842785,19,35,1,4,19,33,7,10,0.33982495494003967,21.582246371325283
1610,4814,0.392,0.187,0.43725612185764506,0.62467038584153,19,35,1,4,20,33,7,10,0.43431900718250865,25.503047139915527
1610,4815,0.471,0.25,0.31691293452721603,0.5491330727913919,19,35,1,4,21,33,7,10,0.5332363453479141,27.958717197762567
1610,4816,0.549,0.312,0.22291914263345192,0.4899613420813699,19,35,1,4,22,33,7,10,0.6314625879654313,29.60982962127197
1610,4817,0.625,0.375,0.16420729239145737,0.45002761871838004,19,35,1,4,23,33,7,10,0.7288689868556626,30.96375653207352
1610,4818,0.697,0.437,0.12339578574676513,0.4219556210435925,19,35,1,4,24,33,7,10,0.8226651809819107,32.08659093294031
1610,4819,0.762,0.5,0.0880239449369018,0.3981179251985506,19,35,1,4,25,33,7,10,0.9113967302991601,33.27160305309256
1610,4820,0.819,0.563,0.06136415431103337,0.37792836067388136,19,35,1,4,26,33,7,10,0.9938460645391719,34.50555383290539
1610,4821,0.869,0.625,0.04169494141148711,0.36030747708803634,19,35,1,4,27,33,7,10,1.0704139386237457,35.724348871861196
1610,4822,0.909,0.688,0.025107166755112598,0.34335102846992294,19,35,1,4,28,33,7,10,1.1400109648595491,37.12119331305297
1610,4823,0.941,0.75,0.013756532884358075,0.3296924740152909,19,35,1,4,29,33,7,10,1.2033208217262759,38.55570182574099
1610,4824,0.965,0.813,0.006824216841754049,0.3182303473418421,19,35,1,4,30,33,7,10,1.2618216989733533,40.11370371919897
1610,4825,0.981,0.875,0.0026423125017368543,0.3080369518180486,19,35,1,4,31,33,7,10,1.3145288129211927,41.731270371160484
1610,4826,0.991,0.938,6.025733556542789e-4,0.29991940228006175,19,35,1,4,32,33,7,10,1.3645237264335126,43.42617286941801
1610,4827,0.464,0.4,0.5717157334155925,0.6502538694319582,19,35,1,4,10,34,7,10,0.6126140710104527,40.763605200941164
1610,4828,0.391,0.375,0.6469173824853399,0.6922609726715114,19,35,1,4,11,34,7,10,0.5417619403391124,43.80339532050162
1610,4829,0.312,0.348,0.7289584318157579,0.7394770036840046,19,35,1,4,12,34,7,10,0.4673842102596107,48.122130462115706
1610,4830,0.227,0.318,0.816541010695901,0.7910748065600176,19,35,1,4,13,34,7,10,0.3907083311115851,54.47936944927001
1610,4831,0.139,0.286,0.898255142732435,0.8439978907107937,19,35,1,4,14,34,7,10,0.31798899352021603,64.07959986962237
1610,4832,0.115,0.25,0.90281742299441,0.8876816126514631,19,35,1,4,15,34,7,10,0.27518175811634027,65.2975697722287
1610,4833,0.143,0.21,0.8478768175855739,0.8930356923772993,19,35,1,4,16,34,7,10,0.2540649523251879,55.74700078943466
1610,4834,0.201,0.166,0.7594797113501748,0.8455180477754125,19,35,1,4,17,34,7,10,0.26068563443350695,39.55230063207829
1610,4835,0.273,0.117,0.6513239626234795,0.771121369493289,19,35,1,4,18,34,7,10,0.2970151511286925,23.19859051364819
1610,4836,0.351,0.062,0.5290526619744322,0.6882588940659221,19,35,1,4,19,34,7,10,0.3564337245547901,10.017291645908854
1610,4837,0.432,0.125,0.4035763529566898,0.6068724504964377,19,35,1,4,20,34,7,10,0.44972102463638497,16.137897795597773
1610,4838,0.513,0.187,0.2902046689074289,0.5351256639842294,19,35,1,4,21,34,7,10,0.5460201461484732,20.027931876166427
1610,4839,0.591,0.25,0.20792776305764582,0.48062690273681974,19,35,1,4,22,34,7,10,0.6417016440683317,22.92893772068457
1610,4840,0.665,0.312,0.15518258288664777,0.443591329291817,19,35,1,4,23,34,7,10,0.7345536059403698,25.134698599355588
1610,4841,0.734,0.375,0.11613846103460468,0.41662751487490535,19,35,1,4,24,34,7,10,0.8242457157911104,27.06245185117687
1610,4842,0.795,0.437,0.0826159823328867,0.3937595636645538,19,35,1,4,25,34,7,10,0.9071901674952171,28.79695886143553
1610,4843,0.847,0.5,0.05766683334770717,0.3742076407574457,19,35,1,4,26,34,7,10,0.9835695196578633,30.55415113705478
1610,4844,0.892,0.563,0.03908282690794529,0.3566243122868751,19,35,1,4,27,34,7,10,1.0548142016488022,32.25872436668138
1610,4845,0.928,0.625,0.02327834297043352,0.34045158471729453,19,35,1,4,28,34,7,10,1.1188427056561616,33.959926663549794
1610,4846,0.955,0.688,0.012952658421395258,0.32754670743722814,19,35,1,4,29,34,7,10,1.1770169922307834,35.76968906310781
1610,4847,0.975,0.75,0.006499413557770617,0.3166677806771564,19,35,1,4,30,34,7,10,1.2300914600142545,37.568592028827496
1610,4848,0.987,0.813,0.002573427926170102,0.3071198336443882,19,35,1,4,31,34,7,10,1.2787251463860403,39.47856358535207
1610,4849,0.995,0.875,6.880372436964821e-4,0.3003301879533917,19,35,1,4,32,34,7,10,1.3250094339286798,41.3282999016293
1610,4850,0.999,0.938,1.1262125347610841e-4,0.29586798811767134,19,35,1,4,33,34,7,10,1.3703448471096609,43.19623756362995
1610,4851,0.396,0.36,0.6232787152487922,0.6804165191445689,19,35,1,4,10,35,7,10,0.5351784749034662,42.27368900609373
1610,4852,0.322,0.333,0.6982698725127277,0.7228523809200287,19,35,1,4,11,35,7,10,0.4632202499891386,45.96212875345299
1610,4853,0.243,0.304,0.7791291550229094,0.7699610421260883,19,35,1,4,12,35,7,10,0.3891850459614295,51.363183630515714
1610,4854,0.157,0.273,0.8637225966389519,0.8205012956407134,19,35,1,4,13,35,7,10,0.3149253879889648,60.097155158190716
1610,4855,0.1,0.238,0.9191586101873641,0.870010251181987,19,35,1,4,14,35,7,10,0.2581549922042957,67.20940915821498
1610,4856,0.109,0.2,0.8927267144910817,0.9025876633697392,19,35,1,4,15,35,7,10,0.22777401080895954,61.4096159392094
1610,4857,0.16,0.158,0.8232213992095183,0.8867424704895012,19,35,1,4,16,35,7,10,0.22486440358580545,44.63965393661277
1610,4858,0.231,0.111,0.7268625961925138,0.8272502255170924,19,35,1,4,17,35,7,10,0.2562849976100825,25.66519146217359
1610,4859,0.311,0.059,0.6128619214818605,0.7494739373913379,19,35,1,4,18,35,7,10,0.3165469949312424,10.74196317782835
1610,4860,0.394,0,0.48956907116694526,0.6666763857347626,19,35,1,4,19,35,7,10,0.394,0
1610,4861,0.477,0.062,0.36788613246069213,0.5877712221423812,19,35,1,4,20,35,7,10,0.48101247385073076,7.405730918345868
1610,4862,0.558,0.125,0.2639024369787867,0.5205051089883925,19,35,1,4,21,35,7,10,0.5718295200494637,12.626619073849422
1610,4863,0.634,0.188,0.19217518765853958,0.47042352522180175,19,35,1,4,22,35,7,10,0.6612866246946176,16.516668497775186
1610,4864,0.704,0.25,0.14466258647213448,0.4359149076773251,19,35,1,4,23,35,7,10,0.7470716163795811,19.550644303728095
1610,4865,0.768,0.313,0.1072936318501907,0.41004497163532627,19,35,1,4,24,35,7,10,0.8293328644157303,22.173454773555108
1610,4866,0.824,0.375,0.07651019008746196,0.38801000004313557,19,35,1,4,25,35,7,10,0.9053181761126857,24.47014354333955
1610,4867,0.872,0.438,0.05342642392455743,0.3689205083286248,19,35,1,4,26,35,7,10,0.975821705026077,26.670084569069584
1610,4868,0.911,0.5,0.035800128819523436,0.3517231119427793,19,35,1,4,27,35,7,10,1.0391924749535093,28.760068150417705
1610,4869,0.942,0.563,0.02103895367817432,0.33656742663516637,19,35,1,4,28,35,7,10,1.0974210677766305,30.865264118596418
1610,4870,0.965,0.625,0.011855478766230942,0.32440347213131615,19,35,1,4,29,35,7,10,1.1497173565707355,32.929854510612074
1610,4871,0.981,0.688,0.005914484567451139,0.31392883265920535,19,35,1,4,30,35,7,10,1.1982090802526912,35.0429462848108
1610,4872,0.991,0.75,0.0022815560684202874,0.30500274502555413,19,35,1,4,31,35,7,10,1.2428117315184952,37.11884780864493
1610,4873,0.997,0.813,6.163399914144163e-4,0.2991602374102579,19,35,1,4,32,35,7,10,1.286459482455627,39.19539724518994
1610,4874,0.999,0.876,1.0162124959500751e-4,0.29516581689208843,19,35,1,4,33,35,7,10,1.3286749038045387,41.24677452634258
1610,4875,1,0.938,2.355359287720127e-6,0.29321840640581076,19,35,1,4,34,35,7,10,1.3710740315533658,43.16763304046667
1610,4912,1,1,0,0.2928932188134524,19,35,1,4,10,19,10,10,1.4142135623730951,45
1610,4913,1,1,0,0.2928932188134524,19,35,1,4,11,19,10,10,1.4142135623730951,45
1610,4914,1,1,0,0.2928932188134524,19,35,1,4,12,19,10,10,1.4142135623730951,45
1610,4915,1,1,0,0.2928932188134524,19,35,1,4,13,19,10,10,1.4142135623730951,45
1610,4916,1,1,0,0.2928932188134524,19,35,1,4,14,19,10,10,1.4142135623730951,45
1610,4917,1,1,0,0.2928932188134524,19,35,1,4,15,19,10,10,1.4142135623730951,45
1610,4918,1,1,0,0.2928932188134524,19,35,1,4,16,19,10,10,1.4142135623730951,45
1610,4919,1,1,0,0.2928932188134524,19,35,1,4,17,19,10,10,1.4142135623730951,45
1610,4920,1,1,0,0.2928932188134524,19,35,1,4,18,19,10,10,1.4142135623730951,45
1610,4921,1,0.96,1.6830230141762215e-6,0.29292447905564034,19,35,1,4,10,20,10,10,1.3862178760930766,43.830860672092584
1610,4922,1,0.959,4.31882214824153e-6,0.29294369432073153,19,35,1,4,11,20,10,10,1.385525532063556,43.80102906682782
1610,4923,1,0.957,1.2514861209789174e-5,0.2929800321267201,19,35,1,4,12,20,10,10,1.3841419724869266,43.7412763666856
1610,4924,1,0.955,4.1568434117622566e-5,0.29305456186747436,19,35,1,4,13,20,10,10,1.3827599213167845,43.681404157171436
1610,4925,1,0.953,1.59723333978401e-4,0.2932225565058467,19,35,1,4,14,20,10,10,1.3813793830805496,43.62141221053497
1610,4926,0.999,0.95,6.793057913210276e-4,0.2936488639561545,19,35,1,4,15,20,10,10,1.3785865950313023,43.559824574075215
1610,4927,0.997,0.948,0.0026836025499265004,0.2949098855819695,19,35,1,4,16,20,10,10,1.3757590632083803,43.55686402493167
1610,4928,0.985,0.945,0.008430143671087853,0.2995787532300648,19,35,1,4,17,20,10,10,1.3650091574784398,43.81269268427118
1610,4929,0.931,0.942,0.019699710401402837,0.3196844386044091,19,35,1,4,18,20,10,10,1.3244338413072962,45.33649029829219
1610,4930,0.731,0.938,0.034242002029127305,0.3539339701667148,19,35,1,4,19,20,10,10,1.189203514962851,52.07008273245232
1610,4931,1,0.92,4.561266636562422e-4,0.29400716576770625,19,35,1,4,10,21,10,10,1.3588230201170424,42.61405596961119
1610,4932,0.999,0.917,9.427301226908602e-4,0.29455022726882185,19,35,1,4,11,21,10,10,1.3560567834718427,42.549379651519416
1610,4933,0.998,0.913,0.002034427678995643,0.2954672278178232,19,35,1,4,12,21,10,10,1.3526170928980603,42.45320075755742
1610,4934,0.996,0.909,0.004431479749968492,0.2970933530244084,19,35,1,4,13,21,10,10,1.3484424348113642,42.38515925361078
1610,4935,0.991,0.905,0.009446605933478791,0.30013521862532655,19,35,1,4,14,21,10,10,1.3420529050674568,42.40292090954749
1610,4936,0.978,0.9,0.01896420642137031,0.3061857641690373,19,35,1,4,15,21,10,10,1.3290914189776413,42.62167002664452
1610,4937,0.949,0.895,0.035066791212794324,0.3190535155500086,19,35,1,4,16,21,10,10,1.3044638745477009,43.32262032327696
1610,4938,0.888,0.889,0.05826000055483993,0.34677561863007067,19,35,1,4,17,21,10,10,1.2565289491293068,45.03224297887726
1610,4939,0.758,0.883,0.08830964980334255,0.3924665029277571,19,35,1,4,18,21,10,10,1.1637237644733391,49.35598318599966
1610,4940,0.582,0.876,0.11594165965823688,0.4178205797064234,19,35,1,4,19,21,10,10,1.0517128885774862,56.400590277339546
1610,4941,0.525,0.938,0.0869793476602767,0.398132442579485,19,35,1,4,20,21,10,10,1.0749274394116097,60.76419543129998
1610,4942,0.996,0.88,0.005853952227441339,0.29969094582232514,19,35,1,4,10,22,10,10,1.3290658373459157,41.46169547439799
1610,4943,0.992,0.875,0.009921743705601505,0.3024002382466492,19,35,1,4,11,22,10,10,1.3227581033582823,41.41411282581258
1610,4944,0.985,0.87,0.016846574088726474,0.3066043778024238,19,35,1,4,12,22,10,10,1.314201278343618,41.45251061980337
1610,4945,0.973,0.864,0.028163851346339364,0.313331003094357,19,35,1,4,13,22,10,10,1.3012397934277908,41.604286276625295
1610,4946,0.951,0.858,0.04573992223198842,0.32442749198198606,19,35,1,4,14,22,10,10,1.2808454239290548,42.057036705086034
1610,4947,0.914,0.85,0.07114771752327742,0.34320196149944804,19,35,1,4,15,22,10,10,1.2481570414014416,42.92215294642991
1610,4948,0.853,0.843,0.10621230333232501,0.3747222751989695,19,35,1,4,16,22,10,10,1.1992739470196123,44.662175026208374
1610,4949,0.752,0.834,0.14886092510784021,0.42131033579075927,19,35,1,4,17,22,10,10,1.1229692782974965,47.95969373375817
1610,4950,0.581,0.824,0.19376111074373992,0.46784907774521856,19,35,1,4,18,22,10,10,1.0082345957166912,54.812447714213945
1610,4951,0.49,0.813,0.21734213264068802,0.48158120703714624,19,35,1,4,19,22,10,10,0.9492465433173828,58.92237666667955
1610,4952,0.473,0.875,0.18823438269566883,0.4634118396009612,19,35,1,4,20,22,10,10,0.9946627569181425,61.60561101295423
1610,4953,0.482,0.938,0.12005493689352509,0.42105707459570363,19,35,1,4,21,22,10,10,1.0545937606490945,62.80321434455642
1610,4954,0.98,0.84,0.024323864627412317,0.3139771718348927,19,35,1,4,10,23,10,10,1.2907362240210043,40.60129464500447
1610,4955,0.968,0.834,0.03629882496551684,0.32104987389129214,19,35,1,4,11,23,10,10,1.2777245399537414,40.74720887840148
1610,4956,0.95,0.826,0.05385840984364054,0.3313526312333228,19,35,1,4,12,23,10,10,1.258878866293338,41.00610041319591
1610,4957,0.923,0.818,0.07866485810125234,0.3466218010330615,19,35,1,4,13,23,10,10,1.233309774549768,41.548662477959226
1610,4958,0.882,0.81,0.11269935128288,0.3694780930157805,19,35,1,4,14,23,10,10,1.1975074112505526,42.56335175318988
1610,4959,0.822,0.8,0.15663845132754461,0.4032853594924716,19,35,1,4,15,23,10,10,1.147032693518367,44.2229162392636
1610,4960,0.735,0.79,0.2068249699197029,0.4498802566529754,19,35,1,4,16,23,10,10,1.079038924228408,47.0655099193032
1610,4961,0.608,0.778,0.26163905869428516,0.5029219654494657,19,35,1,4,17,23,10,10,0.9873945513319384,51.99269376772797
1610,4962,0.461,0.765,0.32398877868673537,0.542881962022614,19,35,1,4,18,23,10,10,0.8931662779124613,58.926228665508724
1610,4963,0.434,0.75,0.33793177155614496,0.5504940333940095,19,35,1,4,19,23,10,10,0.8665194746801712,59.9434642300023
1610,4964,0.441,0.813,0.2968073978415703,0.5280004177050355,19,35,1,4,20,23,10,10,0.9249054005680797,61.52302754154848
1610,4965,0.459,0.875,0.2278859498932665,0.48720838918757525,19,35,1,4,21,23,10,10,0.9880819804044602,62.31978023659987
1610,4966,0.479,0.938,0.12325032060601737,0.4231022710421851,19,35,1,4,22,23,10,10,1.0532259966407969,62.94837215955944
1610,4967,0.948,0.8,0.060875691169963386,0.33927761543880064,19,35,1,4,10,24,10,10,1.2404450814123131,40.16041242370243
1610,4968,0.926,0.792,0.08392024143626742,0.35268335676670837,19,35,1,4,11,24,10,10,1.2184990767333392,40.54009212652001
1610,4969,0.894,0.783,0.11497072042684153,0.3712328942146733,19,35,1,4,12,24,10,10,1.1884128070666353,41.21313759753341
1610,4970,0.851,0.773,0.15581822649164645,0.39700013338440154,19,35,1,4,13,24,10,10,1.1496651686469412,42.250222243811535
1610,4971,0.793,0.762,0.20603794505512552,0.4323963365606648,19,35,1,4,14,24,10,10,1.099769521308897,43.85792030934384
1610,4972,0.715,0.75,0.26345427129946675,0.4789381252996171,19,35,1,4,15,24,10,10,1.0362070256469023,46.368580806953126
1610,4973,0.61,0.737,0.32800089453720604,0.5339393469038565,19,35,1,4,16,24,10,10,0.9566969217050926,50.38612981015228
1610,4974,0.468,0.722,0.3978527619421718,0.5862769213854866,19,35,1,4,17,24,10,10,0.8604115294439051,57.04871524825971
1610,4975,0.396,0.706,0.45442152262629076,0.6167145762250102,19,35,1,4,18,24,10,10,0.8094763739603522,60.711649117156824
1610,4976,0.399,0.688,0.442942774934435,0.6123811307856577,19,35,1,4,19,24,10,10,0.7953269767837627,59.88875954134433
1610,4977,0.417,0.75,0.39338322250268354,0.5824928325727015,19,35,1,4,20,24,10,10,0.8581311088639078,60.925940628491276
1610,4978,0.438,0.813,0.3054074826524591,0.5327165747181934,19,35,1,4,21,24,10,10,0.9234787490787213,61.686637902070956
1610,4979,0.461,0.875,0.19824540035881255,0.4696032287002204,19,35,1,4,22,24,10,10,0.9890126389485626,62.21717581124318
1610,4980,0.489,0.938,0.08848493296227034,0.3991986981477136,19,35,1,4,23,24,10,10,1.057811419866509,62.465979400511614
1610,4981,0.9,0.76,0.11650576225106735,0.3759557626093284,19,35,1,4,10,25,10,10,1.1779643458101776,40.17923392190735
1610,4982,0.866,0.75,0.15258387479723878,0.39690820065803145,19,35,1,4,11,25,10,10,1.1456247204036756,40.894226394290975
1610,4983,0.822,0.739,0.19832725768657444,0.42456942068257253,19,35,1,4,12,25,10,10,1.1053528848290937,41.9563896734182
1610,4984,0.766,0.727,0.25334141421851264,0.4607379612823067,19,35,1,4,13,25,10,10,1.056070546885955,43.50366553174618
1610,4985,0.694,0.715,0.31664678773545063,0.5066384900245726,19,35,1,4,14,25,10,10,0.9964241064928125,45.85388381117174
1610,4986,0.602,0.7,0.38759037403977137,0.5611474233407465,19,35,1,4,15,25,10,10,0.9232572772526626,49.30446896050799
1610,4987,0.486,0.684,0.46136687234984497,0.6179373789071565,19,35,1,4,16,25,10,10,0.8390780654980798,54.60520415501295
1610,4988,0.366,0.667,0.5341160360034867,0.6631709168177263,19,35,1,4,17,25,10,10,0.7608186380472024,61.245294471963476
1610,4989,0.359,0.647,0.5588984117085622,0.6784619932503497,19,35,1,4,18,25,10,10,0.7399256719427972,60.97548031901032
1610,4990,0.376,0.625,0.5195800932162951,0.6583329199814729,19,35,1,4,19,25,10,10,0.729383986662718,58.9688842472395
1610,4991,0.396,0.688,0.449312185134495,0.6151673281599874,19,35,1,4,20,25,10,10,0.793826177446927,60.076069974918795
1610,4992,0.42,0.75,0.3463091995743639,0.5557539635090304,19,35,1,4,21,25,10,10,0.8595929269136642,60.751173663453024
1610,4993,0.449,0.813,0.22754356337690185,0.48757164388792407,19,35,1,4,22,25,10,10,0.9287464670188522,61.08920429045652
1610,4994,0.483,0.875,0.12122380651668696,0.42135036751687505,19,35,1,4,23,25,10,10,0.9994568524953941,61.10130239915843
1610,4995,0.523,0.938,0.04447837011089628,0.36351301623537424,19,35,1,4,24,25,10,10,1.0739520473466213,60.85730442183883
1610,4996,0.839,0.72,0.18979144184630636,0.4221818555567045,19,35,1,4,10,26,10,10,1.1055862698134415,40.63502118649107
1610,4997,0.795,0.708,0.23879277993034742,0.45073012201780716,19,35,1,4,11,26,10,10,1.064560472683445,41.68717449947864
1610,4998,0.74,0.696,0.29690900049964863,0.4867282709754114,19,35,1,4,12,26,10,10,1.0158818828978102,43.24496811225566
1610,4999,0.672,0.682,0.36376676092423654,0.531139916331912,19,35,1,4,13,26,10,10,0.9574486931423533,45.423151682392024
1610,5000,0.59,0.667,0.4380495309058122,0.5835295295680216,19,35,1,4,14,26,10,10,0.8904992981468317,48.50538515731983
1610,5001,0.49,0.65,0.5141820127464656,0.6403006161508746,19,35,1,4,15,26,10,10,0.814002456998749,52.9893267663969
1610,5002,0.368,0.632,0.5881772669943555,0.6923629767703805,19,35,1,4,16,26,10,10,0.7313330294742608,59.78867761416518
1610,5003,0.32,0.611,0.6466955633899548,0.723801024828874,19,35,1,4,17,26,10,10,0.6897253076406578,62.35752875096021
1610,5004,0.334,0.588,0.6222710289200263,0.7190444426652032,19,35,1,4,18,26,10,10,0.6762396025078684,60.40224620674503
1610,5005,0.355,0.563,0.5597087410024304,0.6813065811529013,19,35,1,4,19,26,10,10,0.6655779443461148,57.766493377540755
1610,5006,0.379,0.625,0.4629044382714611,0.6249327812464465,19,35,1,4,20,26,10,10,0.7309350176315266,58.767377400576265
1610,5007,0.408,0.688,0.3470608348421267,0.5578157917178612,19,35,1,4,21,26,10,10,0.7998799909986497,59.331073350285074
1610,5008,0.444,0.75,0.22997318847107162,0.4894860494601312,19,35,1,4,22,26,10,10,0.8715709953870654,59.37446728130534
1610,5009,0.486,0.813,0.13330055590173961,0.4289850275241014,19,35,1,4,23,26,10,10,0.947187943335429,59.12960967455034
1610,5010,0.532,0.876,0.07015936914578125,0.3852503388272973,19,35,1,4,24,26,10,10,1.0248902380255165,58.729441690676545
1610,5011,0.582,0.938,0.03240242542451155,0.3517577294042854,19,35,1,4,25,26,10,10,1.1038876754452873,58.18167743930897
1610,5012,0.768,0.68,0.2759019553512948,0.47439866189124047,19,35,1,4,10,27,10,10,1.0257797034451404,41.52221348020184
1610,5013,0.715,0.667,0.3353996735378837,0.5093895773547159,19,35,1,4,11,27,10,10,0.9778108201487647,43.010787023278695
1610,5014,0.651,0.652,0.40351881578427273,0.5515832563619475,19,35,1,4,12,27,10,10,0.9213604072240135,45.04397219360255
1610,5015,0.575,0.636,0.47883903128816907,0.6008632339920617,19,35,1,4,13,27,10,10,0.8573919757030619,47.883642489486505
1610,5016,0.486,0.619,0.5561006442108347,0.6551875060135589,19,35,1,4,14,27,10,10,0.7869923760748893,51.86321866565735
1610,5017,0.38,0.6,0.6305100468038158,0.7088904198903833,19,35,1,4,15,27,10,10,0.7102112361825881,57.652556500557964
1610,5018,0.29,0.579,0.698099510829449,0.7504178452170994,19,35,1,4,16,27,10,10,0.6475654407085047,63.39537992070915
1610,5019,0.293,0.556,0.7044095971558866,0.7628880203195264,19,35,1,4,17,27,10,10,0.6284783210262707,62.211737269058894
1610,5020,0.313,0.529,0.6472098872664378,0.7375426705505786,19,35,1,4,18,27,10,10,0.6146625090242612,59.38794305434721
1610,5021,0.338,0.5,0.5592653905861757,0.6858806815895016,19,35,1,4,19,27,10,10,0.603526304314899,55.94130662590673
1610,5022,0.368,0.563,0.45135095351345833,0.6219340709986861,19,35,1,4,20,27,10,10,0.6726016651778376,56.82971497683574
1610,5023,0.406,0.625,0.3351129034346163,0.5532617379939404,19,35,1,4,21,27,10,10,0.7452925600058007,56.992246680338575
1610,5024,0.449,0.688,0.22772834101205763,0.4880362897450067,19,35,1,4,22,27,10,10,0.8215503636418159,56.870879306363236
1610,5025,0.497,0.75,0.14135620341078514,0.4344231172505405,19,35,1,4,23,27,10,10,0.8997271808720686,56.468890763971324
1610,5026,0.549,0.813,0.09044850761059753,0.40006076795131773,19,35,1,4,24,27,10,10,0.9810045871452385,55.969757966800586
1610,5027,0.603,0.875,0.05484283231810061,0.37325181704827437,19,35,1,4,25,27,10,10,1.0626542241011419,55.42760833676489
1610,5028,0.658,0.938,0.0240086382966177,0.342794403241509,19,35,1,4,26,27,10,10,1.1457783380741668,54.950626687951605
1610,5029,0.69,0.64,0.36819653478459413,0.5286269793970593,19,35,1,4,10,28,10,10,0.9411163583744573,42.84703721089954
1610,5030,0.629,0.625,0.43570744133102124,0.5682074910271573,19,35,1,4,11,28,10,10,0.8867164146445018,44.81723896271024
1610,5031,0.558,0.609,0.510331298345271,0.6139949147817506,19,35,1,4,12,28,10,10,0.8259812346536693,47.50233645135265
1610,5032,0.477,0.591,0.5877712232329328,0.6648655276317685,19,35,1,4,13,28,10,10,0.759480085321531,51.092771657336066
1610,5033,0.383,0.572,0.6624429229238358,0.7174264129199557,19,35,1,4,14,28,10,10,0.6883843403215968,56.194510028398085
1610,5034,0.277,0.55,0.7292257186175548,0.7641128856745873,19,35,1,4,15,28,10,10,0.6158157191887846,63.26851274926827
1610,5035,0.256,0.526,0.7664213618359639,0.7910923366406268,19,35,1,4,16,28,10,10,0.5849888887833683,64.04818298474642
1610,5036,0.272,0.5,0.720579579963508,0.7833921365651839,19,35,1,4,17,28,10,10,0.5691959240894123,61.453809268956626
1610,5037,0.297,0.47,0.6415458663580984,0.7419205035356442,19,35,1,4,18,28,10,10,0.5559757188942697,57.71059809496009
1610,5038,0.329,0.438,0.5431830488789007,0.6820124970972001,19,35,1,4,19,28,10,10,0.5478001460386808,53.08826535574046
1610,5039,0.368,0.5,0.434338585693663,0.6148109328378246,19,35,1,4,20,28,10,10,0.6208252572181644,53.64693170795307
1610,5040,0.413,0.563,0.32165232637973906,0.5463422598643921,19,35,1,4,21,28,10,10,0.698239214023389,53.73733938311877
1610,5041,0.464,0.625,0.22036201658214571,0.4842176221268292,19,35,1,4,22,28,10,10,0.7784092753815309,53.40980717503357
1610,5042,0.518,0.688,0.14444636691531165,0.4377024482830164,19,35,1,4,23,28,10,10,0.861201486296906,53.02365421000219
1610,5043,0.575,0.75,0.10050087545417585,0.4078065406215121,19,35,1,4,24,28,10,10,0.9450529085717899,52.52382043863863
1610,5044,0.632,0.813,0.068110838035635,0.383384785831417,19,35,1,4,25,28,10,10,1.0297538540835862,52.13965627180432
1610,5045,0.688,0.876,0.038026845897433104,0.35761393294239896,19,35,1,4,26,28,10,10,1.1138761151941448,51.8543296406939
1610,5046,0.741,0.938,0.016372741018958692,0.33309968526707323,19,35,1,4,27,28,10,10,1.1953765097240283,51.69201664675232
1610,5047,0.608,0.6,0.460958672650121,0.5817270627445034,19,35,1,4,10,29,10,10,0.8542037227734377,44.620563298581025
1610,5048,0.541,0.583,0.5335552945332495,0.6240322465820147,19,35,1,4,11,29,10,10,0.7953426934347231,47.139949893681894
1610,5049,0.466,0.565,0.6102768717504382,0.6712118684999944,19,35,1,4,12,29,10,10,0.7323803656570812,50.484912014307575
1610,5050,0.38,0.545,0.6854258725395852,0.7213160674702335,19,35,1,4,13,29,10,10,0.6643982239590952,55.11395214579173
1610,5051,0.285,0.524,0.7529297563771475,0.7697149015027631,19,35,1,4,14,29,10,10,0.5964905699170776,61.458534415701244
1610,5052,0.228,0.5,0.806184651647208,0.806727619761394,19,35,1,4,15,29,10,10,0.549530708878039,65.48701419333071
1610,5053,0.233,0.474,0.7816896347357549,0.8169036518816668,19,35,1,4,16,29,10,10,0.5281713737036493,63.823059936752365
1610,5054,0.256,0.444,0.7129225777373829,0.7909639489310434,19,35,1,4,17,29,10,10,0.5125153656233148,60.0332581293883
1610,5055,0.29,0.412,0.6240581053102445,0.73819195874095,19,35,1,4,18,29,10,10,0.5038293361843869,54.85891794714389
1610,5056,0.331,0.375,0.5230012472135455,0.6730247052311427,19,35,1,4,19,29,10,10,0.5001859654168638,48.566229299350255
1610,5057,0.378,0.437,0.4112150885717657,0.6034921616999744,19,35,1,4,20,29,10,10,0.5778001384561966,49.14056955540343
1610,5058,0.431,0.5,0.3012162765366554,0.5354367367811919,19,35,1,4,21,29,10,10,0.6601219584288951,49.238661694389535
1610,5059,0.488,0.563,0.20714138806508808,0.4778881651681286,19,35,1,4,22,29,10,10,0.7450590580618425,49.08174256404237
1610,5060,0.547,0.625,0.14554244069808953,0.43815621124039017,19,35,1,4,23,29,10,10,0.8305624600233267,48.80758533612883
1610,5061,0.607,0.688,0.10621644415014486,0.41164744061446645,19,35,1,4,24,29,10,10,0.9174927792631394,48.579088847352956
1610,5062,0.665,0.75,0.0749322215452688,0.38801680773567127,19,35,1,4,25,29,10,10,1.0023597158705053,48.43766499236521
1610,5063,0.721,0.813,0.04780914673184211,0.36629333992839697,19,35,1,4,26,29,10,10,1.0866508178803345,48.43214169638577
1610,5064,0.773,0.875,0.027838126321412804,0.34728950787659263,19,35,1,4,27,29,10,10,1.1675418622045206,48.54170149397881
1610,5065,0.821,0.938,0.012837317224881906,0.3283100382583982,19,35,1,4,28,29,10,10,1.2465492368935933,48.80542706746853
1610,5066,0.523,0.56,0.5498762646740958,0.6318672125418712,19,35,1,4,10,30,10,10,0.7662434339033516,46.95671248131149
1610,5067,0.452,0.542,0.6247020820534078,0.6754447320569794,19,35,1,4,11,30,10,10,0.7057393286476247,50.173639438577105
1610,5068,0.373,0.522,0.7003978883859383,0.7225274167179345,19,35,1,4,12,30,10,10,0.6415707287587239,54.45194065722184
1610,5069,0.287,0.5,0.7702773963100592,0.7704135882597046,19,35,1,4,13,30,10,10,0.5765145271370011,60.14417606726644
1610,5070,0.209,0.477,0.8252471062348423,0.8129847751203559,19,35,1,4,14,30,10,10,0.5207782637553146,66.33912376811122
1610,5071,0.199,0.45,0.829743584309325,0.8378696264408495,19,35,1,4,15,30,10,10,0.49203760018925385,66.14392072883606
1610,5072,0.217,0.421,0.7740768600676315,0.8299164623676074,19,35,1,4,16,30,10,10,0.4736348804722895,62.73163652585899
1610,5073,0.251,0.389,0.6945861154773278,0.7886871274638966,19,35,1,4,17,30,10,10,0.4629492412781341,57.1681034583417
1610,5074,0.295,0.353,0.6001596739092845,0.7277628077461007,19,35,1,4,18,30,10,10,0.46003695503731,50.11469645222686
1610,5075,0.345,0.313,0.49339587159742804,0.6586229167793399,19,35,1,4,19,30,10,10,0.46582614782770615,42.21577271439843
1610,5076,0.401,0.375,0.38072126308356125,0.5878145988891272,19,35,1,4,20,30,10,10,0.5490227681981869,43.08101391404721
1610,5077,0.46,0.437,0.2762833933127672,0.5224806851207875,19,35,1,4,21,30,10,10,0.6344832543101512,43.53119928561418
1610,5078,0.522,0.5,0.19475520778685784,0.47149416589508175,19,35,1,4,22,30,10,10,0.7228305472238981,43.76681751208307
1610,5079,0.584,0.563,0.14483202788163718,0.4374783895477573,19,35,1,4,23,30,10,10,0.8111874012828354,43.951109890502735
1610,5080,0.644,0.625,0.10945630129885153,0.41296599479457263,19,35,1,4,24,30,10,10,0.897419077131749,44.142207663375764
1610,5081,0.703,0.688,0.0779964838784244,0.39064949583524655,19,35,1,4,25,30,10,10,0.9836427196904372,44.38216866896339
1610,5082,0.757,0.75,0.05280002966459696,0.3708547240339266,19,35,1,4,26,30,10,10,1.0656214149499812,44.73386358849422
1610,5083,0.807,0.813,0.03380277928391795,0.3539343215062628,19,35,1,4,27,30,10,10,1.145520842237277,45.21220562048812
1610,5084,0.851,0.876,0.018718626608199007,0.3362553248546688,19,35,1,4,28,30,10,10,1.221301355112652,45.82935405088687
1610,5085,0.889,0.938,0.006898251667400324,0.3181360776260431,19,35,1,4,29,30,10,10,1.292348637171874,46.53630012888379
1610,5086,0.437,0.52,0.6323429210544964,0.6783239774048582,19,35,1,4,10,31,10,10,0.6792414887210586,49.95682289013802
1610,5087,0.364,0.5,0.7076210508617691,0.7222028172874768,19,35,1,4,11,31,10,10,0.6184626100258608,53.94538183353896
1610,5088,0.284,0.478,0.7809310734427546,0.7682622488314503,19,35,1,4,12,31,10,10,0.5560035971106662,59.28366355650032
1610,5089,0.199,0.454,0.8406264076728913,0.8128737636545779,19,35,1,4,13,31,10,10,0.4956984970725653,66.33091167421402
1610,5090,0.172,0.429,0.8644214263708413,0.8476591393090678,19,35,1,4,14,31,10,10,0.46219584593546487,68.15255132748369
1610,5091,0.182,0.4,0.8242732336387871,0.85720800763942,19,35,1,4,15,31,10,10,0.43945875801945283,65.53446488933726
1610,5092,0.214,0.368,0.7550567096112253,0.8309923501831408,19,35,1,4,16,31,10,10,0.4256994244769424,59.82106807091837
1610,5093,0.26,0.333,0.6672869135028584,0.7778280666021049,19,35,1,4,17,31,10,10,0.42247958530560975,52.01796602388927
1610,5094,0.313,0.294,0.5666586454977165,0.7111122960046128,19,35,1,4,18,31,10,10,0.429424032862624,43.207142532757764
1610,5095,0.372,0.25,0.4566411372461229,0.639619359424864,19,35,1,4,19,31,10,10,0.4482008478349857,33.90279840308348
1610,5096,0.434,0.312,0.34797001402329775,0.5698561638115283,19,35,1,4,20,31,10,10,0.5345091205957107,35.71213156195314
1610,5097,0.498,0.375,0.25231880931284323,0.5095559183537278,19,35,1,4,21,31,10,10,0.6234011549556192,36.98018774930181
1610,5098,0.562,0.437,0.18483204325208036,0.46497450258205086,19,35,1,4,22,31,10,10,0.7119079996741152,37.86792491274373
1610,5099,0.625,0.5,0.14067205588040743,0.43461488898255207,19,35,1,4,23,31,10,10,0.8003905296791061,38.65980825409009
1610,5100,0.685,0.563,0.10668841399006412,0.41087213137755596,19,35,1,4,24,31,10,10,0.8866758144891514,39.41671040054346
1610,5101,0.742,0.625,0.0759830848670815,0.38943011130224536,19,35,1,4,25,31,10,10,0.9701489576348572,40.10804039282404
1610,5102,0.794,0.688,0.053030586918571654,0.3711249040782175,19,35,1,4,26,31,10,10,1.0506093469982074,40.90888827619301
1610,5103,0.84,0.75,0.03594082774317131,0.35512197182726235,19,35,1,4,27,31,10,10,1.1260994627474077,41.76029970389787
1610,5104,0.88,0.813,0.021151583013978126,0.33876137294735287,19,35,1,4,28,31,10,10,1.1980688627954572,42.733718226121034
1610,5105,0.913,0.875,0.010459563014773354,0.32454657368731576,19,35,1,4,29,31,10,10,1.2645924244593592,43.7824877493705
1610,5106,0.94,0.938,0.004104229564949269,0.3118969260481519,19,35,1,4,30,31,10,10,1.3279472881104881,44.9389821535117
1610,5107,0.352,0.48,0.7074619953758248,0.7209919222224077,19,35,1,4,10,32,10,10,0.5952344076076247,53.74616226255522
1610,5108,0.277,0.458,0.782922893133457,0.7645111778649021,19,35,1,4,11,32,10,10,0.5352504086873732,58.83430467748896
1610,5109,0.196,0.435,0.8517184965658542,0.8087863369265667,19,35,1,4,12,32,10,10,0.47711738597540126,65.74487711364347
1610,5110,0.151,0.409,0.8872134977339213,0.8486764578409202,19,35,1,4,13,32,10,10,0.43598394465851603,69.73619917506832
1610,5111,0.151,0.381,0.86263873602257235,0.8722450782678506,19,35,1,4,14,32,10,10,0.40983167276334315,68.38031643648331
1610,5112,0.181,0.35,0.8048672949397753,0.863043870700904,19,35,1,4,15,32,10,10,0.3940317246111028,62.65457783667304
1610,5113,0.227,0.316,0.7251570987644478,0.8208146396988903,19,35,1,4,16,32,10,10,0.3890822535146007,54.30825564908428
1610,5114,0.284,0.278,0.6309916169746196,0.7593090245349918,19,35,1,4,17,32,10,10,0.3974166579296847,44.38832452528621
1610,5115,0.345,0.235,0.5261749815797023,0.6891037252552205,19,35,1,4,18,32,10,10,0.417432629294836,34.26110289909456
1610,5116,0.41,0.188,0.41666050306982216,0.6173935678903624,19,35,1,4,19,32,10,10,0.45104766932110396,24.63318785955534
1610,5117,0.476,0.25,0.3127193422936516,0.5508856086790757,19,35,1,4,20,32,10,10,0.5376578837885668,27.708908094838886
1610,5118,0.543,0.312,0.2283281001562253,0.4963876821216431,19,35,1,4,21,32,10,10,0.6262531437046843,29.881056392914704
1610,5119,0.608,0.375,0.17211673353119672,0.456946823880482,19,35,1,4,22,32,10,10,0.7143451546696457,31.665302444418753
1610,5120,0.67,0.437,0.13296318252095896,0.42892637248046483,19,35,1,4,23,32,10,10,0.7999181208098739,33.1139504638764
1610,5121,0.728,0.5,0.10007987380654759,0.40613164465487517,19,35,1,4,24,32,10,10,0.8831670283700587,34.48179297817163
1610,5122,0.781,0.563,0.07234345751829518,0.3862199996909047,19,35,1,4,25,32,10,10,0.9627720394776741,35.78672815079381
1610,5123,0.829,0.625,0.05137739007552433,0.36930984894434193,19,35,1,4,26,32,10,10,1.0382032556296479,37.013385138914686
1610,5124,0.871,0.688,0.03538441132574188,0.3536073667344367,19,35,1,4,27,32,10,10,1.109948196989391,38.30509007629225
1610,5125,0.906,0.75,0.021261400056301838,0.33843273484944647,19,35,1,4,28,32,10,10,1.176153051265013,39.61845294786807
1610,5126,0.935,0.813,0.011818099352285616,0.3264139673668529,19,35,1,4,29,32,10,10,1.2390294588911113,41.00756973542432
1610,5127,0.957,0.875,0.005744407768255799,0.3157971995566613,19,35,1,4,30,32,10,10,1.2967166228594433,42.43716150297533
1610,5128,0.974,0.938,0.0019593612678880934,0.3058662119430977,19,35,1,4,31,32,10,10,1.352227791461187,43.92133662616665
1610,5129,0.268,0.44,0.7746439339115511,0.7598898350751089,19,35,1,4,10,33,10,10,0.5151931676565596,58.65478585828433
1610,5130,0.193,0.416,0.8508255238740579,0.8023869918204075,19,35,1,4,11,33,10,10,0.458590231034199,65.11141986972876
1610,5131,0.136,0.391,0.899947875709596,0.8436891978704268,19,35,1,4,12,33,10,10,0.4139770525041213,70.82099197418928
1610,5132,0.127,0.363,0.8889989180254653,0.8759200614031467,19,35,1,4,13,33,10,10,0.3845750901969601,70.71698480047324
1610,5133,0.152,0.333,0.8433935016212321,0.8830245950257279,19,35,1,4,14,33,10,10,0.36605054295820955,65.46536691939505
1610,5134,0.199,0.3,0.7732757370301597,0.8545518394643761,19,35,1,4,15,33,10,10,0.3600013888862097,56.4423569982681
1610,5135,0.257,0.263,0.6865041833542012,0.8008687930949189,19,35,1,4,16,33,10,10,0.3677200021755684,45.661075811585434
1610,5136,0.321,0.222,0.5869732801062642,0.7344451672160021,19,35,1,4,17,33,10,10,0.3902883549377306,34.667299484078214
1610,5137,0.389,0.176,0.4794777090361082,0.6630936471385309,19,35,1,4,18,33,10,10,0.42696252762976755,24.34400101175926
1610,5138,0.457,0.125,0.37254505079067946,0.5933274079711939,19,35,1,4,19,33,10,10,0.4737868719160547,15.297544300274739
1610,5139,0.525,0.187,0.2773375649609764,0.531556076539137,19,35,1,4,20,33,10,10,0.5573096087454441,19.60541484125717
1610,5140,0.592,0.25,0.2069264457953387,0.48278584824080806,19,35,1,4,21,33,10,10,0.642622750920009,22.89420223155483
1610,5141,0.655,0.312,0.15895264644008766,0.4475480483200387,19,35,1,4,22,33,10,10,0.725512922007596,25.470135672745073
1610,5142,0.714,0.375,0.12330861097211199,0.42159134463860615,19,35,1,4,23,33,10,10,0.8064868256828501,27.708908094838886
1610,5143,0.769,0.437,0.0919469679097984,0.40016621187782053,19,35,1,4,24,33,10,10,0.8844942057469908,29.608290859905
1610,5144,0.818,0.5,0.06720649412306068,0.3816129830688356,19,35,1,4,25,33,10,10,0.9587095493422395,31.43523173225607
1610,5145,0.861,0.563,0.048098151184094884,0.3652864004033598,19,35,1,4,26,33,10,10,1.0287322294941479,33.180304561714436
1610,5146,0.898,0.625,0.032510027002649045,0.34986640574722905,19,35,1,4,27,33,10,10,1.0940882048537037,34.837572945357
1610,5147,0.928,0.688,0.019434515130998475,0.33612715673297966,19,35,1,4,28,33,10,10,1.1552177283958207,36.55247275209153
1610,5148,0.953,0.75,0.01124512626328178,0.3249758246242578,19,35,1,4,29,33,10,10,1.2127279167232854,38.202337186223275
1610,5149,0.971,0.813,0.005713642298646904,0.3151953801611673,19,35,1,4,30,33,10,10,1.2664162033075854,39.93880337955517
1610,5150,0.984,0.875,0.0022542735289378113,0.30627961756253874,19,35,1,4,31,33,10,10,1.31676915212956,41.64437985980987
1610,5151,0.992,0.938,5.472428247291772e-4,0.2994142507592983,19,35,1,4,32,33,10,10,1.3652501602270553,43.397323776575654
1610,5152,0.186,0.4,0.8307385642746282,0.7947510965926657,19,35,1,4,10,34,10,10,0.44113036621842305,65.06157234454278
1610,5153,0.125,0.375,0.8957682965127421,0.835108626387463,19,35,1,4,11,34,10,10,0.39528470752104744,71.56505117707799
1610,5154,0.11,0.348,0.9035529550408439,0.8709455425740389,19,35,1,4,12,34,10,10,0.3649712317429964,72.45867371151682
1610,5155,0.131,0.318,0.8703953563645492,0.8901820680376962,19,35,1,4,13,34,10,10,0.34392586410446074,67.6108034615569
1610,5156,0.175,0.286,0.8108747677482607,0.8770809605675415,19,35,1,4,14,34,10,10,0.3352924096963723,58.538031855312845
1610,5157,0.234,0.25,0.7321378568394079,0.8337953277042446,19,35,1,4,15,34,10,10,0.34242663447810245,46.89338584574627
1610,5158,0.301,0.21,0.6385029761665406,0.7735126814832917,19,35,1,4,16,34,10,10,0.3670163484097132,34.902495615924714
1610,5159,0.37,0.166,0.5353783603385203,0.7050769747315256,19,35,1,4,17,34,10,10,0.40553174968182204,24.16332463505647
1610,5160,0.441,0.117,0.4292149533593327,0.634766255493423,19,35,1,4,18,34,10,10,0.45625650680291674,14.85861444792466
1610,5161,0.51,0.062,0.32849819095851096,0.5686962278966152,19,35,1,4,19,34,10,10,0.5137548053303249,6.931356798315828
1610,5162,0.577,0.125,0.24557766453787278,0.5123865035546087,19,35,1,4,20,34,10,10,0.5903846203958907,12.223541884468034
1610,5163,0.641,0.187,0.18657511569816343,0.46891297503092844,19,35,1,4,21,34,10,10,0.6677200011981069,16.263637032007193
1610,5164,0.702,0.25,0.1449899211792931,0.437202361074311,19,35,1,4,22,34,10,10,0.7451872247965607,19.602103743961766
1610,5165,0.757,0.312,0.1114930731674939,0.4130986551990814,19,35,1,4,23,34,10,10,0.8187753049524638,22.399166400330643
1610,5166,0.807,0.375,0.08288148542107243,0.3928886769142669,19,35,1,4,24,34,10,10,0.8898730246501464,24.923539948467518
1610,5167,0.851,0.437,0.060574712678106435,0.3751644000502632,19,35,1,4,25,34,10,10,0.9566451797819294,27.181111085477223
1610,5168,0.889,0.5,0.04339929863900138,0.35919335864681257,19,35,1,4,26,34,10,10,1.0199612737746468,29.354693524661673
1610,5169,0.921,0.563,0.028526667024221908,0.34452214317538143,19,35,1,4,27,34,10,10,1.0794489334841182,31.437114134338962
1610,5170,0.946,0.625,0.01710304365254789,0.3320328874268468,19,35,1,4,28,34,10,10,1.1338170046352276,33.45180367150741
1610,5171,0.966,0.688,0.010022445820678239,0.3217068433943089,19,35,1,4,29,34,10,10,1.1859595271340417,35.459051992163964
1610,5172,0.98,0.75,0.0051345718252838735,0.31258570397664154,19,35,1,4,30,34,10,10,1.2340583454602136,37.4270513594566
1610,5173,0.99,0.813,0.002002459057071637,0.30467269581256906,19,35,1,4,31,34,10,10,1.2810421538731658,39.39325475910484
1610,5174,0.996,0.875,5.716787871656859e-4,0.29938520112195843,19,35,1,4,32,34,10,10,1.3257605364469105,41.299760382871845
1610,5175,0.999,0.938,9.821777788088237e-5,0.2955248865376078,19,35,1,4,33,34,10,10,1.3703448471096609,43.19623756362995
1610,5176,0.117,0.36,0.8716717405964484,0.8246394396345813,19,35,1,4,10,35,10,10,0.3785353352066356,71.99583839408662
1610,5177,0.099,0.333,0.9059206690707708,0.8606319890602189,19,35,1,4,11,35,10,10,0.3474046631811381,73.44292862436335
1610,5178,0.116,0.304,0.8858279890743933,0.8863482906798039,19,35,1,4,12,35,10,10,0.32537977810552393,69.11419853930695
1610,5179,0.159,0.273,0.8371551141426533,0.8870847740634339,19,35,1,4,13,35,10,10,0.3159272068056185,59.78272604261568
1610,5180,0.217,0.238,0.7669820910232341,0.8564490638422575,19,35,1,4,14,35,10,10,0.32207607796916554,47.642545294064725
1610,5181,0.284,0.2,0.6808077265589827,0.8045175290786593,19,35,1,4,15,35,10,10,0.3473557254458317,35.15417763214744
1610,5182,0.355,0.158,0.5834467334234589,0.7412922755031033,19,35,1,4,16,35,10,10,0.388573030458883,23.992431892946097
1610,5183,0.426,0.111,0.48031338918738276,0.6731292233216002,19,35,1,4,17,35,10,10,0.4402238067165382,14.604447446790124
1610,5184,0.497,0.059,0.3781126498891707,0.6056228502894867,19,35,1,4,18,35,10,10,0.5004897601350101,6.770028453130588
1610,5185,0.564,0,0.28709353059430265,0.5443463024433838,19,35,1,4,19,35,10,10,0.564,0
1610,5186,0.629,0.062,0.21722959991661972,0.4935853587522804,19,35,1,4,20,35,10,10,0.6320482576512652,5.629412144025527
1610,5187,0.689,0.125,0.16734953226235028,0.4547870416629397,19,35,1,4,21,35,10,10,0.7002470992442595,10.28289125991098
1610,5188,0.745,0.188,0.13048586985184296,0.4260110145263152,19,35,1,4,22,35,10,10,0.7683547357828935,14.162843784806576
1610,5189,0.795,0.25,0.09924156997274491,0.4034924324885746,19,35,1,4,23,35,10,10,0.8333816652650813,17.456558133666885
1610,5190,0.84,0.313,0.07390079901823066,0.38430850660709315,19,35,1,4,24,35,10,10,0.8964201024073478,20.436351899484418
1610,5191,0.879,0.375,0.05395743238030093,0.367333593681444,19,35,1,4,25,35,10,10,0.9556495173440941,23.104121053479087
1610,5192,0.912,0.438,0.03825274105950671,0.3520913632464694,19,35,1,4,26,35,10,10,1.011725259148945,25.653258984835567
1610,5193,0.939,0.5,0.02461183028157976,0.3385565706369863,19,35,1,4,27,35,10,10,1.0638237635999677,28.03446928292218
1610,5194,0.96,0.563,0.014909812430999758,0.3271703329522031,19,35,1,4,28,35,10,10,1.112910149113575,30.389846667108927
1610,5195,0.976,0.625,0.008611213787202199,0.3174525828756988,19,35,1,4,29,35,10,10,1.1589654869753456,32.634233245723415
1610,5196,0.987,0.688,0.004293767656338376,0.3088432860238778,19,35,1,4,30,35,10,10,1.2031263441550932,34.87888010280694
1610,5197,0.994,0.75,0.0016047751446309766,0.30214202829285486,19,35,1,4,31,35,10,10,1.2452052039724215,37.03554511738589
1610,5198,0.998,0.813,4.692620686628235e-4,0.29773833478793543,19,35,1,4,32,35,10,10,1.2872346328467084,39.167267916545725
1610,5199,0.999,0.876,7.824383336074714e-5,0.29455260384352155,19,35,1,4,33,35,10,10,1.3286749038045387,41.24677452634258
1610,5200,1,0.938,1.8921542264127567e-6,0.2931372958156454,19,35,1,4,34,35,10,10,1.3710740315533658,43.16763304046667
