spA_par,spB_par,Dissimilarity,Exclusivity,D,I,a_A,b_A,alpha_A,gamma_A,a_B,b_B,alpha_B,gamma_B,ND_magnitude,ND_angle
1696,1696,0,0,1,1,14,22,4,4,14,22,4,4,0,0
1696,1697,0.159,0.125,0.8355739445277857,0.8798338542638457,14,22,4,4,15,22,4,4,0.20225231766286386,38.173137661526304
1696,1698,0.328,0.25,0.6464836629312181,0.7486168109312843,14,22,4,4,16,22,4,4,0.41241241494407027,37.31447285161838
1696,1699,0.503,0.375,0.4401864250861732,0.6169022392675639,14,22,4,4,17,22,4,4,0.6274025820794811,36.70551747344714
1696,1700,0.674,0.5,0.2535762531072172,0.499095398132387,14,22,4,4,18,22,4,4,0.8392115347157713,36.569493546930744
1696,1701,0.826,0.625,0.1190391126657454,0.41146871455869427,14,22,4,4,19,22,4,4,1.0358093453913224,37.11328431652907
1696,1702,0.939,0.75,0.03395474706067514,0.3448920171569986,14,22,4,4,20,22,4,4,1.2017574630515093,38.61513319139876
1696,1703,0.993,0.876,0.0022620734733282966,0.30391744579859337,14,22,4,4,21,22,4,4,1.3241695510772025,41.41794005496944
1696,1704,0.313,0.384,0.6743810657043174,0.7583571697044815,14,22,4,4,10,23,4,4,0.49540387564087546,50.81637985633177
1696,1705,0.232,0.333,0.7485630920536039,0.807287202892115,14,22,4,4,11,23,4,4,0.40584849389889327,55.13520074186669
1696,1706,0.154,0.273,0.8270453457570097,0.8620331524163606,14,22,4,4,12,23,4,4,0.3134405844813336,60.57254359681026
1696,1707,0.1,0.2,0.888348490076792,0.9070798283503171,14,22,4,4,13,23,4,4,0.223606797749979,63.43494882292201
1696,1708,0.141,0.111,0.8418017079267116,0.8820610662489102,14,22,4,4,14,23,4,4,0.17944915714485815,38.21102542556122
1696,1709,0.301,0.222,0.6961043329580605,0.7872120321728108,14,22,4,4,15,23,4,4,0.3740120318920235,36.41031568831406
1696,1710,0.464,0.333,0.52307750805422,0.6698646204294008,14,22,4,4,16,23,4,4,0.5711260806511992,35.66596041389735
1696,1711,0.624,0.444,0.3462498119825055,0.5521702606712106,14,22,4,4,17,23,4,4,0.7658407145092249,35.433314010285585
1696,1712,0.771,0.556,0.19783877604753475,0.4509087686645529,14,22,4,4,18,23,4,4,0.9505666730955804,35.796932943475774
1696,1713,0.89,0.667,0.09011810621732119,0.37619471035438345,14,22,4,4,19,23,4,4,1.1122000719295069,36.849291360268495
1696,1714,0.967,0.778,0.024671724860706568,0.32309241660403776,14,22,4,4,20,23,4,4,1.2411176414828693,38.81842206172188
1696,1715,0.997,0.889,0.001621801908832765,0.29695150341351084,14,22,4,4,21,23,4,4,1.3357881568572167,41.72259083389258
1696,1716,1,1,0,0.2928932188134524,14,22,4,4,22,23,4,4,1.4142135623730951,45
1696,1717,0.244,0.428,0.7166086298295444,0.7813666425839958,14,22,4,4,10,24,4,4,0.49266621560646917,60.31281836080631
1696,1718,0.198,0.385,0.7653395534078267,0.8148271098859369,14,22,4,4,11,24,4,4,0.4329307103913974,62.78388844269253
1696,1719,0.167,0.333,0.7998003062783776,0.8384053254993743,14,22,4,4,12,24,4,4,0.3725291934868998,63.36616640756893
1696,1720,0.154,0.273,0.7908871220352599,0.8326659922983464,14,22,4,4,13,24,4,4,0.3134405844813336,60.57254359681026
1696,1721,0.26,0.2,0.699406248923211,0.782774102819615,14,22,4,4,14,24,4,4,0.3280243893371345,37.568592028827496
1696,1722,0.415,0.3,0.5643930691428547,0.6973304143453105,14,22,4,4,15,24,4,4,0.5120790954530364,35.862848985861284
1696,1723,0.567,0.4,0.41432860044062325,0.5954929922229136,14,22,4,4,16,24,4,4,0.6938940841367651,35.20172046232739
1696,1724,0.709,0.5,0.2699653491040349,0.49517514406768603,14,22,4,4,17,24,4,4,0.8675718990377684,35.192202938496756
1696,1725,0.832,0.6,0.15256185375081133,0.41128481137445305,14,22,4,4,18,24,4,4,1.0257797034451401,35.79740302797835
1696,1726,0.925,0.7,0.06794846717400338,0.3508073825113115,14,22,4,4,19,24,4,4,1.1600107758120182,37.11686068327027
1696,1727,0.98,0.8,0.017655945511883653,0.31124793641321213,14,22,4,4,20,24,4,4,1.2650691680694774,39.22567409733673
1696,1728,0.999,0.9,0.0011608935498046424,0.29474626318734964,14,22,4,4,21,24,4,4,1.3446192769702507,42.015717856406624
1696,1729,1,1,1.1102230246251565e-16,0.29289321881345254,14,22,4,4,22,24,4,4,1.4142135623730951,45
1696,1731,0.236,0.466,0.7082577292495262,0.7738628163064923,14,22,4,4,10,25,4,4,0.5223523714888255,63.14062377736353
1696,1732,0.214,0.428,0.7290736059843935,0.7873579246946786,14,22,4,4,11,25,4,4,0.47851854718495496,63.43494882292201
1696,1733,0.198,0.385,0.7263690944747285,0.7852079432591569,14,22,4,4,12,25,4,4,0.4329307103913974,62.78388844269253
1696,1734,0.232,0.333,0.6789428478972557,0.7584896054697413,14,22,4,4,13,25,4,4,0.40584849389889327,55.13520074186669
1696,1735,0.36,0.273,0.5789599720977578,0.7037429132786421,14,22,4,4,14,25,4,4,0.4518063744570234,37.17425483359111
1696,1736,0.506,0.364,0.45678732019792845,0.6261338680694208,14,22,4,4,15,25,4,4,0.6233233510787158,35.730016500891054
1696,1737,0.645,0.455,0.3292997872656269,0.5378393255691163,14,22,4,4,16,25,4,4,0.7893351632861672,35.20015133113236
1696,1738,0.77,0.546,0.212206067910108,0.45307906211978677,14,22,4,4,17,25,4,4,0.9439364385381042,35.34010692155767
1696,1739,0.873,0.637,0.1184421054808571,0.3838542641188706,14,22,4,4,18,25,4,4,1.0806932959910502,36.11702586849059
1696,1740,0.947,0.728,0.05198354235383518,0.3351324806298269,14,22,4,4,19,25,4,4,1.1944844076001997,37.55104444747227
1696,1741,0.987,0.819,0.012891981927866225,0.30517788141574254,14,22,4,4,20,25,4,4,1.2825482447066074,39.68545433005525
1696,1742,0.999,0.91,8.55558175764215e-4,0.2939491325646004,14,22,4,4,21,25,4,4,1.3513330455516879,42.33073093011519
1696,1743,1,1,1.1102230246251565e-16,0.29289321881345254,14,22,4,4,22,25,4,4,1.4142135623730951,45
1696,1746,0.25,0.5,0.6727017329426882,0.7489649133051142,14,22,4,4,10,26,4,4,0.5590169943749475,63.43494882292201
1696,1747,0.236,0.466,0.6710909741921443,0.7476728962580468,14,22,4,4,11,26,4,4,0.5223523714888255,63.14062377736353
1696,1748,0.244,0.428,0.6439708358570613,0.7318070999758074,14,22,4,4,12,26,4,4,0.49266621560646917,60.31281836080631
1696,1749,0.313,0.384,0.5797620003058428,0.6972628639522241,14,22,4,4,13,26,4,4,0.49540387564087546,50.81637985633177
1696,1750,0.445,0.333,0.48274122229967287,0.642991010641589,14,22,4,4,14,26,4,4,0.5558003238574084,36.808045442976706
1696,1751,0.581,0.417,0.3743358436674725,0.5727810323633731,14,22,4,4,15,26,4,4,0.7151573253487654,35.6680645813919
1696,1752,0.707,0.5,0.2664090770089421,0.4958248379123972,14,22,4,4,16,26,4,4,0.8659382195052947,35.26846883429374
1696,1753,0.816,0.583,0.17021309745077562,0.42355888098650485,14,22,4,4,17,26,4,4,1.00286838618036,35.544319240827576
1696,1754,0.902,0.667,0.09433938763400196,0.3655483900136922,14,22,4,4,18,26,4,4,1.1218257440440562,36.481734637838315
1696,1755,0.961,0.75,0.04080043698656266,0.3254646916960796,14,22,4,4,19,26,4,4,1.2190246100879178,37.9697963517195
1696,1756,0.991,0.833,0.009824376184393357,0.30184818189627227,14,22,4,4,20,26,4,4,1.2945926000097483,40.04923676985151
1696,1757,0.999,0.917,6.556056084979778e-4,0.2935906055628916,14,22,4,4,21,26,4,4,1.3560567834718427,42.549379651519416
1696,1758,1,1,0,0.2928932188134524,14,22,4,4,22,26,4,4,1.4142135623730951,45
1696,1762,0.266,0.529,0.6263281905049167,0.7186500670962792,14,22,4,4,10,27,4,4,0.5921123204257788,63.305124771278216
1696,1763,0.266,0.5,0.6089420421282223,0.7084016786123007,14,22,4,4,11,27,4,4,0.5663532466579494,61.98702257693283
1696,1764,0.299,0.467,0.5679157293594379,0.6858181710054576,14,22,4,4,12,27,4,4,0.5545178085508166,57.370313564287116
1696,1765,0.388,0.429,0.49847304941822423,0.6486926285625754,14,22,4,4,13,27,4,4,0.5784332286444133,47.872898317902084
1696,1766,0.516,0.385,0.40822796314452803,0.596760595497462,14,22,4,4,14,27,4,4,0.6438019881920216,36.72750395450569
1696,1767,0.642,0.461,0.31260325278562395,0.533166236506426,14,22,4,4,15,27,4,4,0.7903701664410164,35.68093800993401
1696,1768,0.755,0.539,0.22042689893387446,0.46534708637519573,14,22,4,4,16,27,4,4,0.927656186310424,35.52331794778555
1696,1769,0.85,0.616,0.14000125211460546,0.4027008714274414,14,22,4,4,17,27,4,4,1.0497409204179857,35.931064559411986
1696,1770,0.923,0.692,0.07724619916700293,0.35301737619966234,14,22,4,4,18,27,4,4,1.1536000173370318,36.85996425837193
1696,1771,0.97,0.769,0.032825425249359164,0.3191539357445724,14,22,4,4,19,27,4,4,1.2378453053592764,38.406800526545254
1696,1772,0.993,0.847,0.007775537561915735,0.2998154617287009,14,22,4,4,20,27,4,4,1.3051658898392955,40.463209845792576
1696,1773,1,0.923,5.166223107674339e-4,0.29339398707321207,14,22,4,4,21,27,4,4,1.3608559806239602,42.707010169212275
1696,1774,1,1,0,0.2928932188134524,14,22,4,4,22,27,4,4,1.4142135623730951,45
1696,1779,0.287,0.556,0.5780834680232841,0.6888348487624526,14,22,4,4,10,28,4,4,0.6257036039531817,62.69780291330194
1696,1780,0.304,0.529,0.5504835147860023,0.6734237179276208,14,22,4,4,11,28,4,4,0.6101286749530791,60.11534476725095
1696,1781,0.356,0.5,0.5025765875384719,0.6476485838554142,14,22,4,4,12,28,4,4,0.6137882370981054,54.549133928735934
1696,1782,0.455,0.467,0.43325637106161796,0.6101758983126899,14,22,4,4,13,28,4,4,0.652007668666558,45.74567303212844
1696,1783,0.577,0.429,0.350552482680909,0.5610948551244862,14,22,4,4,14,28,4,4,0.7190062586653888,36.63083458456113
1696,1784,0.693,0.5,0.2659149092509515,0.5031511057477228,14,22,4,4,15,28,4,4,0.8545460783363293,35.810475660247285
1696,1785,0.794,0.572,0.18619192083327463,0.4425970331142267,14,22,4,4,16,28,4,4,0.9785806047536402,35.7690921315463
1696,1786,0.877,0.643,0.1177743911370136,0.3873497479997946,14,22,4,4,17,28,4,4,1.0874640223933847,36.248172740477585
1696,1787,0.938,0.714,0.06450621415790847,0.343937032563002,14,22,4,4,18,28,4,4,1.1788299283611694,37.27817419986903
1696,1788,0.977,0.786,0.026907871702074537,0.3146900413950504,14,22,4,4,19,28,4,4,1.2539238413875062,38.81680215055117
1696,1789,0.995,0.857,0.006271792795536579,0.29842855605279806,14,22,4,4,20,28,4,4,1.3131922936112594,40.738535450168555
1696,1790,1,0.929,4.0903938302361276e-4,0.2932685449657022,14,22,4,4,21,28,4,4,1.3649325990685401,42.8920866639288
1696,1791,1,1,0,0.2928932188134524,14,22,4,4,22,28,4,4,1.4142135623730951,45
1696,1797,0.315,0.579,0.5321070991352104,0.6615522448795027,14,22,4,4,10,29,4,4,0.6591403492428604,61.45197668365379
1696,1798,0.346,0.556,0.49836095837710126,0.6431840400659488,14,22,4,4,11,29,4,4,0.6548679256155397,58.10590660892705
1696,1799,0.413,0.529,0.4476388208000093,0.6160000989614667,14,22,4,4,12,29,4,4,0.6711259196305861,52.02018885044922
1696,1800,0.514,0.5,0.38074736541525356,0.5791389231293236,14,22,4,4,13,29,4,4,0.7170746125752884,44.20898427060581
1696,1801,0.63,0.467,0.30518787281439486,0.5328781798147217,14,22,4,4,14,29,4,4,0.7842123436927017,36.54842508218689
1696,1802,0.735,0.533,0.22973335645296034,0.47968003172050966,14,22,4,4,15,29,4,4,0.9079173971237692,35.948498363933766
1696,1803,0.826,0.6,0.15993580151800035,0.42494757092211666,14,22,4,4,16,29,4,4,1.0209191936681374,35.994364153835285
1696,1804,0.898,0.667,0.10069267939985271,0.3755096517727098,14,22,4,4,17,29,4,4,1.1186120864714453,36.60355050894305
1696,1805,0.95,0.733,0.05463562812296652,0.3369779233867196,14,22,4,4,18,29,4,4,1.199912080112539,37.65302172411278
1696,1806,0.982,0.8,0.0222931608165855,0.31131646582222205,14,22,4,4,19,29,4,4,1.2666191219147136,39.168462723642214
1696,1807,0.996,0.867,0.005115683596389364,0.2974096830840076,14,22,4,4,20,29,4,4,1.3204942256594687,41.038981834500746
1696,1808,1,0.934,3.2564348416530553e-4,0.29318215892248567,14,22,4,4,21,29,4,4,1.3683406008739198,43.045473375173806
1696,1809,1,1,0,0.2928932188134524,14,22,4,4,22,29,4,4,1.4142135623730951,45
1696,1816,0.346,0.6,0.48994472560834124,0.6371604228969847,14,22,4,4,10,30,4,4,0.6926153333561134,60.029384350016684
1696,1817,0.39,0.579,0.4527102756206496,0.6171019422699882,14,22,4,4,11,30,4,4,0.6980981306378065,56.036772305193736
1696,1818,0.465,0.556,0.40141340603685227,0.589428365869977,14,22,4,4,12,30,4,4,0.7248179081672859,50.09321760245752
1696,1819,0.567,0.529,0.337812028504333,0.5535668384500296,14,22,4,4,13,30,4,4,0.775454705318112,43.01426293861823
1696,1820,0.674,0.5,0.2686516611734945,0.5099077591595559,14,22,4,4,14,30,4,4,0.8392115347157713,36.569493546930744
1696,1821,0.77,0.563,0.20087643249756904,0.46070160968763385,14,22,4,4,15,30,4,4,0.9538705362888613,36.17310767263513
1696,1822,0.851,0.625,0.1390634985186665,0.41072182278678515,14,22,4,4,16,30,4,4,1.0558532094945774,36.29467993588266
1696,1823,0.915,0.688,0.0869713495463913,0.3659778883020054,14,22,4,4,17,30,4,4,1.1448008560444038,36.93996582485404
1696,1824,0.959,0.75,0.04660215910835208,0.3313899085723686,14,22,4,4,18,30,4,4,1.2174485615417188,38.02770599252149
1696,1825,0.986,0.813,0.01858404463452301,0.3086390700311211,14,22,4,4,19,30,4,4,1.277953442031438,39.507068579627976
1696,1826,0.997,0.875,0.004191583538565413,0.296624529103626,14,22,4,4,20,30,4,4,1.3265119675298824,41.271253190690025
1696,1827,1,0.938,2.5828685032680543e-4,0.2931198133413171,14,22,4,4,21,30,4,4,1.3710740315533658,43.16763304046667
1696,1828,1,1,0,0.2928932188134524,14,22,4,4,22,30,4,4,1.4142135623730951,45
1696,1836,0.381,0.619,0.45180211993536123,0.615409462551009,14,22,4,4,10,31,4,4,0.726857620170553,58.387333645652134
1696,1837,0.434,0.6,0.412769394550744,0.5943976405962555,14,22,4,4,11,31,4,4,0.7405106346299153,54.12053040345925
1696,1838,0.514,0.579,0.3620874263091103,0.5667146430512479,14,22,4,4,12,31,4,4,0.7742331690130564,48.403334484047285
1696,1839,0.613,0.556,0.30199862872658456,0.5319822541367226,14,22,4,4,13,31,4,4,0.8275898742734834,42.208490227994545
1696,1840,0.712,0.53,0.23846910971157198,0.4906667504096137,14,22,4,4,14,31,4,4,0.8876057683453843,36.66333421627076
1696,1841,0.8,0.588,0.17717538249660514,0.4448585614223506,14,22,4,4,15,31,4,4,0.9928464130972121,36.31588642394517
1696,1842,0.872,0.647,0.12187694287985484,0.39885155130580074,14,22,4,4,16,31,4,4,1.085814440869157,36.574397995423446
1696,1843,0.928,0.706,0.07555211872788814,0.3580194511061209,14,22,4,4,17,31,4,4,1.166027443930888,37.26300145707994
1696,1844,0.966,0.765,0.03987527926338763,0.326735494630929,14,22,4,4,18,31,4,4,1.2322260344595872,38.37659948317218
1696,1845,0.988,0.824,0.015534009403207594,0.30643926725610293,14,22,4,4,19,31,4,4,1.2865146715059257,39.828379920484316
1696,1846,0.998,0.883,0.003435357097593017,0.29600062694683915,14,22,4,4,20,31,4,4,1.3325513123328496,41.501422915984314
1696,1847,1,0.941,2.0410455231667513e-4,0.2930734051705375,14,22,4,4,21,31,4,4,1.3731281804696893,43.25893331542532
1696,1848,1,1,0,0.2928932188134524,14,22,4,4,22,31,4,4,1.4142135623730951,45
1696,1857,0.417,0.637,0.4173587322880026,0.5958971680528413,14,22,4,4,10,32,4,4,0.7613527434770299,56.789995166591034
1696,1858,0.477,0.619,0.37757973697927527,0.5743711055923864,14,22,4,4,11,32,4,4,0.7814665699823633,52.38223473095229
1696,1859,0.559,0.6,0.32813661410339245,0.5469327870423515,14,22,4,4,12,32,4,4,0.8200493887565554,47.02601189421862
1696,1860,0.653,0.579,0.2715001056427253,0.5133464795373964,14,22,4,4,13,32,4,4,0.8727256155287296,41.562662492556875
1696,1861,0.745,0.556,0.2129452020926642,0.474136089938918,14,22,4,4,14,32,4,4,0.9296026032665786,36.73430117467403
1696,1862,0.825,0.611,0.15714191050259685,0.43127048589407424,14,22,4,4,15,32,4,4,1.0266187218242222,36.523872403132266
1696,1863,0.89,0.667,0.10728078272683073,0.38866843838341836,14,22,4,4,16,32,4,4,1.1122000719295069,36.849291360268495
1696,1864,0.939,0.722,0.06583803190694448,0.351193319692753,14,22,4,4,17,32,4,4,1.1844851202104651,37.55679488491368
1696,1865,0.972,0.778,0.03414014484876904,0.3227641364661229,14,22,4,4,18,32,4,4,1.2450172689565395,38.67418250855849
1696,1866,0.99,0.834,0.013003538417131866,0.30459627721737337,14,22,4,4,19,32,4,4,1.2944713206556566,40.111599051875245
1696,1867,0.998,0.889,0.002814206362479421,0.29549744295506253,14,22,4,4,20,32,4,4,1.3365346983898323,41.694060517722356
1696,1868,1,0.945,1.6115942334427036e-4,0.2930382865695703,14,22,4,4,21,32,4,4,1.3758724504836921,43.38024250274473
1696,1869,1,1,0,0.2928932188134524,14,22,4,4,22,32,4,4,1.4142135623730951,45
1696,1879,0.452,0.652,0.38611701784353114,0.5782195169401929,14,22,4,4,10,33,4,4,0.7933523807237236,55.26830579801024
1696,1880,0.517,0.637,0.34625430748212727,0.5564478185501799,14,22,4,4,11,33,4,4,0.8204011214034266,50.93663020304768
1696,1881,0.599,0.619,0.298367683991418,0.5293898380322758,14,22,4,4,12,33,4,4,0.8613721611475496,45.940732854277236
1696,1882,0.689,0.6,0.24503059967146723,0.49692179235688194,14,22,4,4,13,33,4,4,0.9136306693626259,41.050237308911434
1696,1883,0.774,0.579,0.19085156377654666,0.45961625449373555,14,22,4,4,14,33,4,4,0.9666007448786702,36.79876698156384
1696,1884,0.846,0.632,0.1398206921884475,0.4193492356943509,14,22,4,4,15,33,4,4,1.0560018939376954,36.761383041665134
1696,1885,0.905,0.684,0.09460182747167656,0.3797375932085807,14,22,4,4,16,33,4,4,1.1344077750086166,37.08202844133887
1696,1886,0.948,0.737,0.05735428402585652,0.3452197213734408,14,22,4,4,17,33,4,4,1.200780163060666,37.8624288825796
1696,1887,0.976,0.79,0.029178305281140737,0.3193191174044133,14,22,4,4,18,33,4,4,1.2556575966401031,38.98761635109201
1696,1888,0.992,0.843,0.010879163846636786,0.30303267595286665,14,22,4,4,19,33,4,4,1.3018114302770583,40.35782962518815
1696,1889,0.998,0.895,0.0023052134125878254,0.29508718385870725,14,22,4,4,20,33,4,4,1.3405331029109278,41.88555111403898
1696,1890,1,0.948,1.2730217288181578e-4,0.29301127082278533,14,22,4,4,21,33,4,4,1.3779346864057092,43.470907000688804
1696,1891,1,1,0,0.2928932188134524,14,22,4,4,22,33,4,4,1.4142135623730951,45
1696,1902,0.488,0.667,0.35756119776435724,0.5620268468108601,14,22,4,4,10,34,4,4,0.8264581054112785,53.80952190964334
1696,1903,0.555,0.652,0.31805067730527514,0.5401800440170208,14,22,4,4,11,34,4,4,0.8562295253026493,49.59467444726566
1696,1904,0.635,0.636,0.27188100606365084,0.5135772177358116,14,22,4,4,12,34,4,4,0.8987329970575243,45.045079282211304
1696,1905,0.72,0.619,0.22162801311909186,0.4821878304090067,14,22,4,4,13,34,4,4,0.9495056608572694,40.6863808440138
1696,1906,0.798,0.6,0.17139040701021524,0.44662853965148996,14,22,4,4,14,34,4,4,0.9984007211535857,36.93876273228983
1696,1907,0.865,0.65,0.12453768126409392,0.40870320358706624,14,22,4,4,15,34,4,4,1.0820004621071102,36.922851216268796
1696,1908,0.917,0.7,0.0834518874130652,0.37177744679331504,14,22,4,4,16,34,4,4,1.1536416254626043,37.356621928520426
1696,1909,0.955,0.75,0.04988809871230615,0.3399220251130931,14,22,4,4,17,34,4,4,1.2143002099975113,38.14397594479468
1696,1910,0.98,0.8,0.02487994079769884,0.31630184531434613,14,22,4,4,18,34,4,4,1.2650691680694774,39.22567409733673
1696,1911,0.993,0.85,0.00908748577420515,0.3016974743658626,14,22,4,4,19,34,4,4,1.3071147616028211,40.56325911527481
1696,1912,0.999,0.9,0.001888104307044558,0.29475051875703673,14,22,4,4,20,34,4,4,1.3446192769702507,42.015717856406624
1696,1913,1,0.95,1.005805128396764e-4,0.29299022749397174,14,22,4,4,21,34,4,4,1.379311422413372,43.53119928561418
1696,1914,1,1,0,0.2928932188134524,14,22,4,4,22,34,4,4,1.4142135623730951,45
1696,1926,0.521,0.68,0.33127180669949063,0.547043022308004,14,22,4,4,10,35,4,4,0.8566452007686731,52.541513604093296
1696,1927,0.59,0.667,0.29237932620323115,0.5252361176098734,14,22,4,4,11,35,4,4,0.8904992981468317,48.50538515731983
1696,1928,0.668,0.652,0.2479969355597651,0.49913424766782066,14,22,4,4,12,35,4,4,0.9334495165781598,44.305539712450226
1696,1929,0.748,0.637,0.2006655075075232,0.46878788922793047,14,22,4,4,13,35,4,4,0.9824830787346925,40.417857691067674
1696,1930,0.82,0.619,0.1539897725719772,0.4348546668337392,14,22,4,4,14,35,4,4,1.0274049834412913,37.04835384747723
1696,1931,0.88,0.667,0.1108975435782521,0.3990799792284816,14,22,4,4,15,35,4,4,1.104214200234719,37.160473279285704
1696,1932,0.927,0.714,0.07351647079364076,0.36461216101995086,14,22,4,4,16,35,4,4,1.1700961498953835,37.60441868009884
1696,1933,0.961,0.762,0.04329997794036189,0.3351921476974702,14,22,4,4,17,35,4,4,1.2264440468280646,38.411744541949275
1696,1934,0.983,0.81,0.021170597565649985,0.31365044447902246,14,22,4,4,18,35,4,4,1.273730348229169,39.4888003076386
1696,1935,0.994,0.858,0.007583110161522244,0.3005558190269293,14,22,4,4,19,35,4,4,1.3130879635424277,40.8000731915695
1696,1936,0.999,0.905,0.0015470483393226209,0.2944735251757621,14,22,4,4,20,35,4,4,1.3479710679387744,42.17361663502773
1696,1937,1,0.953,7.962608298550666e-5,0.29297369570173226,14,22,4,4,21,35,4,4,1.3813793830805496,43.62141221053497
1696,1938,1,1,0,0.2928932188134524,14,22,4,4,22,35,4,4,1.4142135623730951,45
1696,1957,1,1,1.1102230246251565e-16,0.29289321881345254,14,22,4,4,10,14,7,4,1.4142135623730951,45
1696,1958,1,1,0,0.2928932188134524,14,22,4,4,11,14,7,4,1.4142135623730951,45
1696,1959,1,1,0,0.2928932188134524,14,22,4,4,12,14,7,4,1.4142135623730951,45
1696,1960,1,1,1.1102230246251565e-16,0.29289321881345254,14,22,4,4,13,14,7,4,1.4142135623730951,45
1696,1961,0.999,0.917,7.237973354090599e-4,0.2939903698460856,14,22,4,4,10,15,7,4,1.3560567834718427,42.549379651519416
1696,1962,0.999,0.91,8.910436948209588e-4,0.29459374924661796,14,22,4,4,11,15,7,4,1.3513330455516879,42.33073093011519
1696,1963,0.998,0.9,0.0010952339301764091,0.29578805572325384,14,22,4,4,12,15,7,4,1.3438764824194225,42.04425473533527
1696,1964,0.996,0.889,0.0013408379318953223,0.29837179963490745,14,22,4,4,13,15,7,4,1.3350419469065382,41.7511530506899
1696,1965,0.99,0.876,0.0016122375658446098,0.3036322868176683,14,22,4,4,14,15,7,4,1.3219213289753668,41.50395995814266
1696,1966,0.983,0.833,0.014264124375161558,0.3087562058262834,14,22,4,4,10,16,7,4,1.288478948217626,40.27813810645393
1696,1967,0.977,0.819,0.017098291234250773,0.31395088870592336,14,22,4,4,11,16,7,4,1.274868620682147,39.97244594489441
1696,1968,0.967,0.8,0.020559638680202053,0.3215185502028056,14,22,4,4,12,16,7,4,1.2550254977489501,39.60098593001827
1696,1969,0.949,0.778,0.0247777761654695,0.33254120721466074,14,22,4,4,13,16,7,4,1.2271450606998342,39.345253886367
1696,1970,0.913,0.75,0.030154433565905303,0.34690100739636187,14,22,4,4,14,16,7,4,1.181553638223843,39.40199891217151
1696,1971,0.836,0.876,0.03235779204264333,0.3529753054787165,14,22,4,4,15,16,7,4,1.2108971880386874,46.33844292102374
1696,1972,0.928,0.75,0.06925550269426461,0.35290734306942395,14,22,4,4,10,17,7,4,1.1931822995670025,38.94478491215145
1696,1973,0.907,0.728,0.0814859705212776,0.36636612443658856,14,22,4,4,11,17,7,4,1.1630275147218143,38.752133856220915
1696,1974,0.877,0.7,0.09636028212572767,0.3838459025579406,14,22,4,4,12,17,7,4,1.1221091747240997,38.596013397209326
1696,1975,0.829,0.667,0.11487168619932964,0.4059669873034284,14,22,4,4,13,17,7,4,1.064015977323649,38.81959351588038
1696,1976,0.747,0.625,0.13639819756845695,0.429147315273988,14,22,4,4,14,17,7,4,0.9739784391864124,39.91855066092477
1696,1977,0.636,0.75,0.15068306282932387,0.4406034694054618,14,22,4,4,15,17,7,4,0.9833595476731793,49.70205542331622
1696,1978,0.565,0.875,0.11896372552757095,0.4205260659463935,14,22,4,4,16,17,7,4,1.0415613280071414,57.14909160744135
1696,1979,0.825,0.667,0.18057333770267614,0.4304969721284687,14,22,4,4,10,18,7,4,1.0609024460335643,38.95501428058561
1696,1980,0.784,0.637,0.20902051499487095,0.45390143027697205,14,22,4,4,11,18,7,4,1.010160878276327,39.0938588862295
1696,1981,0.727,0.6,0.24316008943925005,0.4821741564037165,14,22,4,4,12,18,7,4,0.9426181623541952,39.533180821289584
1696,1982,0.646,0.556,0.2831719584376302,0.5142175603208274,14,22,4,4,13,18,7,4,0.8523215355721103,40.71795679890206
1696,1983,0.526,0.5,0.32814910885931203,0.5431585792140078,14,22,4,4,14,18,7,4,0.7257244656203896,43.54837084739169
1696,1984,0.434,0.625,0.3518843076372311,0.5547420886207545,14,22,4,4,15,18,7,4,0.7609080102088557,55.22388664801382
1696,1985,0.419,0.75,0.311100180068821,0.5328843539397516,14,22,4,4,16,18,7,4,0.8591047666030028,60.80936321477534
1696,1986,0.45,0.875,0.19699960539702366,0.46837666747949935,14,22,4,4,17,18,7,4,0.9839334327077214,62.78388844269253
1696,1987,0.681,0.583,0.3392287106874966,0.5370418339524794,14,22,4,4,10,19,7,4,0.8964652809785776,40.5666329556376
1696,1988,0.619,0.546,0.387724249796793,0.5711353328257669,14,22,4,4,11,19,7,4,0.8253950569272874,41.414480174403245
1696,1989,0.538,0.5,0.4444727243621889,0.6102667870757328,14,22,4,4,12,19,7,4,0.7344685153224746,42.90340293744109
1696,1990,0.431,0.444,0.509018672602511,0.6508688809832909,14,22,4,4,13,19,7,4,0.6187867160823671,45.85118895604542
1696,1991,0.311,0.375,0.573758694084313,0.6812737457977747,14,22,4,4,14,19,7,4,0.4871816909531802,50.32995086672701
1696,1992,0.299,0.5,0.5752174709871554,0.6817969397291108,14,22,4,4,15,19,7,4,0.5825813247950882,59.12057631770123
1696,1993,0.342,0.625,0.4973306648093896,0.6395774239660266,14,22,4,4,16,19,7,4,0.7124528054545087,61.312521297400984
1696,1994,0.396,0.75,0.3618530231329553,0.5626049823259937,14,22,4,4,17,19,7,4,0.848124990788504,62.165946059449176
1696,1995,0.461,0.875,0.17738960782882152,0.4568742752179419,14,22,4,4,18,19,7,4,0.9890126389485626,62.21717581124318
1696,1996,0.509,0.5,0.5219423567621322,0.6564891513732986,14,22,4,4,10,20,7,4,0.7134991240359024,44.48895109944029
1696,1997,0.43,0.455,0.5892466643560893,0.6999055659012816,14,22,4,4,11,20,7,4,0.626039136156838,46.61809453273746
1696,1998,0.332,0.4,0.6648599329464888,0.7471433354466931,14,22,4,4,12,20,7,4,0.5198307416842525,50.30732684933118
1696,1999,0.21,0.333,0.7409916414057746,0.7895726950213451,14,22,4,4,13,20,7,4,0.39368642343875665,57.763213447869774
1696,2000,0.186,0.25,0.7673259606707047,0.8042914951455368,14,22,4,4,14,20,7,4,0.31160231064611826,53.35075253233141
1696,2001,0.238,0.375,0.6942153278079826,0.7683258960976511,14,22,4,4,15,20,7,4,0.4441497495214874,57.59806522275072
1696,2002,0.305,0.5,0.5704864871899336,0.6916087762809839,14,22,4,4,16,20,7,4,0.5856833615529812,58.616808943640976
1696,2003,0.394,0.625,0.4100474320471499,0.594841996313626,14,22,4,4,17,20,7,4,0.7388240656611018,57.77266868446291
1696,2004,0.502,0.75,0.23707653354733993,0.493187155302924,14,22,4,4,18,20,7,4,0.902498753461743,56.20428579686032
1696,2005,0.625,0.875,0.10116217865526589,0.4079302573318194,14,22,4,4,19,20,7,4,1.0752906583803283,54.46232220802562
1696,2006,0.323,0.417,0.700306377806367,0.7762456915175293,14,22,4,4,10,21,7,4,0.5274637428297797,52.23934099833476
1696,2007,0.233,0.364,0.7829412865582555,0.8295009222077883,14,22,4,4,11,21,7,4,0.4321863024206112,57.37629046642824
1696,2008,0.128,0.3,0.8716711112211776,0.8859592477001753,14,22,4,4,12,21,7,4,0.326165602110339,66.89367314172843
1696,2009,0.08,0.222,0.9138667925622025,0.9182167240910949,14,22,4,4,13,21,7,4,0.23597457490161944,70.18284748038103
1696,2010,0.157,0.125,0.8190980898300336,0.871728251536884,14,22,4,4,14,21,7,4,0.20068383093812017,38.526044031327686
1696,2011,0.263,0.25,0.6854427624182445,0.7804796590256444,14,22,4,4,15,21,7,4,0.3628622328101948,43.54837084739169
1696,2012,0.385,0.375,0.5268525743848229,0.6763805102653833,14,22,4,4,16,21,7,4,0.5374476718714111,44.24615166692923
1696,2013,0.516,0.5,0.3585212589335588,0.5716992724141874,14,22,4,4,17,21,7,4,0.7185095684818679,44.09777883846984
1696,2014,0.65,0.625,0.21487197061824015,0.4807196125704051,14,22,4,4,18,21,7,4,0.9017344398435717,43.87669728592457
1696,2015,0.777,0.75,0.10524420011132007,0.40896567991336286,14,22,4,4,19,21,7,4,1.0799208304315646,43.98701711938915
1696,2016,0.887,0.876,0.031491109734120504,0.34980101793990526,14,22,4,4,20,21,7,4,1.2466535204297946,44.64251537361698
1696,2017,0.136,0.333,0.8524085646689307,0.8737251367718225,14,22,4,4,10,22,7,4,0.3597012649407839,67.78448264277691
1696,2018,0.068,0.273,0.9317990409679906,0.927197897610094,14,22,4,4,11,22,7,4,0.2813414295833445,76.01314943321121
1696,2019,0.076,0.2,0.9231463527896097,0.9495978498752489,14,22,4,4,12,22,7,4,0.21395326592506134,69.19320898728877
1696,2020,0.184,0.111,0.8183764300459131,0.8886517867081083,14,22,4,4,13,22,7,4,0.2148883430993873,31.100936907249196
1696,2021,0.309,0,0.6865866625437509,0.7995168592597856,14,22,4,4,14,22,7,4,0.309,0
1696,2022,0.437,0.125,0.5416034627868196,0.7006473397089363,14,22,4,4,15,22,7,4,0.454526126861812,15.9627110347303
1696,2023,0.564,0.25,0.3927326341084296,0.6004245867329756,14,22,4,4,16,22,7,4,0.6169246307289084,23.905909882192447
1696,2024,0.688,0.375,0.25792970339489873,0.5079461987745378,14,22,4,4,17,22,7,4,0.7835617397499701,28.592952298559467
1696,2025,0.801,0.5,0.15062247768220116,0.43202244207893636,14,22,4,4,18,22,7,4,0.9442462602520595,31.973223478909677
1696,2026,0.896,0.625,0.0696095392742917,0.37227790742567946,14,22,4,4,19,22,7,4,1.0924472527312246,34.897494063900595
1696,2027,0.963,0.75,0.01946150928399326,0.3261066167071529,14,22,4,4,20,22,7,4,1.2206019007030915,37.912036316452294
1696,2028,0.995,0.876,0.0014337695318477062,0.30003410014831855,14,22,4,4,21,22,7,4,1.325670019273273,41.36075562786028
1696,2029,0.137,0.384,0.8395246559445808,0.8707676824492865,14,22,4,4,10,23,7,4,0.4077070026379238,70.36508231958521
1696,2030,0.15,0.333,0.8169514402980022,0.8638757143720087,14,22,4,4,11,23,7,4,0.36522458843840183,65.75079558959862
1696,2031,0.233,0.273,0.7444210709048817,0.8254577280457533,14,22,4,4,12,23,7,4,0.35891224554199874,49.51991111453518
1696,2032,0.349,0.2,0.6387506338530706,0.7624248161842,14,22,4,4,13,23,7,4,0.40224495024798007,29.815551356094456
1696,2033,0.469,0.111,0.5189192829429194,0.6840671894929005,14,22,4,4,14,23,7,4,0.481956429565993,13.315398519896018
1696,2034,0.587,0.222,0.39467965316698694,0.5986787040321944,14,22,4,4,15,23,7,4,0.627577086898494,20.71632766098209
1696,2035,0.699,0.333,0.2771700299221711,0.5146775258650734,14,22,4,4,16,23,7,4,0.774267395671547,25.47288958610668
1696,2036,0.8,0.444,0.17712703571796617,0.44012777502998,14,22,4,4,17,23,7,4,0.9149513648276613,29.030274682487153
1696,2037,0.885,0.556,0.09817214061680923,0.38036881948657375,14,22,4,4,18,23,7,4,1.0451607531858438,32.13903437832957
1696,2038,0.949,0.667,0.04226264646247946,0.3353617792602208,14,22,4,4,19,23,7,4,1.159952585237862,35.101278209134556
1696,2039,0.986,0.778,0.009954875237557337,0.3060604564562317,14,22,4,4,20,23,7,4,1.2559777068085245,38.2750873395419
1696,2040,0.999,0.889,6.371722689784143e-4,0.2941241208318405,14,22,4,4,21,23,7,4,1.3372815709490653,41.66556206288983
1696,2041,1,1,0,0.2928932188134524,14,22,4,4,22,23,7,4,1.4142135623730951,45
1696,2042,0.208,0.428,0.7235912809322244,0.7924814167773253,14,22,4,4,10,24,7,4,0.4758655272238156,64.08111442895358
1696,2043,0.27,0.385,0.6670225387752685,0.7623242023702412,14,22,4,4,11,24,7,4,0.4702393007820593,54.958070598460985
1696,2044,0.37,0.333,0.5840188450453654,0.7160475555290722,14,22,4,4,12,24,7,4,0.4977840897417273,41.987212495816664
1696,2045,0.482,0.273,0.486159929864714,0.6565305854520953,14,22,4,4,13,24,7,4,0.553943137876082,29.526783771798186
1696,2046,0.592,0.2,0.38348261355749136,0.588205646904595,14,22,4,4,14,24,7,4,0.6248711867257122,18.66691427422022
1696,2047,0.696,0.3,0.2836056643130612,0.5169531041898341,14,22,4,4,15,24,7,4,0.7579023683826301,23.31770838675507
1696,2048,0.789,0.4,0.19407737456505336,0.44947199641964275,14,22,4,4,16,24,7,4,0.8846021704698673,26.88367962882478
1696,2049,0.869,0.5,0.1199689920399698,0.3917420806557501,14,22,4,4,17,24,7,4,1.0025771790740103,29.915003116480165
1696,2050,0.931,0.6,0.0636997722467274,0.3472020488096518,14,22,4,4,18,24,7,4,1.1075924340658887,32.800497556108674
1696,2051,0.973,0.7,0.02512045951792885,0.3160715949482783,14,22,4,4,19,24,7,4,1.1986363084772629,35.73216373717889
1696,2052,0.994,0.8,0.005294614464193215,0.29864655093286174,14,22,4,4,20,24,7,4,1.2759451398865078,38.82811850536661
1696,2053,1,0.9,2.836942622416183e-4,0.29322489905010096,14,22,4,4,21,24,7,4,1.3453624047073711,41.98721249581666
1696,2054,1,1,1.1102230246251565e-16,0.29289321881345254,14,22,4,4,22,24,7,4,1.4142135623730951,45
1696,2056,0.303,0.466,0.6006367816548961,0.7136456465182814,14,22,4,4,10,25,7,4,0.5558462017500885,56.9674898951305
1696,2057,0.385,0.428,0.5348091770880884,0.6777321897205285,14,22,4,4,11,25,7,4,0.5756813354625977,48.027583056988895
1696,2058,0.486,0.385,0.45516309574523206,0.6318185692165674,14,22,4,4,12,25,7,4,0.6200169352525784,38.385598808415246
1696,2059,0.589,0.333,0.36972498271752885,0.5778924069904638,14,22,4,4,13,25,7,4,0.6766165827113609,29.482299361186453
1696,2060,0.686,0.273,0.28497324215711295,0.5192508629566772,14,22,4,4,14,25,7,4,0.7383258088405146,21.700536739317464
1696,2061,0.775,0.364,0.20617682664770154,0.460451274046903,14,22,4,4,15,25,7,4,0.8562248536453495,25.15838421446667
1696,2062,0.851,0.455,0.13786926294986834,0.406575976045607,14,22,4,4,16,25,7,4,0.9650005181345759,28.13186077938041
1696,2063,0.913,0.546,0.08310589276331282,0.36189944219650094,14,22,4,4,17,25,7,4,1.0638068433696035,30.88062552227651
1696,2064,0.958,0.637,0.04224316467241396,0.3286556187399743,14,22,4,4,18,25,7,4,1.1504490427654759,33.62100321575432
1696,2065,0.985,0.728,0.01528803809120216,0.3068321925174732,14,22,4,4,19,25,7,4,1.2248301923123874,36.46759881643143
1696,2066,0.997,0.819,0.003007505734595295,0.2958808267167541,14,22,4,4,20,25,7,4,1.2902596637886499,39.40188616300896
1696,2067,1,0.91,1.311415043058206e-4,0.29302461655588374,14,22,4,4,21,25,7,4,1.3520724832641184,42.3021943666837
1696,2068,1,1,1.1102230246251565e-16,0.29289321881345254,14,22,4,4,22,25,7,4,1.4142135623730951,45
1696,2071,0.398,0.5,0.4950849576905815,0.6492117488665131,14,22,4,4,10,26,7,4,0.6390649419268749,51.48021047869178
1696,2072,0.486,0.466,0.43033022659199194,0.6129292442102467,14,22,4,4,11,26,7,4,0.6733141911470454,43.796484190694976
1696,2073,0.581,0.428,0.35885000032431025,0.5699863648406905,14,22,4,4,12,26,7,4,0.7216266347634349,36.37762340537852
1696,2074,0.673,0.384,0.2862163334233434,0.5220636446375992,14,22,4,4,13,26,7,4,0.7748451458194728,29.70819439335152
1696,2075,0.758,0.333,0.21683026247711035,0.4718450494920582,14,22,4,4,14,26,7,4,0.8279208899405788,23.71655569431667
1696,2076,0.832,0.417,0.15431018663881124,0.4229290597096991,14,22,4,4,15,26,7,4,0.9306519220417481,26.62011678195289
1696,2077,0.894,0.5,0.10157928364760793,0.37919581623598886,14,22,4,4,16,26,7,4,1.0243222149304387,29.217591843143328
1696,2078,0.941,0.583,0.05980456252838984,0.3437726936700187,14,22,4,4,17,26,7,4,1.1069643174014236,31.780436843027132
1696,2079,0.973,0.667,0.029085153876499903,0.3181577112823083,14,22,4,4,18,26,7,4,1.1796685975306793,34.43097799398074
1696,2080,0.991,0.75,0.009917245614603165,0.3021212639050852,14,22,4,4,19,26,7,4,1.2428117315184952,37.11884780864493
1696,2081,0.999,0.833,0.0018352081216830296,0.2946802775418951,14,22,4,4,20,26,7,4,1.3007267199531192,39.822490802231016
1696,2082,1,0.917,6.626549673205417e-5,0.2929592794487209,14,22,4,4,21,26,7,4,1.3567936468011634,42.52082345847564
1696,2083,1,1,1.1102230246251565e-16,0.29289321881345254,14,22,4,4,22,26,7,4,1.4142135623730951,45
1696,2087,0.486,0.529,0.41132695305536204,0.5990576579875643,14,22,4,4,10,27,7,4,0.7183571535107032,47.425858307082535
1696,2088,0.572,0.5,0.35143351736425077,0.5642953593497861,14,22,4,4,11,27,7,4,0.7597262664933996,41.15754687208514
1696,2089,0.659,0.467,0.2887456389182791,0.5249112007140295,14,22,4,4,12,27,7,4,0.807694249081916,35.32327316993565
1696,2090,0.74,0.429,0.2272035223376041,0.48237548895719273,14,22,4,4,13,27,7,4,0.8553601580620879,30.102144433373212
1696,2091,0.813,0.385,0.16995455677278004,0.43892717381274526,14,22,4,4,14,27,7,4,0.8995521107751345,25.340116743628222
1696,2092,0.874,0.461,0.11953339457687795,0.39747513207889285,14,22,4,4,15,27,7,4,0.9881280281421027,27.80985185293222
1696,2093,0.923,0.539,0.07751653250793977,0.36107822735213424,14,22,4,4,16,27,7,4,1.0688545270522085,30.283447091933986
1696,2094,0.959,0.616,0.04451288504689577,0.332130556372371,14,22,4,4,17,27,7,4,1.1397969117347178,32.714083919003336
1696,2095,0.983,0.692,0.020706001011196684,0.31168812746498065,14,22,4,4,18,27,7,4,1.2021451659429487,35.14429838716917
1696,2096,0.995,0.769,0.006745531498428048,0.2993886265253667,14,22,4,4,19,27,7,4,1.2575317093417566,37.6991567306859
1696,2097,0.999,0.847,0.0011679042331982359,0.2940461292401112,14,22,4,4,20,27,7,4,1.3097366147435903,40.29287313802627
1696,2098,1,0.923,3.4669385270857944e-5,0.29293007763270595,14,22,4,4,21,27,7,4,1.3608559806239602,42.707010169212275
1696,2099,1,1,0,0.29289321881345254,14,22,4,4,22,27,7,4,1.4142135623730951,45
1696,2104,0.563,0.556,0.34607154821125385,0.5599280010449572,14,22,4,4,10,28,7,4,0.7912679697801498,44.641586036546165
1696,2105,0.644,0.529,0.29187293562136196,0.5272034763496771,14,22,4,4,11,28,7,4,0.8334128628716981,39.40066066347943
1696,2106,0.722,0.5,0.2370545874083454,0.49116754385495387,14,22,4,4,12,28,7,4,0.8782277608912167,34.703405839907006
1696,2107,0.793,0.467,0.1845366832642944,0.4531238166852545,14,22,4,4,13,28,7,4,0.9202923448556987,30.493954482203417
1696,2108,0.854,0.429,0.13660107105386965,0.41498456212952173,14,22,4,4,14,28,7,4,0.9556971277554411,26.67229631062959
1696,2109,0.905,0.5,0.09491484544688522,0.37917497142421885,14,22,4,4,15,28,7,4,1.0339366518312425,28.920044037606456
1696,2110,0.944,0.572,0.060475692284004845,0.3481988829921664,14,22,4,4,16,28,7,4,1.1037753394599825,31.21302186846502
1696,2111,0.972,0.643,0.033702749857252856,0.32396982065906577,14,22,4,4,17,28,7,4,1.165432537730091,33.48553800619536
1696,2112,0.989,0.714,0.015004720624635648,0.3072566002555084,14,22,4,4,18,28,7,4,1.2198020331184893,35.82707553239412
1696,2113,0.997,0.786,0.004654569675998865,0.29759358144525394,14,22,4,4,19,28,7,4,1.2695688244439527,38.251012729141095
1696,2114,1,0.857,7.481370963960954e-4,0.2936612184536098,14,22,4,4,20,28,7,4,1.3169848138835922,40.59657583596283
1696,2115,1,0.929,1.8189227698028887e-5,0.2929148962072545,14,22,4,4,21,28,7,4,1.3649325990685401,42.8920866639288
1696,2116,1,1,0,0.2928932188134524,14,22,4,4,22,28,7,4,1.4142135623730951,45
1696,2122,0.63,0.579,0.29468516076718776,0.528701573958816,14,22,4,4,10,29,7,4,0.8556523826882035,42.5844885351871
1696,2123,0.704,0.556,0.24591333385262604,0.49801673012472625,14,22,4,4,11,29,7,4,0.8970797066035994,38.3007168446404
1696,2124,0.773,0.529,0.1977688175713097,0.464909624370213,14,22,4,4,12,29,7,4,0.9366803083229625,34.38565874530181
1696,2125,0.835,0.5,0.15243084368423443,0.4305561809722708,14,22,4,4,13,29,7,4,0.9732548484338519,30.91327568212852
1696,2126,0.886,0.467,0.11159006337301813,0.3966320902649825,14,22,4,4,14,29,7,4,1.0015413121783845,27.793178112357054
1696,2127,0.928,0.533,0.07639506909962657,0.365220703488614,14,22,4,4,15,29,7,4,1.0701742848713942,29.87105399641376
1696,2128,0.959,0.6,0.04761911994560042,0.3384369313242017,14,22,4,4,16,29,7,4,1.131229861699204,32.032227180778776
1696,2129,0.98,0.667,0.02564464059709648,0.31785301443416636,14,22,4,4,17,29,7,4,1.1854488601369526,34.23968261857017
1696,2130,0.992,0.733,0.010950943328219331,0.30401579196962614,14,22,4,4,18,29,7,4,1.2334313924981803,36.46111354940082
1696,2131,0.998,0.8,0.003213310869195296,0.29634518574665814,14,22,4,4,19,29,7,4,1.2790637200702708,38.71577480968507
1696,2132,1,0.867,4.764897721457606e-4,0.2934170731136654,14,22,4,4,20,29,7,4,1.323513883569039,40.92528797789907
1696,2133,1,0.934,9.646159897735984e-6,0.2929066213064949,14,22,4,4,21,29,7,4,1.3683406008739198,43.045473375173806
1696,2134,1,1,0,0.2928932188134524,14,22,4,4,22,29,7,4,1.4142135623730951,45
1696,2141,0.687,0.6,0.2532934375569451,0.5030374828998926,14,22,4,4,10,30,7,4,0.9121233469218952,41.13274221732663
1696,2142,0.754,0.579,0.20936349540792154,0.47423189651856,14,22,4,4,11,30,7,4,0.9506613487462293,37.52082105903046
1696,2143,0.815,0.556,0.16674709871948712,0.4436463641090481,14,22,4,4,12,30,7,4,0.9865905939142132,34.3021442191998
1696,2144,0.867,0.529,0.12716593863102588,0.41236272315285827,14,22,4,4,13,30,7,4,1.0156426536927248,31.38945189011157
1696,2145,0.911,0.5,0.09185194746475778,0.38188476038483343,14,22,4,4,14,30,7,4,1.0391924749535093,28.760068150417705
1696,2146,0.945,0.563,0.06179917179809502,0.3540459991237266,14,22,4,4,15,30,7,4,1.0999972727238918,30.785098615585284
1696,2147,0.97,0.625,0.0375225679246326,0.33067016495668,14,22,4,4,16,30,7,4,1.1539172413999195,32.79489381576872
1696,2148,0.986,0.688,0.019476274563523077,0.3130583565774999,14,22,4,4,17,30,7,4,1.2023061174260072,34.9061312502682
1696,2149,0.995,0.75,0.007967712070283683,0.30155457646590933,14,22,4,4,18,30,7,4,1.2460036115517483,37.00784869431463
1696,2150,0.999,0.813,0.0022104471684707416,0.2954501201731229,14,22,4,4,19,30,7,4,1.2880100931281555,39.13917245226401
1696,2151,1,0.875,3.0001001876878153e-4,0.2932570645332879,14,22,4,4,20,30,7,4,1.3287682265918312,41.18592516570965
1696,2152,1,0.938,5.177875218032035e-6,0.29290182093748596,14,22,4,4,21,30,7,4,1.3710740315533658,43.16763304046667
1696,2153,1,1,0,0.2928932188134524,14,22,4,4,22,30,7,4,1.4142135623730951,45
1696,2161,0.735,0.619,0.219032946875389,0.48129291932648954,14,22,4,4,10,31,7,4,0.9609297580988945,40.103307972685045
1696,2162,0.795,0.6,0.17930668577715547,0.4541835924133001,14,22,4,4,11,31,7,4,0.9960045180620417,37.04247477308286
1696,2163,0.848,0.579,0.1413348706267198,0.42579147226947833,14,22,4,4,12,31,7,4,1.0268130306925405,34.32459775853496
1696,2164,0.893,0.556,0.10644321934820522,0.39713060111891774,14,22,4,4,13,31,7,4,1.0519434395441611,31.90723454837133
1696,2165,0.93,0.53,0.07573480939238497,0.36957652497365445,14,22,4,4,14,31,7,4,1.070420478129973,29.678489925135207
1696,2166,0.958,0.588,0.049864417993077614,0.3447688644217287,14,22,4,4,15,31,7,4,1.1240587173275245,31.540716194770106
1696,2167,0.977,0.647,0.02938793226852776,0.3242924716240567,14,22,4,4,16,31,7,4,1.1718097115146298,33.51377337613663
1696,2168,0.99,0.706,0.014713649868902445,0.30920654176675355,14,22,4,4,17,31,7,4,1.2159506568936091,35.49385693664634
1696,2169,0.996,0.765,0.005756935281576281,0.29965388419621497,14,22,4,4,18,31,7,4,1.2558825582035924,37.526867757501506
1696,2170,0.999,0.824,0.0015127971080483027,0.29480028797304514,14,22,4,4,19,31,7,4,1.294981467048853,39.516658694700745
1696,2171,1,0.883,1.8743152966027576e-4,0.29315021220657,14,22,4,4,20,31,7,4,1.3340498491435768,41.4445038973404
1696,2172,1,0.941,2.8227474734299207e-6,0.29289892359011227,14,22,4,4,21,31,7,4,1.3731281804696893,43.25893331542532
1696,2173,1,1,0,0.29289321881345254,14,22,4,4,22,31,7,4,1.4142135623730951,45
1696,2182,0.776,0.637,0.18993001584714853,0.4623829728752672,14,22,4,4,10,32,7,4,1.0039646408116174,39.381761042015945
1696,2183,0.829,0.619,0.1538974441162969,0.4368180248597645,14,22,4,4,11,32,7,4,1.0346023390655947,36.748062613037106
1696,2184,0.875,0.6,0.11987775197083361,0.41038137315703394,14,22,4,4,12,32,7,4,1.0609547586961472,34.43898930880361
1696,2185,0.914,0.579,0.08905508018754282,0.38403710360416576,14,22,4,4,13,32,7,4,1.0819597959258929,32.35340854765067
1696,2186,0.944,0.556,0.06220737380729202,0.3590583460346407,14,22,4,4,14,32,7,4,1.0955692584223053,30.497364119916835
1696,2187,0.967,0.611,0.03999020956145527,0.3369198625631449,14,22,4,4,15,32,7,4,1.1438575086084803,32.2867891849901
1696,2188,0.983,0.667,0.02284585968667996,0.3189902940560283,14,22,4,4,16,32,7,4,1.1879301326256524,34.1582691711514
1696,2189,0.992,0.722,0.011036183068017125,0.3060966540853759,14,22,4,4,17,32,7,4,1.2269262406518169,36.047973496696684
1696,2190,0.997,0.778,0.004131542230910168,0.2981866027585549,14,22,4,4,18,32,7,4,1.26463156690002,37.96637707721167
1696,2191,0.999,0.834,0.0010347883319347106,0.2943283514937074,14,22,4,4,19,32,7,4,1.3013673578202274,39.85630524032165
1696,2192,1,0.889,1.1724597118145663e-4,0.2930781154600177,14,22,4,4,20,32,7,4,1.3380287739805896,41.63709543013025
1696,2193,1,0.945,1.5740740408887177e-6,0.292897122273754,14,22,4,4,21,32,7,4,1.3758724504836921,43.38024250274473
1696,2194,1,1,1.1102230246251565e-16,0.29289321881345254,14,22,4,4,22,32,7,4,1.4142135623730951,45
1696,2204,0.81,0.652,0.16466129728968215,0.44557831450417074,14,22,4,4,10,33,7,4,1.039809597955318,38.83191881936163
1696,2205,0.857,0.637,0.13191571160412408,0.42144967002065026,14,22,4,4,11,33,7,4,1.0678099081765442,36.623073375966655
1696,2206,0.897,0.619,0.10145215937267504,0.39680797695127146,14,22,4,4,12,33,7,4,1.0898486133404033,34.60870453303904
1696,2207,0.93,0.6,0.07415777463103435,0.3725767956723697,14,22,4,4,13,33,7,4,1.1067520047418031,32.82854179141253
1696,2208,0.956,0.579,0.05076840530954796,0.3499382578122803,14,22,4,4,14,33,7,4,1.117665871358699,31.20113219508484
1696,2209,0.974,0.632,0.03179468197743507,0.33021287111227626,14,22,4,4,15,33,7,4,1.1610770861575042,32.97835531994409
1696,2210,0.987,0.684,0.01762891516983789,0.31456017105754885,14,22,4,4,16,33,7,4,1.200843453577526,34.72231221754552
1696,2211,0.994,0.737,0.008218655662303509,0.3035822038939807,14,22,4,4,17,33,7,4,1.2374186841970667,36.555037957176424
1696,2212,0.998,0.79,0.0029530540088871238,0.29705188673157845,14,22,4,4,18,33,7,4,1.2728330605385767,38.364544274063185
1696,2213,1,0.843,7.053305963771184e-4,0.2939827241579185,14,22,4,4,19,33,7,4,1.3079178108734508,40.1308887134993
1696,2214,1,0.895,7.367590174389704e-5,0.29302840391467144,14,22,4,4,20,33,7,4,1.3420227270802831,41.82854278370222
1696,2215,1,0.948,8.974705327791099e-7,0.2928959568754277,14,22,4,4,21,33,7,4,1.3779346864057092,43.470907000688804
1696,2216,1,1,0,0.2928932188134524,14,22,4,4,22,33,7,4,1.4142135623730951,45
1696,2227,0.839,0.667,0.14237191724834408,0.43041042051310263,14,22,4,4,10,34,7,4,1.071825545506357,38.484490227773406
1696,2228,0.88,0.652,0.11269331579334185,0.40765365505103424,14,22,4,4,11,34,7,4,1.0952186996212219,36.53508316908163
1696,2229,0.915,0.636,0.08541740038862133,0.3847071320176316,14,22,4,4,12,34,7,4,1.114325356437697,34.80246714227758
1696,2230,0.943,0.619,0.06134643207398882,0.3624552366512719,14,22,4,4,13,34,7,4,1.1280115247638207,33.2815232806377
1696,2231,0.965,0.6,0.04108533804796566,0.3419894293995328,14,22,4,4,14,34,7,4,1.1363208173750932,31.871764561527954
1696,2232,0.98,0.65,0.02507194853527972,0.32447577677301265,14,22,4,4,15,34,7,4,1.175967686630887,33.554936221079
1696,2233,0.99,0.7,0.013502266816067698,0.3108676699464339,14,22,4,4,16,34,7,4,1.2124768039018314,35.26301172959725
1696,2234,0.996,0.75,0.006085222197329432,0.30155686833149675,14,22,4,4,17,34,7,4,1.2468023099112384,36.98018774930181
1696,2235,0.999,0.8,0.0021068664210149857,0.2961756811783136,14,22,4,4,18,34,7,4,1.2798441311347253,38.687774465176346
1696,2236,1,0.85,4.800850219860431e-4,0.293728347834754,14,22,4,4,19,34,7,4,1.3124404748406686,40.36453657309736
1696,2237,1,0.9,4.676191475949665e-5,0.2929936289691316,14,22,4,4,20,34,7,4,1.3453624047073711,41.98721249581666
1696,2238,1,0.95,5.234366959872006e-7,0.29289518375172563,14,22,4,4,21,34,7,4,1.379311422413372,43.53119928561418
1696,2239,1,1,0,0.2928932188134524,14,22,4,4,22,34,7,4,1.4142135623730951,45
1696,2251,0.863,0.68,0.12261870071292236,0.41660639476032457,14,22,4,4,10,35,7,4,1.0987124282540905,38.23630771734067
1696,2252,0.899,0.667,0.09577312685582207,0.39519188326737686,14,22,4,4,11,35,7,4,1.1194150258058895,36.573030978519334
1696,2253,0.93,0.652,0.07145896529153484,0.3738806587794583,14,22,4,4,12,35,7,4,1.1357834300605023,35.03334721065964
1696,2254,0.954,0.637,0.050373428299177236,0.3535124883830646,14,22,4,4,13,35,7,4,1.1471203075527867,33.731626352961186
1696,2255,0.971,0.619,0.032993686968908253,0.33508175860213174,14,22,4,4,14,35,7,4,1.1515216020552979,32.516986163750666
1696,2256,0.984,0.667,0.01965012606872396,0.3195969178173639,14,22,4,4,15,35,7,4,1.188757754969447,34.131206901273316
1696,2257,0.992,0.714,0.010289578095360352,0.3078127441353953,14,22,4,4,16,35,7,4,1.222235656491824,35.74475693800817
1696,2258,0.997,0.762,0.004492705828736732,0.29993635658805307,14,22,4,4,17,35,7,4,1.25485178407651,37.39042196570354
1696,2259,0.999,0.81,0.0015065503525156787,0.2955010729199121,14,22,4,4,18,35,7,4,1.2861185792919718,39.03551289874689
1696,2260,1,0.858,3.2718265649611666e-4,0.29354046751814067,14,22,4,4,19,35,7,4,1.317635761506191,40.62959351305883
1696,2261,1,0.905,2.9966012787041585e-5,0.2929690189148809,14,22,4,4,20,35,7,4,1.348712348872064,42.14509520315724
1696,2262,1,0.953,3.1208901851709214e-7,0.29289466033527123,14,22,4,4,21,35,7,4,1.3813793830805496,43.62141221053497
1696,2263,1,1,0,0.2928932188134524,14,22,4,4,22,35,7,4,1.4142135623730951,45
1696,2282,1,1,0,0.2928932188134524,14,22,4,4,10,14,10,4,1.4142135623730951,45
1696,2283,1,1,0,0.2928932188134524,14,22,4,4,11,14,10,4,1.4142135623730951,45
1696,2284,1,1,1.1102230246251565e-16,0.29289321881345254,14,22,4,4,12,14,10,4,1.4142135623730951,45
1696,2285,1,1,1.1102230246251565e-16,0.29289321881345254,14,22,4,4,13,14,10,4,1.4142135623730951,45
1696,2286,0.998,0.917,9.206562794070727e-4,0.2946914667263174,14,22,4,4,10,15,10,4,1.355320257356172,42.57796688844134
1696,2287,0.998,0.91,0.0010791736369755167,0.29559167987810786,14,22,4,4,11,15,10,4,1.3505939434189687,42.359298733468776
1696,2288,0.997,0.9,0.001261343368882506,0.29720982508241,14,22,4,4,12,15,10,4,1.3431340216076726,42.072823170724625
1696,2289,0.995,0.889,0.0014662460014351897,0.3002243204991101,14,22,4,4,13,15,10,4,1.3342960690941124,41.779747207428215
1696,2290,0.988,0.876,0.001670539233432411,0.30484541756778327,14,22,4,4,14,15,10,4,1.3204241742712832,41.56146921167081
1696,2291,0.975,0.833,0.01833538801973622,0.31589008049082956,14,22,4,4,10,16,10,4,1.2823860573165946,40.509218279140896
1696,2292,0.967,0.819,0.021135870438385385,0.32210483680530844,14,22,4,4,11,16,10,4,1.2672213697693073,40.26290871493276
1696,2293,0.954,0.8,0.0243919941872347,0.33045785522279414,14,22,4,4,12,16,10,4,1.2450365456483596,39.98233661385349
1696,2294,0.932,0.778,0.02836628573641975,0.3413710397036659,14,22,4,4,13,16,10,4,1.214046127624482,39.85391175112874
1696,2295,0.888,0.75,0.03281147959544861,0.3524364309075063,14,22,4,4,14,16,10,4,1.1623441831058474,40.18425546260554
1696,2296,0.817,0.876,0.03193068417071787,0.35280644652639404,14,22,4,4,15,16,10,4,1.1978585058344746,46.99591464366616
1696,2297,0.895,0.75,0.08978486135459274,0.3742588813437292,14,22,4,4,10,17,10,4,1.1677007322083857,39.962631497968516
1696,2298,0.868,0.728,0.10251231727868071,0.3890433731861874,14,22,4,4,11,17,10,4,1.132875986152059,39.98688624496419
1696,2299,0.83,0.7,0.1173505571416017,0.4067324076293708,14,22,4,4,12,17,10,4,1.0857716150277643,40.14339606605682
1696,2300,0.77,0.667,0.13401519291648878,0.4258825349995409,14,22,4,4,13,17,10,4,1.0187192940157754,40.90021582515213
1696,2301,0.678,0.625,0.15138217268786913,0.44085139108076954,14,22,4,4,14,17,10,4,0.9221220092807676,42.670757281185686
1696,2302,0.597,0.75,0.1525771197676139,0.4418486058162303,14,22,4,4,15,17,10,4,0.9585974128903123,51.48021047869178
1696,2303,0.553,0.875,0.11133195977189037,0.4150113715176521,14,22,4,4,16,17,10,4,1.0351009612593354,57.70711350131659
1696,2304,0.75,0.667,0.2348380126604439,0.47215160920368127,14,22,4,4,10,18,10,4,1.0036877004327591,41.64776135667686
1696,2305,0.698,0.637,0.264269515042709,0.49603015003100737,14,22,4,4,11,18,10,4,0.9449724863719577,42.38381031460703
1696,2306,0.628,0.6,0.2970495200367309,0.5217872283928517,14,22,4,4,12,18,10,4,0.86855281934952,43.69380790608124
1696,2307,0.53,0.556,0.33296742395232404,0.5456553257522503,14,22,4,4,13,18,10,4,0.7681380084333805,46.371460172715544
1696,2308,0.437,0.5,0.36309517752477405,0.5600230182649554,14,22,4,4,14,18,10,4,0.6640549676043392,48.846541627536205
1696,2309,0.409,0.625,0.3522873700443411,0.5548761100229516,14,22,4,4,15,18,10,4,0.7469310543818619,56.79926440448878
1696,2310,0.422,0.75,0.29076792871188206,0.5219202505141205,14,22,4,4,16,18,10,4,0.8605719028646008,60.63499290875867
1696,2311,0.457,0.875,0.17683073246627135,0.4565641935461786,14,22,4,4,17,18,10,4,0.987154496520175,62.42257779671018
1696,2312,0.554,0.583,0.44131995793025636,0.6036762434978981,14,22,4,4,10,19,10,4,0.8042418790388872,46.46105315567801
1696,2313,0.479,0.546,0.49057379708018234,0.6360768529175562,14,22,4,4,11,19,10,4,0.7263311916749824,48.739867157207165
1696,2314,0.383,0.5,0.5438848577168396,0.6674769508326812,14,22,4,4,12,19,10,4,0.629832517420306,52.5478851940437
1696,2315,0.286,0.444,0.5965216472783352,0.6904051714738765,14,22,4,4,13,19,10,4,0.528140132919285,57.21262741281327
1696,2316,0.286,0.375,0.5983683459936127,0.6932424748967849,14,22,4,4,14,19,10,4,0.4716153093359035,52.668441517979275
1696,2317,0.322,0.5,0.5425025728733173,0.6666344222435228,14,22,4,4,15,19,10,4,0.5947133763419148,57.21846476281924
1696,2318,0.367,0.625,0.4441325255082379,0.6119623088645841,14,22,4,4,16,19,10,4,0.7247854855058841,59.57854416415304
1696,2319,0.416,0.75,0.31298415223449494,0.5366189271384116,14,22,4,4,17,19,10,4,0.8576456144585595,60.98432847444143
1696,2320,0.474,0.875,0.15138520322709825,0.44092960934562997,14,22,4,4,18,19,10,4,0.9951386838024135,61.55496196618642
1696,2321,0.333,0.5,0.6731900187957587,0.7465067267548919,14,22,4,4,10,20,10,4,0.6007403765354881,56.33638481725301
1696,2322,0.242,0.455,0.7340450045981861,0.7826912300682192,14,22,4,4,11,20,10,4,0.5153532768887765,61.99291171114009
1696,2323,0.154,0.4,0.7879829207668871,0.809301648780494,14,22,4,4,12,20,10,4,0.42862104474698864,68.94329440929522
1696,2324,0.189,0.333,0.7739622482603987,0.8110014850395745,14,22,4,4,13,20,10,4,0.38289685295128767,60.42216131873868
1696,2325,0.236,0.25,0.7008335919580257,0.7773832493499775,14,22,4,4,14,20,10,4,0.3437964514069335,46.650039395577885
1696,2326,0.295,0.375,0.5983076191209835,0.7151727950926441,14,22,4,4,15,20,10,4,0.47712681752339176,51.80905017961341
1696,2327,0.367,0.5,0.47226307014649593,0.6365176445775385,14,22,4,4,16,20,10,4,0.6202330207268878,53.72133094768745
1696,2328,0.452,0.625,0.32700913845773516,0.549572624373554,14,22,4,4,17,20,10,4,0.7713164071896824,54.125546071298366
1696,2329,0.546,0.75,0.1928579358389284,0.4673879346021005,14,22,4,4,18,20,10,4,0.9276939150387913,53.94538183353896
1696,2330,0.647,0.875,0.08509344706366595,0.39630675134162463,14,22,4,4,19,20,10,4,1.0882251605251554,53.51972028567041
1696,2331,0.108,0.417,0.8947112624222686,0.8904823483602061,14,22,4,4,10,21,10,4,0.430758633111398,75.47985098146297
1696,2332,0.066,0.364,0.9323976374164704,0.9218275146678815,14,22,4,4,11,21,10,4,0.36993512944839396,79.72285941858759
1696,2333,0.125,0.3,0.8654273006446858,0.9057969703598405,14,22,4,4,12,21,10,4,0.325,67.38013505195957
1696,2334,0.209,0.222,0.7665604689636047,0.845790314089698,14,22,4,4,13,21,10,4,0.304901623478787,46.72765516786403
1696,2335,0.303,0.125,0.6504693377275502,0.7675225735701704,14,22,4,4,14,21,10,4,0.32777126170547655,22.418167425738474
1696,2336,0.403,0.25,0.5203743967338663,0.6815537062229137,14,22,4,4,15,21,10,4,0.474245716902114,31.81328810917528
1696,2337,0.508,0.375,0.38477321394355524,0.5943312423569527,14,22,4,4,16,21,10,4,0.6314182449058627,36.43433470032939
1696,2338,0.615,0.5,0.2609945895891662,0.5134427506873211,14,22,4,4,17,21,10,4,0.7926064597263891,39.111391253954345
1696,2339,0.719,0.625,0.16002081742072938,0.4460026270101981,14,22,4,4,18,21,10,4,0.9526730813873141,40.99922090664189
1696,2340,0.817,0.75,0.07911686038330079,0.3896861037828653,14,22,4,4,19,21,10,4,1.1090486914468634,42.55170358652742
1696,2341,0.901,0.876,0.025009725205525912,0.3418292079291402,14,22,4,4,20,21,10,4,1.2566530945332526,44.1939786179848
1696,2342,0.118,0.333,0.880142464792487,0.9233489461110651,14,22,4,4,10,22,10,4,0.35328883367579,70.48799688872712
1696,2343,0.2,0.273,0.8015967552891528,0.8802955974414028,14,22,4,4,11,22,10,4,0.33842133502484745,53.77346763595098
1696,2344,0.298,0.2,0.702188930721609,0.8172905923238607,14,22,4,4,12,22,10,4,0.3588927416373867,33.86717910872587
1696,2345,0.398,0.111,0.5921788593469288,0.7440071186236823,14,22,4,4,13,22,10,4,0.4131888188225814,15.583492532184934
1696,2346,0.5,0,0.4763087088562701,0.6652860808923573,14,22,4,4,14,22,10,4,0.5,0
1696,2347,0.6,0.125,0.3613405695715911,0.5858447040028552,14,22,4,4,15,22,10,4,0.6128825336065631,11.768288932020646
1696,2348,0.697,0.25,0.25650549490163965,0.5110597670756066,14,22,4,4,16,22,10,4,0.7404788990916621,19.731897837192314
1696,2349,0.787,0.375,0.16832099012568347,0.44594713247600504,14,22,4,4,17,22,10,4,0.8717763474653347,25.477473329946726
1696,2350,0.867,0.5,0.09664839714500262,0.39234071695785644,14,22,4,4,18,22,10,4,1.0008441437106979,29.972103422676636
1696,2351,0.932,0.625,0.04410264870024905,0.34842588655903695,14,22,4,4,19,22,10,4,1.122162644183097,33.845839157667214
1696,2352,0.976,0.75,0.01154314512490151,0.315541267652391,14,22,4,4,20,22,10,4,1.2308842350115627,37.54021092380127
1696,2353,0.997,0.876,9.255271913058971e-4,0.29778341192606506,14,22,4,4,21,22,10,4,1.3271718050049135,41.30370056021088
1696,2354,0.288,0.384,0.6870989154317827,0.7914365943268249,14,22,4,4,10,23,10,4,0.48,53.13010235415599
1696,2355,0.379,0.333,0.6041646308229078,0.7425861339399282,14,22,4,4,11,23,10,4,0.5045096629401661,41.303443847571685
1696,2356,0.473,0.273,0.5122137323830012,0.684430120444196,14,22,4,4,12,23,10,4,0.5461300211488104,29.992124779489266
1696,2357,0.567,0.2,0.4168481498373896,0.6202901830424357,14,22,4,4,13,23,10,4,0.6012395529237909,19.42946267597344
1696,2358,0.657,0.111,0.32323043416238173,0.5539348470737832,14,22,4,4,14,23,10,4,0.6663107383195922,9.589551709148246
1696,2359,0.741,0.222,0.23691925666206903,0.4896209727273184,14,22,4,4,15,23,10,4,0.7735405613153069,16.67796051301381
1696,2360,0.819,0.333,0.16208186121725854,0.4314952567301443,14,22,4,4,16,23,10,4,0.8841097216974825,22.12633480937329
1696,2361,0.885,0.444,0.10035312837973587,0.38254600512859804,14,22,4,4,17,23,10,4,0.9901318094072122,26.642687687168674
1696,2362,0.938,0.556,0.05327638011451641,0.34378995044628324,14,22,4,4,18,23,10,4,1.0904035950050788,30.657364909802816
1696,2363,0.974,0.667,0.020797653342450872,0.3154963717844337,14,22,4,4,19,23,10,4,1.180493540854841,34.40353541966217
1696,2364,0.994,0.778,0.004430167045753053,0.2989620369263044,14,22,4,4,20,23,10,4,1.2622678004290533,38.050150858167804
1696,2365,1,0.889,2.3815907991231455e-4,0.2932700571292527,14,22,4,4,21,23,10,4,1.3380287739805896,41.63709543013025
1696,2366,1,1,0,0.2928932188134524,14,22,4,4,22,23,10,4,1.4142135623730951,45
1696,2367,0.437,0.428,0.5177384765640456,0.6767162305581367,14,22,4,4,10,24,10,4,0.6116804721421144,44.40388045207502
1696,2368,0.524,0.385,0.4416969835768032,0.6302207613586561,14,22,4,4,11,24,10,4,0.6502314972377146,36.30594632784387
1696,2369,0.609,0.333,0.3635336418125876,0.5788465480904745,14,22,4,4,12,24,10,4,0.6940965350727519,28.669751586345228
1696,2370,0.691,0.273,0.28715958726915014,0.5250200598046314,14,22,4,4,13,24,10,4,0.7429737545835653,21.557964749972097
1696,2371,0.766,0.2,0.21610549097491927,0.47171110176064635,14,22,4,4,14,24,10,4,0.7916792279705209,14.633052919155658
1696,2372,0.833,0.3,0.15322268052864485,0.4221233803512181,14,22,4,4,15,24,10,4,0.8853750617676104,19.80618293635734
1696,2373,0.891,0.4,0.10060122820829154,0.37909800840699026,14,22,4,4,16,24,10,4,0.9766683162670938,24.176922744413677
1696,2374,0.937,0.5,0.05910635490666594,0.344489887603071,14,22,4,4,17,24,10,4,1.062058849593562,28.085180545063853
1696,2375,0.97,0.6,0.02851669483451935,0.31893794763152783,14,22,4,4,18,24,10,4,1.1405700329221349,31.739140795815157
1696,2376,0.99,0.7,0.009514623113074938,0.30250474513464276,14,22,4,4,19,24,10,4,1.2124768039018314,35.26301172959725
1696,2377,0.998,0.8,0.0017248746167990436,0.2947605346595952,14,22,4,4,20,24,10,4,1.2790637200702708,38.71577480968507
1696,2378,1,0.9,5.481890254710464e-5,0.2929524132424244,14,22,4,4,21,24,10,4,1.3453624047073711,41.98721249581666
1696,2379,1,1,0,0.2928932188134524,14,22,4,4,22,24,10,4,1.4142135623730951,45
1696,2381,0.56,0.466,0.38688503468492896,0.5906370642214851,14,22,4,4,10,25,10,4,0.7285300268348588,39.765292870771546
1696,2382,0.638,0.428,0.32224402719901746,0.5490288676021282,14,22,4,4,11,25,10,4,0.7682629758097158,33.855542241392534
1696,2383,0.712,0.385,0.2590185421862672,0.5051755542353868,14,22,4,4,12,25,10,4,0.8094251046267343,28.401434381302675
1696,2384,0.78,0.333,0.19972501705117818,0.46100999072456417,14,22,4,4,13,25,10,4,0.8481090731739639,23.118754365345705
1696,2385,0.841,0.273,0.146517590403064,0.41879496238895786,14,22,4,4,14,25,10,4,0.8842002035738286,17.98413296563451
1696,2386,0.893,0.364,0.10109563529715959,0.38083182429942597,14,22,4,4,15,25,10,4,0.9643365595060679,22.176535361280223
1696,2387,0.934,0.455,0.06407613373186483,0.3490271616099625,14,22,4,4,16,25,10,4,1.0389326253419902,25.973122728611262
1696,2388,0.965,0.546,0.03548682966995309,0.32450592492554997,14,22,4,4,17,25,10,4,1.1087565106911437,29.501316412004517
1696,2389,0.985,0.637,0.015536310456458313,0.3074974566463625,14,22,4,4,18,25,10,4,1.1730277064076535,32.89076941887178
1696,2390,0.996,0.728,0.004705615625938631,0.29760985746118696,14,22,4,4,19,25,10,4,1.2336936410632908,36.16395424561979
1696,2391,0.999,0.819,7.319997730292904e-4,0.2936332128524275,14,22,4,4,20,25,10,4,1.2918057129460296,39.3455791773593
1696,2392,1,0.91,1.4266164241827362e-5,0.2929092822243694,14,22,4,4,21,25,10,4,1.3520724832641184,42.3021943666837
1696,2393,1,1,0,0.2928932188134524,14,22,4,4,22,25,10,4,1.4142135623730951,45
1696,2396,0.658,0.5,0.29331291175417307,0.5294074112861279,14,22,4,4,10,26,10,4,0.8264163599542304,37.230418121890686
1696,2397,0.726,0.466,0.23993638044158117,0.49305784784994344,14,22,4,4,11,26,10,4,0.8626888199113282,32.695321152836975
1696,2398,0.789,0.428,0.18943889505049882,0.45593876602069294,14,22,4,4,12,26,10,4,0.8976107174048225,28.478007668661775
1696,2399,0.844,0.384,0.1435010926155481,0.4195868095099008,14,22,4,4,13,26,10,4,0.9272496966836926,24.464410252418958
1696,2400,0.892,0.333,0.10335101848791883,0.38572643505762705,14,22,4,4,14,26,10,4,0.9521307683296449,20.47152784337346
1696,2401,0.931,0.417,0.06959218989174498,0.35603769098413374,14,22,4,4,15,26,10,4,1.020122541658599,24.127868987659163
1696,2402,0.96,0.5,0.042511907119963444,0.3318387767477944,14,22,4,4,16,26,10,4,1.0824047302187847,27.512002623851455
1696,2403,0.98,0.583,0.022189734481207313,0.31381384384785327,14,22,4,4,17,26,10,4,1.1403021529401758,30.748327484426184
1696,2404,0.992,0.667,0.00906996985119013,0.30192495250311935,14,22,4,4,18,26,10,4,1.1953882214577822,33.91605898783147
1696,2405,0.998,0.75,0.002523725939127308,0.29553308666775335,14,22,4,4,19,26,10,4,1.2484005767380917,36.92497207250216
1696,2406,1,0.833,3.3576356136488794e-4,0.2932482921148496,14,22,4,4,20,26,10,4,1.3014949097096,39.79429794346564
1696,2407,1,0.917,4.218698591240688e-6,0.2928991887915511,14,22,4,4,21,26,10,4,1.3567936468011634,42.52082345847564
1696,2408,1,1,1.1102230246251565e-16,0.29289321881345254,14,22,4,4,22,26,10,4,1.4142135623730951,45
1696,2412,0.736,0.529,0.22786721397635945,0.4859469181192372,14,22,4,4,10,27,10,4,0.9063867827809494,35.70669140060289
1696,2413,0.794,0.5,0.18389661411658687,0.4541934265930372,14,22,4,4,11,27,10,4,0.9383155119681227,32.19956156377517
1696,2414,0.846,0.467,0.1432588345287369,0.4224668154437071,14,22,4,4,12,27,10,4,0.9663358629379332,28.899112868897735
1696,2415,0.89,0.429,0.10695003439329465,0.3920114291322718,14,22,4,4,13,27,10,4,0.98799848178021,25.73511151667786
1696,2416,0.927,0.385,0.07557450067841387,0.3641839716576377,14,22,4,4,14,27,10,4,1.0037698939498036,22.55400271230215
1696,2417,0.955,0.461,0.04957288241085234,0.3402664223300773,14,22,4,4,15,27,10,4,1.060446132531021,25.767649807140653
1696,2418,0.976,0.539,0.029066266902218807,0.32121768974075326,14,22,4,4,16,27,10,4,1.1149425994193602,28.909855072950265
1696,2419,0.989,0.616,0.014357956014146578,0.3074600224112616,14,22,4,4,17,27,10,4,1.1651510631673474,31.916770810418985
1696,2420,0.996,0.692,0.005508717244100181,0.2987966615097323,14,22,4,4,18,27,10,4,1.2127984168855104,34.79076592393926
1696,2421,0.999,0.769,0.0013938703692710774,0.29446470558112803,14,22,4,4,19,27,10,4,1.2606990124530122,37.58798896461457
1696,2422,1,0.847,1.511557639372052e-4,0.29307680054876206,14,22,4,4,20,27,10,4,1.3104995230827061,40.26459927013793
1696,2423,1,0.923,1.2542035292550935e-6,0.29289570773040774,14,22,4,4,21,27,10,4,1.3608559806239602,42.707010169212275
1696,2424,1,1,1.1102230246251565e-16,0.29289321881345254,14,22,4,4,22,27,10,4,1.4142135623730951,45
1696,2429,0.797,0.556,0.18101258981274526,0.45390848776065695,14,22,4,4,10,28,10,4,0.9717741507161014,34.900246561755665
1696,2430,0.845,0.529,0.14436455530610093,0.42589465341605104,14,22,4,4,11,28,10,4,0.9969282822751092,32.048027586874845
1696,2431,0.887,0.5,0.11097419555114307,0.39836136649873943,14,22,4,4,12,28,10,4,1.0182185423571897,29.40986289348491
1696,2432,0.922,0.467,0.08145722380224751,0.3723513447929344,14,22,4,4,13,28,10,4,1.0335245521998981,26.86256012336634
1696,2433,0.95,0.429,0.056310124649861515,0.34897731565072687,14,22,4,4,14,28,10,4,1.0423727740112938,24.302933297426513
1696,2434,0.971,0.5,0.0357400600625547,0.32926263824721547,14,22,4,4,15,28,10,4,1.0921726054063066,27.245435903922026
1696,2435,0.985,0.572,0.020009323960479053,0.3139316118767621,14,22,4,4,16,28,10,4,1.1390386297224515,30.144192036338143
1696,2436,0.994,0.643,0.009362357198997473,0.30322480279595865,14,22,4,4,17,28,10,4,1.1838433173355332,32.898072286066544
1696,2437,0.998,0.714,0.003331122810313669,0.2968159261889801,14,22,4,4,18,28,10,4,1.227110426978762,35.581100125088206
1696,2438,1,0.786,7.591969529208153e-4,0.2938466774050429,14,22,4,4,19,28,10,4,1.2719260984821406,38.1673468344621
1696,2439,1,0.857,6.575161173094646e-5,0.2929916819585576,14,22,4,4,20,28,10,4,1.3169848138835922,40.59657583596283
1696,2440,1,0.929,3.8670498625492655e-7,0.29289435446244394,14,22,4,4,21,28,10,4,1.3649325990685401,42.8920866639288
1696,2441,1,1,0,0.2928932188134524,14,22,4,4,22,28,10,4,1.4142135623730951,45
1696,2447,0.844,0.579,0.14592418572831845,0.4291168152845358,14,22,4,4,10,29,10,4,1.0235120907932647,34.450861074349206
1696,2448,0.884,0.556,0.11488916917552194,0.4041373582443737,14,22,4,4,11,29,10,4,1.0443141289861015,32.16822095746992
1696,2449,0.917,0.529,0.08693627191935094,0.3799335018225314,14,22,4,4,12,29,10,4,1.05864536082675,29.979836310678515
1696,2450,0.945,0.5,0.062557528009346,0.3574091784262178,14,22,4,4,13,29,10,4,1.0691234727570058,27.883340620448212
1696,2451,0.966,0.467,0.042047827603846955,0.33750775933993504,14,22,4,4,14,29,10,4,1.0729608566951545,25.800834330202953
1696,2452,0.981,0.533,0.025678910666763533,0.32106637859683995,14,22,4,4,15,29,10,4,1.1164452516805292,28.516256953736814
1696,2453,0.991,0.6,0.013724850358755036,0.30862600975292687,14,22,4,4,16,29,10,4,1.1584821966694179,31.192768790926145
1696,2454,0.996,0.667,0.006052078728856047,0.300263724074446,14,22,4,4,17,29,10,4,1.198709722993853,33.80937832428409
1696,2455,0.999,0.733,0.001992231744837203,0.29552300121013964,14,22,4,4,18,29,10,4,1.2390681982845013,36.26875333399602
1696,2456,1,0.8,4.057994589116154e-4,0.2934837783730987,14,22,4,4,19,29,10,4,1.2806248474865698,38.659808254090095
1696,2457,1,0.867,2.880396139348651e-5,0.29294857092562876,14,22,4,4,20,29,10,4,1.323513883569039,40.92528797789907
1696,2458,1,0.934,1.2680413674637236e-7,0.29289378654391063,14,22,4,4,21,29,10,4,1.3683406008739198,43.045473375173806
1696,2459,1,1,1.1102230246251565e-16,0.29289321881345254,14,22,4,4,22,29,10,4,1.4142135623730951,45
1696,2466,0.88,0.6,0.11833505359621177,0.40902539756583667,14,22,4,4,10,30,10,4,1.0650821564555477,34.28687697720896
1696,2467,0.913,0.579,0.09178111427355529,0.38657707265426755,14,22,4,4,11,30,10,4,1.081115165003248,32.38176932505582
1696,2468,0.94,0.556,0.0681578031724579,0.365129525690413,14,22,4,4,12,30,10,4,1.0921245350233644,30.603863152831007
1696,2469,0.961,0.529,0.04783416173326793,0.3454850780127491,14,22,4,4,13,30,10,4,1.0969785777306682,28.83138809551951
1696,2470,0.976,0.5,0.03110256464241945,0.32845511301237396,14,22,4,4,14,30,10,4,1.0966202624427475,27.12584024629924
1696,2471,0.987,0.563,0.018237294396789894,0.3147188352123169,14,22,4,4,15,30,10,4,1.136282535287769,29.701101100617045
1696,2472,0.994,0.625,0.009280956544572838,0.30464589484190496,14,22,4,4,16,30,10,4,1.1741639578866319,32.16055782059448
1696,2473,0.998,0.688,0.0038433191786160226,0.298151348325586,14,22,4,4,17,30,10,4,1.2121666552087629,34.58155461812813
1696,2474,0.999,0.75,0.0011745036013378618,0.2946655650607658,14,22,4,4,18,30,10,4,1.2492001440922107,36.89741723042958
1696,2475,1,0.813,2.1135313219111662e-4,0.2932651093690517,14,22,4,4,19,30,10,4,1.2887858627405873,39.111110804715416
1696,2476,1,0.875,1.259162078526277e-5,0.29292541787121074,14,22,4,4,20,30,10,4,1.3287682265918312,41.18592516570965
1696,2477,1,0.938,4.3010494499284846e-8,0.29289351933863017,14,22,4,4,21,30,10,4,1.3710740315533658,43.16763304046667
1696,2478,1,1,1.1102230246251565e-16,0.29289321881345254,14,22,4,4,22,30,10,4,1.4142135623730951,45
1696,2486,0.908,0.619,0.09583507513018974,0.3921176615454053,14,22,4,4,10,31,10,4,1.0989199242892997,34.28296078983165
1696,2487,0.934,0.6,0.07299619354163245,0.3718741832434602,14,22,4,4,11,31,10,4,1.1101153093260179,32.71661971955327
1696,2488,0.956,0.579,0.05298795168703441,0.3528251704001034,14,22,4,4,12,31,10,4,1.117665871358699,31.20113219508484
1696,2489,0.972,0.556,0.0361187899933858,0.335686962870375,14,22,4,4,13,31,10,4,1.1197856937825201,29.77026710809149
1696,2490,0.984,0.53,0.022664801915931787,0.32114936488564094,14,22,4,4,14,31,10,4,1.1176564767405055,28.30769986723442
1696,2491,0.991,0.588,0.012751903655963903,0.3097364709105569,14,22,4,4,15,31,10,4,1.152312891535975,30.682353716030953
1696,2492,0.996,0.647,0.0061686284041395645,0.3016467839710446,14,22,4,4,16,31,10,4,1.1876973520219702,33.007688591978855
1696,2493,0.999,0.706,0.0024052662510405387,0.296646884255923,14,22,4,4,17,31,10,4,1.2232894179220222,35.249105081031196
1696,2494,1,0.765,6.82721130030095e-4,0.2940974334405214,14,22,4,4,18,31,10,4,1.2590571869458511,37.41598861857788
1696,2495,1,0.824,1.0902808427581956e-4,0.2931321146596727,14,22,4,4,19,31,10,4,1.2957530628943155,39.48852258397938
1696,2496,1,0.883,5.593619774257874e-6,0.292912635067065,14,22,4,4,20,31,10,4,1.3340498491435768,41.4445038973404
1696,2497,1,0.941,1.5430053124099175e-8,0.29289338723019065,14,22,4,4,21,31,10,4,1.3731281804696893,43.25893331542532
1696,2498,1,1,0,0.2928932188134524,14,22,4,4,22,31,10,4,1.4142135623730951,45
1696,2507,0.929,0.637,0.07705858398963417,0.37756790576259713,14,22,4,4,10,32,10,4,1.126414666097703,34.43779072755339
1696,2508,0.95,0.619,0.057485275856534845,0.35933293104078123,14,22,4,4,11,32,10,4,1.1338699219928183,33.08741888054593
1696,2509,0.967,0.6,0.040662886273639676,0.3424611100918026,14,22,4,4,12,32,10,4,1.1380197713572466,31.818596213046607
1696,2510,0.98,0.579,0.02687206564978617,0.327581538441693,14,22,4,4,13,32,10,4,1.1382622720621112,30.57528725826804
1696,2511,0.989,0.556,0.016284067473688935,0.31525757517407704,14,22,4,4,14,32,10,4,1.1345734881443335,29.34399903481825
1696,2512,0.994,0.611,0.00878711572410873,0.30585547907491073,14,22,4,4,15,32,10,4,1.1667720428601296,31.578548738572085
1696,2513,0.998,0.667,0.004045727465329496,0.29941393291258556,14,22,4,4,16,32,10,4,1.2003720256653767,33.75625947840964
1696,2514,0.999,0.722,0.0014949348097479387,0.29558750863522265,14,22,4,4,17,32,10,4,1.232592795695318,35.85649474019722
1696,2515,1,0.778,3.9327156266766305e-4,0.2937224168686037,14,22,4,4,18,32,10,4,1.266998026833507,37.88291605856699
1696,2516,1,0.834,5.673099200753651e-5,0.29305034547262454,14,22,4,4,19,32,10,4,1.3021351696348578,39.82810630428432
1696,2517,1,0.889,2.5605697022701435e-6,0.29290535367471937,14,22,4,4,20,32,10,4,1.3380287739805896,41.63709543013025
1696,2518,1,0.945,5.914044587385092e-9,0.29289331805455887,14,22,4,4,21,32,10,4,1.3758724504836921,43.38024250274473
1696,2519,1,1,0,0.2928932188134524,14,22,4,4,22,32,10,4,1.4142135623730951,45
1696,2529,0.945,0.652,0.06127981051917686,0.3648930963897593,14,22,4,4,10,33,10,4,1.148097992333407,34.60362176280051
1696,2530,0.963,0.637,0.04466010966009415,0.34854715179629836,14,22,4,4,11,33,10,4,1.1546159534667793,33.4836219402446
1696,2531,0.976,0.619,0.030739699683962174,0.3336995041626295,14,22,4,4,12,33,10,4,1.1557408879156261,32.38374110593433
1696,2532,0.985,0.6,0.019708930735164,0.32088280505778666,14,22,4,4,13,33,10,4,1.1533538052133006,31.347142643213196
1696,2533,0.992,0.579,0.011528480529078067,0.310528104226802,14,22,4,4,14,33,10,4,1.1486100295574646,30.27079970744428
1696,2534,0.996,0.632,0.005973212144682494,0.30285079458704023,14,22,4,4,15,33,10,4,1.1795931502005257,32.39668546741921
1696,2535,0.998,0.684,0.002629247753826225,0.29775805712962833,14,22,4,4,16,33,10,4,1.2099008223817356,34.42559879461285
1696,2536,0.999,0.737,9.226769765456888e-4,0.29483935718406473,14,22,4,4,17,33,10,4,1.241438681530425,36.41759623176875
1696,2537,1,0.79,2.2517419921119775e-4,0.2934712891599548,14,22,4,4,18,33,10,4,1.2744018204632321,38.30873556744772
1696,2538,1,0.843,2.9652786045608615e-5,0.29299857967910437,14,22,4,4,19,33,10,4,1.3079178108734508,40.1308887134993
1696,2539,1,0.895,1.2016048859253559e-6,0.292901010441439,14,22,4,4,20,33,10,4,1.3420227270802831,41.82854278370222
1696,2540,1,0.948,2.381042252252996e-9,0.29289327942263466,14,22,4,4,21,33,10,4,1.3779346864057092,43.470907000688804
1696,2541,1,1,0,0.2928932188134524,14,22,4,4,22,33,10,4,1.4142135623730951,45
1696,2552,0.958,0.667,0.04808971896052061,0.35384042513208636,14,22,4,4,10,34,10,4,1.1673272891524467,34.84726311569354
1696,2553,0.972,0.652,0.03420985869671145,0.3392973834715878,14,22,4,4,11,34,10,4,1.1704221460652562,33.8529934740781
1696,2554,0.982,0.636,0.022931010978692323,0.32634100864449567,14,22,4,4,12,34,10,4,1.169965811466301,32.9294285608562
1696,2555,0.989,0.619,0.014267743825729595,0.31539931238404584,14,22,4,4,13,34,10,4,1.1667399024632696,32.04182096610307
1696,2556,0.994,0.6,0.008068013104689964,0.30677353999731927,14,22,4,4,14,34,10,4,1.1610495252141486,31.116093548476528
1696,2557,0.997,0.65,0.004024787833958765,0.30054866847002604,14,22,4,4,15,34,10,4,1.1901718363328886,33.102576044539276
1696,2558,0.999,0.7,0.0017023795074629922,0.2965387436404894,14,22,4,4,16,34,10,4,1.219836464449231,35.01895575443812
1696,2559,1,0.75,5.672783924252078e-4,0.2943116545938971,14,22,4,4,17,34,10,4,1.25,36.86989764584402
1696,2560,1,0.8,1.2921490539619107e-4,0.29330205602167847,14,22,4,4,18,34,10,4,1.2806248474865698,38.659808254090095
1696,2561,1,0.85,1.5743872805562553e-5,0.2929653311157753,14,22,4,4,19,34,10,4,1.3124404748406686,40.36453657309736
1696,2562,1,0.9,5.819101501769453e-7,0.2928983612163545,14,22,4,4,20,34,10,4,1.3453624047073711,41.98721249581666
1696,2563,1,0.95,1.0171353759247381e-9,0.2928932571873841,14,22,4,4,21,34,10,4,1.379311422413372,43.53119928561418
1696,2564,1,1,1.1102230246251565e-16,0.29289321881345254,14,22,4,4,22,34,10,4,1.4142135623730951,45
1696,2576,0.967,0.68,0.03727747695059658,0.3442818884018205,14,22,4,4,10,35,10,4,1.1821543892402548,35.11510865541613
1696,2577,0.978,0.667,0.025910111930970814,0.331451728680654,14,22,4,4,11,35,10,4,1.183796012833292,34.29414778450639
1696,2578,0.987,0.652,0.016926905777207124,0.32024091450282444,14,22,4,4,12,35,10,4,1.182908703155066,33.44825793440478
1696,2579,0.992,0.637,0.010235540009799204,0.31097243488767923,14,22,4,4,13,35,10,4,1.1789117863521426,32.706025021125384
1696,2580,0.996,0.619,0.005607030917937017,0.303831684166752,14,22,4,4,14,35,10,4,1.1726794105807434,31.860370245882038
1696,2581,0.998,0.667,0.0027059631795128825,0.2988030810262243,14,22,4,4,15,35,10,4,1.2003720256653767,33.75625947840964
1696,2582,0.999,0.714,0.0011024753868600357,0.29564611375114935,14,22,4,4,16,35,10,4,1.227923857574239,35.553950378731706
1696,2583,1,0.762,3.4923529439734313e-4,0.2939393425628274,14,22,4,4,17,35,10,4,1.2572366523451342,37.30740066286194
1696,2584,1,0.81,7.508109501508375e-5,0.29318716907161135,14,22,4,4,18,35,10,4,1.2868954891520912,39.007472552121044
1696,2585,1,0.858,8.525043043938751e-6,0.2929436531106864,14,22,4,4,19,35,10,4,1.317635761506191,40.62959351305883
1696,2586,1,0.905,2.908993288475159e-7,0.2928967071272679,14,22,4,4,20,35,10,4,1.348712348872064,42.14509520315724
1696,2587,1,0.953,4.586317992050226e-10,0.2928932439574208,14,22,4,4,21,35,10,4,1.3813793830805496,43.62141221053497
1696,2588,1,1,0,0.2928932188134524,14,22,4,4,22,35,10,4,1.4142135623730951,45
1696,2607,1,1,0,0.2928932188134524,14,22,4,4,10,14,1,7,1.4142135623730951,45
1696,2608,1,1,0,0.2928932188134524,14,22,4,4,11,14,1,7,1.4142135623730951,45
1696,2609,1,1,1.1102230246251565e-16,0.29289321881345254,14,22,4,4,12,14,1,7,1.4142135623730951,45
1696,2610,1,1,1.1102230246251565e-16,0.29289321881345254,14,22,4,4,13,14,1,7,1.4142135623730951,45
1696,2611,1,0.917,6.846352922251775e-6,0.29290206616525516,14,22,4,4,10,15,1,7,1.3567936468011634,42.52082345847564
1696,2612,1,0.91,1.6328501088014313e-5,0.2929111442399147,14,22,4,4,11,15,1,7,1.3520724832641184,42.3021943666837
1696,2613,1,0.9,4.706530427256439e-5,0.2929419167634292,14,22,4,4,12,15,1,7,1.3453624047073711,41.98721249581666
1696,2614,1,0.889,1.6718453744080097e-4,0.29311543769022363,14,22,4,4,13,15,1,7,1.3380287739805896,41.63709543013025
1696,2615,0.997,0.876,5.923233024993646e-4,0.2953206918554685,14,22,4,4,14,15,1,7,1.3271718050049135,41.30370056021088
1696,2616,1,0.833,3.2095293427736316e-4,0.29325621220354525,14,22,4,4,10,16,1,7,1.3014949097096,39.79429794346564
1696,2617,1,0.819,6.190658161217e-4,0.29352162298122986,14,22,4,4,11,16,1,7,1.2925792045364184,39.31747620953449
1696,2618,0.999,0.8,0.0013814915462649902,0.29421925599618015,14,22,4,4,12,16,1,7,1.2798441311347253,38.687774465176346
1696,2619,0.995,0.778,0.003340260430337083,0.2965983812516165,14,22,4,4,13,16,1,7,1.2630554223786066,38.02219142676163
1696,2620,0.982,0.75,0.007746284769732492,0.30623249993383916,14,22,4,4,14,16,1,7,1.2356471988395392,37.37068969901024
1696,2621,0.914,0.876,0.016969771083705232,0.3289884285405922,14,22,4,4,15,16,1,7,1.2660063190995532,43.78384768947045
1696,2622,0.999,0.75,0.0022629781323579845,0.2953257065884346,14,22,4,4,10,17,1,7,1.2492001440922107,36.89741723042958
1696,2623,0.997,0.728,0.003821589183378049,0.2966921127996228,14,22,4,4,11,17,1,7,1.2345011138107571,36.13656656744555
1696,2624,0.994,0.7,0.0071309100503088585,0.2997482612872614,14,22,4,4,12,17,1,7,1.2157450390604108,35.15417763214743
1696,2625,0.984,0.667,0.014450977001772114,0.3075124361116889,14,22,4,4,13,17,1,7,1.188757754969447,34.131206901273316
1696,2626,0.954,0.625,0.029020875535097357,0.3271035535417999,14,22,4,4,14,17,1,7,1.140500328803109,33.23026204596421
1696,2627,0.859,0.75,0.05892688145988445,0.3668865413522099,14,22,4,4,15,17,1,7,1.1403424924118193,41.124479459710656
1696,2628,0.679,0.875,0.07956619244357133,0.38999757225459175,14,22,4,4,16,17,1,7,1.107549547424403,52.18853714273665
1696,2629,0.996,0.667,0.007605216120143754,0.3011039183310853,14,22,4,4,10,18,1,7,1.198709722993853,33.80937832428409
1696,2630,0.992,0.637,0.011903998510074953,0.3048211441754295,14,22,4,4,11,18,1,7,1.1789117863521426,32.706025021125384
1696,2631,0.983,0.6,0.02051782327954299,0.3122332582618996,14,22,4,4,12,18,1,7,1.1516462130359306,31.398905984371073
1696,2632,0.963,0.556,0.037475264843541134,0.3277599493600766,14,22,4,4,13,18,1,7,1.1119824638905058,30.000521673116427
1696,2633,0.916,0.5,0.06671710805396514,0.3585459560971035,14,22,4,4,14,18,1,7,1.043578458957447,28.627986670469927
1696,2634,0.799,0.625,0.12189707878713019,0.41410601980425854,14,22,4,4,15,18,1,7,1.0144091876555534,38.03350520273004
1696,2635,0.611,0.75,0.17934939819825524,0.4580944436819123,14,22,4,4,16,18,1,7,0.9673784161330042,50.83144375513113
1696,2636,0.488,0.875,0.1544071388663132,0.4426845276385821,14,22,4,4,17,18,1,7,1.0018827276682636,60.85096765372523
1696,2637,0.99,0.583,0.01805719360035829,0.3121414119507344,14,22,4,4,10,19,1,7,1.1489077421620937,30.493358402475668
1696,2638,0.982,0.546,0.026917598637591134,0.31939680798177694,14,22,4,4,11,19,1,7,1.123583552745411,29.07441591692969
1696,2639,0.966,0.5,0.0433507006344509,0.33266625191849075,14,22,4,4,12,19,1,7,1.0877297458468256,27.366009073418645
1696,2640,0.935,0.444,0.07217511335772575,0.3570319654961557,14,22,4,4,13,19,1,7,1.0350656983979327,25.40146802394042
1696,2641,0.871,0.375,0.11770798300914498,0.39915737720083366,14,22,4,4,14,19,1,7,0.9482963671764223,23.2937924966738
1696,2642,0.737,0.5,0.19786731416212222,0.4691395863970431,14,22,4,4,15,19,1,7,0.890600359308259,34.15399082460588
1696,2643,0.546,0.625,0.28726795877333366,0.5289855571582434,14,22,4,4,16,19,1,7,0.82990421134008,48.859537356668596
1696,2644,0.435,0.75,0.3009630156073656,0.531645956983221,14,22,4,4,17,19,1,7,0.8670207609971056,59.88626684901757
1696,2645,0.457,0.875,0.1798508338224688,0.4583646271858499,14,22,4,4,18,19,1,7,0.987154496520175,62.42257779671018
1696,2646,0.98,0.5,0.034679007820170527,0.32891246291179577,14,22,4,4,10,20,1,7,1.1001818031580053,27.03086025984298
1696,2647,0.967,0.455,0.04946326376471932,0.3404918981978293,14,22,4,4,11,20,1,7,1.068697337883837,25.198270127896226
1696,2648,0.944,0.4,0.07498253131937738,0.36030804036599584,14,22,4,4,12,20,1,7,1.0252492379904508,22.963773059854553
1696,2649,0.901,0.333,0.11614604064961764,0.3935080537008,14,22,4,4,13,20,1,7,0.9605675405717184,20.28377537905405
1696,2650,0.821,0.25,0.17814449910862196,0.44634178199159125,14,22,4,4,14,20,1,7,0.8582196688494153,16.935843764351958
1696,2651,0.675,0.375,0.28058177572437215,0.5292657632639066,14,22,4,4,15,20,1,7,0.7721722605740251,29.054604099077146
1696,2652,0.482,0.5,0.39658002754976684,0.601258784797208,14,22,4,4,16,20,1,7,0.6944955003453945,46.05011054053864
1696,2653,0.384,0.625,0.4303641866732283,0.6057828495884021,14,22,4,4,17,20,1,7,0.7335400466232229,58.43343426872024
1696,2654,0.414,0.75,0.2959856844038059,0.5246192924136872,14,22,4,4,18,20,1,7,0.8566773021389092,61.10130239915843
1696,2655,0.526,0.875,0.11055643841769092,0.414910021060206,14,22,4,4,19,20,1,7,1.020931437462869,58.988120029290556
1696,2656,0.967,0.417,0.057455465742805356,0.35068684925393645,14,22,4,4,10,21,1,7,1.0530802438560891,23.327184316584685
1696,2657,0.948,0.364,0.07880427284983704,0.36682965619718333,14,22,4,4,11,21,1,7,1.0154801819828883,21.005103913768455
1696,2658,0.916,0.3,0.11353745820947447,0.39306372366552267,14,22,4,4,12,21,1,7,0.9638755106340238,18.134186338678518
1696,2659,0.862,0.222,0.1666134821825872,0.43425631668190223,14,22,4,4,13,21,1,7,0.8901280806715401,14.442146831883775
1696,2660,0.769,0.125,0.24322195826203785,0.4964538675823681,14,22,4,4,14,21,1,7,0.7790930624771344,9.232608349015706
1696,2661,0.611,0.25,0.36448685846411777,0.5901940806959314,14,22,4,4,15,21,1,7,0.6601674030122966,22.25267493043665
1696,2662,0.42,0.375,0.5001768081050371,0.6698998884878632,14,22,4,4,16,21,1,7,0.5630497313737038,41.76029970389787
1696,2663,0.335,0.5,0.534439794000936,0.6658143781373147,14,22,4,4,17,21,1,7,0.6018513105410671,56.17791478250604
1696,2664,0.373,0.625,0.3851171333963985,0.5702556427124514,14,22,4,4,18,21,1,7,0.727842015824863,59.17124741108882
1696,2665,0.524,0.75,0.17582303970234792,0.45602512599382206,14,22,4,4,19,21,1,7,0.9149185756120596,55.05928331523112
1696,2666,0.786,0.876,0.04452024947847477,0.36634286547233197,14,22,4,4,20,21,1,7,1.1769333031229934,48.09963212053131
1696,2667,0.95,0.333,0.08555853637397937,0.3760553911090262,14,22,4,4,10,22,1,7,1.00667224060267,19.316906551716837
1696,2668,0.924,0.273,0.1134252247450439,0.39654499578028124,14,22,4,4,11,22,1,7,0.9634858587441749,16.460014812040036
1696,2669,0.884,0.2,0.15696850982342325,0.42852553787412073,14,22,4,4,12,22,1,7,0.9063420987684507,12.748225610237649
1696,2670,0.818,0.111,0.2206849618622715,0.47646760255572684,14,22,4,4,13,22,1,7,0.8254968201029002,7.727654465371609
1696,2671,0.713,0,0.3094371511695668,0.5464500834187553,14,22,4,4,14,22,1,7,0.713,0
1696,2672,0.549,0.125,0.44542649053828576,0.6490754026427059,14,22,4,4,15,22,1,7,0.5630506193940293,12.826818130371452
1696,2673,0.359,0.25,0.5940719517732316,0.7332620115297901,14,22,4,4,16,22,1,7,0.4374711419053833,34.85253636668343
1696,2674,0.287,0.375,0.6223475681374385,0.7133026386388372,14,22,4,4,17,22,1,7,0.47222240522872266,52.571965443983856
1696,2675,0.337,0.5,0.45152305386859815,0.5983208187078195,14,22,4,4,18,22,1,7,0.602966831591921,56.020029899854315
1696,2676,0.547,0.625,0.2059437040580795,0.47327920468903284,14,22,4,4,19,22,1,7,0.8305624600233267,48.80758533612883
1696,2677,0.841,0.75,0.05337733312638959,0.3773861258836494,14,22,4,4,20,22,1,7,1.126845597231493,41.72643535284032
1696,2678,0.985,0.876,0.002891368592101373,0.3115042224467962,14,22,4,4,21,22,1,7,1.3181809435733776,41.647977887140414
1696,2679,0.929,0.384,0.117727302616221,0.40341200402787747,14,22,4,4,10,23,1,7,1.0052347984426324,22.45764133485074
1696,2680,0.897,0.333,0.1517824339857522,0.4277326296204743,14,22,4,4,11,23,1,7,0.9568165968460205,20.366812140444665
1696,2681,0.847,0.273,0.2031470120762352,0.46450752894024183,14,22,4,4,12,23,1,7,0.8899089841101729,17.864860377923126
1696,2682,0.772,0.2,0.2756329081957811,0.5178213560410009,14,22,4,4,13,23,1,7,0.7974860500347326,14.52415193741919
1696,2683,0.657,0.111,0.37437535147509193,0.5939580247011622,14,22,4,4,14,23,1,7,0.6663107383195922,9.589551709148246
1696,2684,0.486,0.222,0.5213814166093336,0.703661480709213,14,22,4,4,15,23,1,7,0.5343032846614365,24.550452389207422
1696,2685,0.3,0.333,0.6785881520649173,0.7888771626947817,14,22,4,4,16,23,1,7,0.4482064256567503,47.98428214359338
1696,2686,0.241,0.444,0.699788941038718,0.7446299949160811,14,22,4,4,17,23,1,7,0.5051900632435282,61.50720922605473
1696,2687,0.314,0.556,0.4790591430524913,0.6082467539073884,14,22,4,4,18,23,1,7,0.6385389573080096,60.544488866498384
1696,2688,0.62,0.667,0.2054755197603727,0.47385697503238,14,22,4,4,19,23,1,7,0.9106530623678811,47.09145724448186
1696,2689,0.887,0.778,0.052984342335602785,0.3742338297208869,14,22,4,4,20,23,1,7,1.179852956939974,41.254449825486816
1696,2690,0.992,0.889,0.002891371222375594,0.3088322244641788,14,22,4,4,21,23,1,7,1.3320604340644608,41.865721710792045
1696,2691,1,1,1.1102230246251565e-16,0.29289321881345254,14,22,4,4,22,23,1,7,1.4142135623730951,45
1696,2692,0.905,0.428,0.1527267340491204,0.4312673119424595,14,22,4,4,10,24,1,7,1.0011038907126473,25.310786335877037
1696,2693,0.865,0.385,0.19235660809901867,0.4587428223375183,14,22,4,4,11,24,1,7,0.946810435092474,23.993210569228147
1696,2694,0.807,0.333,0.2504254372174898,0.49925103293179995,14,22,4,4,12,24,1,7,0.8730051546239576,22.422973009968516
1696,2695,0.723,0.273,0.3299069356388419,0.556533783188941,14,22,4,4,13,24,1,7,0.7728246890466168,20.686203513434556
1696,2696,0.599,0.2,0.4364708939286953,0.6371169727905627,14,22,4,4,14,24,1,7,0.6315069279113255,18.463639746669674
1696,2697,0.425,0.3,0.5915207660655868,0.7517331998721857,14,22,4,4,15,24,1,7,0.5202163011671203,35.21759296819271
1696,2698,0.242,0.4,0.754543506856225,0.8324863332381565,14,22,4,4,16,24,1,7,0.4675082886965749,58.82606180062874
1696,2699,0.198,0.5,0.761025682758228,0.7572041181673594,14,22,4,4,17,24,1,7,0.537776905417107,68.3964342698398
1696,2700,0.362,0.6,0.46911655645356765,0.6038933238516708,14,22,4,4,18,24,1,7,0.7007453175013016,58.896019128427895
1696,2701,0.683,0.7,0.2019387188395504,0.46551780472142523,14,22,4,4,19,24,1,7,0.9780025562338782,45.70425104761646
1696,2702,0.911,0.8,0.05243883204134148,0.36659751620975023,14,22,4,4,20,24,1,7,1.2124029858095864,41.28817543959358
1696,2703,0.994,0.9,0.00288288643112411,0.30578226163275035,14,22,4,4,21,24,1,7,1.3409086471493874,42.15871819720002
1696,2704,1,1,1.1102230246251565e-16,0.29289321881345254,14,22,4,4,22,24,1,7,1.4142135623730951,45
1696,2706,0.877,0.466,0.1894417030824509,0.45845434728287493,14,22,4,4,10,25,1,7,0.9931188247133371,27.984250894291883
1696,2707,0.831,0.428,0.23382566716473097,0.48835840048746026,14,22,4,4,11,25,1,7,0.9347432802646939,27.25037470659208
1696,2708,0.765,0.385,0.2973077101605177,0.5315441379753083,14,22,4,4,12,25,1,7,0.8564169545262401,26.714648172680498
1696,2709,0.672,0.333,0.3821271973361552,0.5914314508576524,14,22,4,4,13,25,1,7,0.7499819997839948,26.360058207353113
1696,2710,0.542,0.273,0.49428122733051816,0.6746578639455352,14,22,4,4,14,25,1,7,0.6068714855716983,26.733940236974544
1696,2711,0.365,0.364,0.6540411799291348,0.7912492737573766,14,22,4,4,15,25,1,7,0.5154813284688399,44.92140501567113
1696,2712,0.19,0.455,0.8174127715510746,0.8589677568320327,14,22,4,4,16,25,1,7,0.4930770730829005,67.33544256530391
1696,2713,0.173,0.546,0.7608314098659431,0.7534259463849595,14,22,4,4,17,25,1,7,0.5727521278877976,72.41920437606204
1696,2714,0.434,0.637,0.45666641290968424,0.5912305594170024,14,22,4,4,18,25,1,7,0.7707950440940834,55.73266455665579
1696,2715,0.726,0.728,0.19741639692733237,0.45391776872001877,14,22,4,4,19,25,1,7,1.0281342324813427,45.07881120134491
1696,2716,0.925,0.819,0.05175098778237952,0.35877798839690755,14,22,4,4,20,25,1,7,1.2354699510712512,41.52185179867223
1696,2717,0.995,0.91,0.002872515859489777,0.30359042300811445,14,22,4,4,21,25,1,7,1.3483786560161801,42.445189954153264
1696,2718,1,1,0,0.2928932188134524,14,22,4,4,22,25,1,7,1.4142135623730951,45
1696,2721,0.847,0.5,0.22665731785997145,0.4841609334725766,14,22,4,4,10,26,1,7,0.9835695196578633,30.55415113705478
1696,2722,0.794,0.466,0.2749098220621129,0.5157845296186125,14,22,4,4,11,26,1,7,0.9206475981612074,30.408747711980116
1696,2723,0.721,0.428,0.34235119981798867,0.560655356071466,14,22,4,4,12,26,1,7,0.8384658609627467,30.6942140474812
1696,2724,0.621,0.384,0.43067956163606813,0.6218470899790801,14,22,4,4,13,26,1,7,0.7301349190389403,31.73088462244918
1696,2725,0.486,0.333,0.5456815893896536,0.7058042997996219,14,22,4,4,14,26,1,7,0.5891392025659131,34.41836447905621
1696,2726,0.31,0.417,0.7053736867432596,0.8203097996412088,14,22,4,4,15,26,1,7,0.5196046574079182,53.37269273464244
1696,2727,0.149,0.5,0.8587709955146856,0.8652009997448994,14,22,4,4,16,26,1,7,0.5217288567829079,73.40594342002281
1696,2728,0.196,0.583,0.7466807222921277,0.7389354235693175,14,22,4,4,17,26,1,7,0.6150650372115131,71.41776157990283
1696,2729,0.489,0.667,0.44163852541123283,0.5750327052420585,14,22,4,4,18,26,1,7,0.8270489707387344,53.75361101179992
1696,2730,0.757,0.75,0.19217988704618238,0.44200486103052805,14,22,4,4,19,26,1,7,1.0656214149499812,44.73386358849422
1696,2731,0.935,0.833,0.05091568674607183,0.3520145986381644,14,22,4,4,20,26,1,7,1.252243586527797,41.69813432556499
1696,2732,0.996,0.917,0.00286036801282874,0.30204611529245784,14,22,4,4,21,26,1,7,1.3538482189669565,42.635234639510976
1696,2733,1,1,0,0.29289321881345254,14,22,4,4,22,26,1,7,1.4142135623730951,45
1696,2737,0.814,0.529,0.26317615448269904,0.5078730197663346,14,22,4,4,10,27,1,7,0.9707919447543846,33.0189190927513
1696,2738,0.755,0.5,0.3142573438164291,0.5405583386209913,14,22,4,4,11,27,1,7,0.9055523176492897,33.5145832982414
1696,2739,0.676,0.467,0.38410969957267005,0.5862087558001481,14,22,4,4,12,27,1,7,0.8216233930457433,34.63781807706998
1696,2740,0.571,0.429,0.47390875070868643,0.6474825386885743,14,22,4,4,13,27,1,7,0.7142002520301991,36.91803186541884
1696,2741,0.434,0.385,0.5886125881746828,0.7301814600434162,14,22,4,4,14,27,1,7,0.5801560134998172,41.57612875506932
1696,2742,0.264,0.461,0.7427312374193134,0.8375364207023162,14,22,4,4,15,27,1,7,0.5312409999237635,60.20160876810097
1696,2743,0.127,0.539,0.8753552911283787,0.8545828362763852,14,22,4,4,16,27,1,7,0.5537598757584374,76.74170660399119
1696,2744,0.253,0.616,0.7265488890781069,0.7191980259044813,14,22,4,4,17,27,1,7,0.6659316781772737,67.67134362198085
1696,2745,0.531,0.692,0.42426688765254894,0.558206378318133,14,22,4,4,18,27,1,7,0.872252830319283,52.49949323562462
1696,2746,0.78,0.769,0.18636617984156245,0.431032287698771,14,22,4,4,19,27,1,7,1.0953360215020778,44.59312912810923
1696,2747,0.942,0.847,0.04996773269777954,0.34645783585465506,14,22,4,4,20,27,1,7,1.2667963530102224,41.9603178057715
1696,2748,0.996,0.923,0.0028474063455931065,0.30093256913859767,14,22,4,4,21,27,1,7,1.3579193643217553,42.821481957091294
1696,2749,1,1,0,0.2928932188134524,14,22,4,4,22,27,1,7,1.4142135623730951,45
1696,2754,0.78,0.556,0.2978907725266273,0.5293046095639113,14,22,4,4,10,28,1,7,0.9578809946961053,35.48205083905124
1696,2755,0.715,0.529,0.35068425447594564,0.5624610250514515,14,22,4,4,11,28,1,7,0.8894189114247572,36.496262824015076
1696,2756,0.631,0.5,0.42141234967498753,0.6080843273397598,14,22,4,4,12,28,1,7,0.80508446761815,38.39305970448449
1696,2757,0.523,0.467,0.5106049665668292,0.6683198419612856,14,22,4,4,13,28,1,7,0.7011547618036977,41.76247667792749
1696,2758,0.388,0.429,0.6220150993104312,0.747813160280214,14,22,4,4,14,28,1,7,0.5784332286444133,47.872898317902084
1696,2759,0.23,0.5,0.7656324805279022,0.8430563015776473,14,22,4,4,15,28,1,7,0.5503635162326805,65.2975697722287
1696,2760,0.124,0.572,0.8702082222809675,0.8346945808883978,14,22,4,4,16,28,1,7,0.5852862547506134,77.76849907876982
1696,2761,0.3,0.643,0.6962083652558133,0.6979040388693749,14,22,4,4,17,28,1,7,0.7095414011881196,64.98798483432013
1696,2762,0.566,0.714,0.4051630192304069,0.5422298689784688,14,22,4,4,18,28,1,7,0.9111267749331043,51.59553634737072
1696,2763,0.798,0.786,0.18015998791752963,0.4213898771250082,14,22,4,4,19,28,1,7,1.120089282155668,44.56594936786059
1696,2764,0.947,0.857,0.04898820882961563,0.3419486092451073,14,22,4,4,20,28,1,7,1.277207109281811,42.14393105028079
1696,2765,0.997,0.929,0.0028339250409168404,0.30010383742915125,14,22,4,4,21,28,1,7,1.3627362180554239,42.97793596402665
1696,2766,1,1,1.1102230246251565e-16,0.29289321881345254,14,22,4,4,22,28,1,7,1.4142135623730951,45
1696,2772,0.745,0.579,0.3299493767884306,0.5483383365057907,14,22,4,4,10,29,1,7,0.9435390823913973,37.85368014603304
1696,2773,0.676,0.556,0.38334875198313034,0.5814504407364163,14,22,4,4,11,29,1,7,0.8752782414752466,39.436791179256005
1696,2774,0.589,0.529,0.45354713755781717,0.6263484944547592,14,22,4,4,12,29,1,7,0.7916830173750098,41.92803933361909
1696,2775,0.48,0.5,0.5403308473222073,0.684564375355364,14,22,4,4,13,29,1,7,0.6931089380465383,46.16913932790742
1696,2776,0.35,0.467,0.6459540591342374,0.759134482393053,14,22,4,4,14,29,1,7,0.583600034270047,53.149737644515845
1696,2777,0.206,0.533,0.7759392499828639,0.8390153805887941,14,22,4,4,15,29,1,7,0.5714236606931848,68.86890379160543
1696,2778,0.135,0.6,0.8438292771413254,0.8114972141551825,14,22,4,4,16,29,1,7,0.615,77.31961650818018
1696,2779,0.341,0.667,0.6561967988716609,0.6770696694858961,14,22,4,4,17,29,1,7,0.7491128085942731,62.92186600541155
1696,2780,0.595,0.733,0.3853739571612572,0.5277037899268069,14,22,4,4,18,29,1,7,0.9440942749535133,50.932635589383885
1696,2781,0.813,0.8,0.1737544946168379,0.41307419636590625,14,22,4,4,19,29,1,7,1.1406002805540598,44.53823372166141
1696,2782,0.951,0.867,0.04799263100158979,0.3382721691856052,14,22,4,4,20,29,1,7,1.2868916038268334,42.35455174299947
1696,2783,0.997,0.934,0.0028194560463539187,0.2994660841905631,14,22,4,4,21,29,1,7,1.3661496989715294,43.13135463800622
1696,2784,1,1,0,0.2928932188134524,14,22,4,4,22,29,1,7,1.4142135623730951,45
1696,2791,0.71,0.6,0.35876921760317726,0.5649787485827412,14,22,4,4,10,30,1,7,0.929569792968769,40.200163886095304
1696,2792,0.638,0.579,0.4118185122113531,0.5976101847806843,14,22,4,4,11,30,1,7,0.8615596322948285,42.22448121255181
1696,2793,0.549,0.556,0.48031795267757105,0.6412016691243299,14,22,4,4,12,30,1,7,0.781368670987006,45.36295483412284
1696,2794,0.442,0.529,0.563269017147885,0.6965938318934719,14,22,4,4,13,30,1,7,0.6893511441928561,50.119935922852974
1696,2795,0.319,0.5,0.6614047559291816,0.7649398087080708,14,22,4,4,14,30,1,7,0.5930944275577035,57.46212443192519
1696,2796,0.194,0.563,0.7763524182476104,0.8286291598517053,14,22,4,4,15,30,1,7,0.5954871954962592,70.98694025434511
1696,2797,0.155,0.625,0.7983047303710076,0.7881109792139658,14,22,4,4,16,30,1,7,0.6439332263519254,76.07165806084632
1696,2798,0.375,0.688,0.6156885460744228,0.6576195737954396,14,22,4,4,17,30,1,7,0.7835617397499701,61.40704770144053
1696,2799,0.619,0.75,0.36586867728652583,0.5147611074321706,14,22,4,4,18,30,1,7,0.9724510270445499,50.466006605608776
1696,2800,0.825,0.813,0.16743542867456584,0.405933208810732,14,22,4,4,19,30,1,7,1.1582719887832909,44.58025820866467
1696,2801,0.955,0.875,0.046983602458099294,0.3352375911773423,14,22,4,4,20,30,1,7,1.2952412902621657,42.496860220415094
1696,2802,0.997,0.938,0.002804558863356399,0.2989595374566092,14,22,4,4,21,30,1,7,1.3688875045086795,43.25353799726434
1696,2803,1,1,1.1102230246251565e-16,0.29289321881345254,14,22,4,4,22,30,1,7,1.4142135623730951,45
1696,2811,0.676,0.619,0.38409577461058286,0.5793155719364413,14,22,4,4,10,31,1,7,0.916589875571403,42.4797275423006
1696,2812,0.602,0.6,0.43601974725383363,0.6111095998067066,14,22,4,4,11,31,1,7,0.8499435275358004,44.90466601224972
1696,2813,0.513,0.579,0.5019102829455034,0.6529343169491049,14,22,4,4,12,31,1,7,0.77356964780167,48.45872431880642
1696,2814,0.41,0.556,0.5800263533027716,0.7049024198632707,14,22,4,4,13,31,1,7,0.6908226979478889,53.5945628884355
1696,2815,0.296,0.53,0.6698063154858467,0.7662460458672962,14,22,4,4,14,31,1,7,0.6070551869476118,60.81705356947009
1696,2816,0.19,0.588,0.7693993183069573,0.8147918742359902,14,22,4,4,15,31,1,7,0.6179352716911375,72.09283769728319
1696,2817,0.179,0.647,0.7556140844796582,0.7658922015270303,14,22,4,4,16,31,1,7,0.671304699819687,74.53528178427452
1696,2818,0.406,0.706,0.5784508071173501,0.6398741831958987,14,22,4,4,17,31,1,7,0.8144151275608773,60.09804872929969
1696,2819,0.64,0.765,0.3473331397015651,0.5033183021741539,14,22,4,4,18,31,1,7,0.997409143731899,50.08410340959444
1696,2820,0.836,0.824,0.16132099703641511,0.39978085254051265,14,22,4,4,19,31,1,7,1.1738279260607152,44.585820856590665
1696,2821,0.957,0.883,0.04596926255528744,0.33269477900818234,14,22,4,4,20,31,1,7,1.3021282578916717,42.69695435840905
1696,2822,0.997,0.941,0.0027895406926568,0.29854575450833687,14,22,4,4,21,31,1,7,1.3709449296014775,43.34485496048739
1696,2823,1,1,0,0.2928932188134524,14,22,4,4,22,31,1,7,1.4142135623730951,45
1696,2832,0.644,0.637,0.40591143973230515,0.5914945789960528,14,22,4,4,10,32,1,7,0.9058173104991978,44.68691142497935
1696,2833,0.569,0.619,0.45611525783343765,0.6221715340654188,14,22,4,4,11,32,1,7,0.8407865365239859,47.41001620018443
1696,2834,0.481,0.6,0.5187381287606785,0.661888807642341,14,22,4,4,12,32,1,7,0.769,51.28201164861057
1696,2835,0.383,0.579,0.5914760743763458,0.7100423271899257,14,22,4,4,13,32,1,7,0.6942117832477348,56.51594917130821
1696,2836,0.28,0.556,0.6726631770244258,0.7641181875640326,14,22,4,4,14,32,1,7,0.6225238951237134,63.270306231514546
1696,2837,0.192,0.611,0.75725867252782475,0.7994899791605894,14,22,4,4,15,32,1,7,0.6404568681808323,72.55525000628236
1696,2838,0.204,0.667,0.7163980010870707,0.7453330616679126,14,22,4,4,16,32,1,7,0.6974991039420768,72.99390132535505
1696,2839,0.432,0.722,0.5450148519547456,0.6238517220538199,14,22,4,4,17,32,1,7,0.8413726879332368,59.106315727543866
1696,2840,0.659,0.778,0.33009619420459124,0.49320962857906947,14,22,4,4,18,32,1,7,1.0195906041152007,49.73394279252685
1696,2841,0.845,0.834,0.15545393686889497,0.39444267199433736,14,22,4,4,19,32,1,7,1.1872577647671965,44.624630996102134
1696,2842,0.96,0.889,0.04497434844551407,0.33053068206365277,14,22,4,4,20,32,1,7,1.3084039895995425,42.80097203946624
1696,2843,0.998,0.945,0.002774329980181567,0.29819942112925724,14,22,4,4,21,32,1,7,1.3744195138312028,43.437507206925005
1696,2844,1,1,0,0.2928932188134524,14,22,4,4,22,32,1,7,1.4142135623730951,45
1696,2854,0.613,0.652,0.42436057830675344,0.6016946682060205,14,22,4,4,10,33,1,7,0.8949150797701422,46.765871806830184
1696,2855,0.538,0.637,0.4724097843737335,0.6310466069831766,14,22,4,4,11,33,1,7,0.8337943391508484,49.81609925291712
1696,2856,0.453,0.619,0.5313901736282375,0.668427359405465,14,22,4,4,12,33,1,7,0.7670528013116177,53.802381820710046
1696,2857,0.361,0.6,0.5985129015423705,0.7125703697636381,14,22,4,4,13,33,1,7,0.7002292481751958,58.966079677977326
1696,2858,0.27,0.579,0.6712449327388207,0.7595257869981946,14,22,4,4,14,33,1,7,0.6388591394039848,64.99936064331163
1696,2859,0.198,0.632,0.7416413255186807,0.7838979577431289,14,22,4,4,15,33,1,7,0.6622899667064269,72.60468855444586
1696,2860,0.227,0.684,0.6806599628992877,0.7265300576820108,14,22,4,4,16,33,1,7,0.720683703159715,71.64047339702357
1696,2861,0.456,0.737,0.5151688080346353,0.6094344857316523,14,22,4,4,17,33,1,7,0.8666631410184698,58.253903652274566
1696,2862,0.674,0.79,0.3142889890124795,0.484252026229524,14,22,4,4,18,33,1,7,1.0384488432272436,49.53036452887026
1696,2863,0.852,0.843,0.14990442044356211,0.3897699994412155,14,22,4,4,19,33,1,7,1.1985628894638778,44.695777481043216
1696,2864,0.962,0.895,0.04399911219734787,0.32866121095113,14,22,4,4,20,33,1,7,1.3139516733883327,42.933681848542044
1696,2865,0.998,0.948,0.0027590046857312034,0.2979034260154597,14,22,4,4,21,33,1,7,1.376483926531654,43.528181494638716
1696,2866,1,1,0,0.2928932188134524,14,22,4,4,22,33,1,7,1.4142135623730951,45
1696,2877,0.584,0.667,0.43968505080177367,0.6101102911877023,14,22,4,4,10,34,1,7,0.8865353912845217,48.79583551630087
1696,2878,0.51,0.652,0.48530288330257976,0.6379934262271482,14,22,4,4,11,34,1,7,0.8277704995951475,51.96717713519991
1696,2879,0.429,0.636,0.5404657657538456,0.6729070275785658,14,22,4,4,12,34,1,7,0.7671616518048853,55.99922088044554
1696,2880,0.344,0.619,0.6020076004319551,0.7130071609918651,14,22,4,4,13,34,1,7,0.7081645289055362,60.93753747558288
1696,2881,0.264,0.6,0.6666228584444611,0.753266456006725,14,22,4,4,14,34,1,7,0.6555120136198878,66.25050550713324
1696,2882,0.208,0.65,0.7237611650539759,0.7686487842221407,14,22,4,4,15,34,1,7,0.6824690469171478,72.25532837494306
1696,2883,0.252,0.7,0.6481809455133468,0.7094065507814685,14,22,4,4,16,34,1,7,0.7439784943128397,70.20112364547508
1696,2884,0.478,0.75,0.4885334239211797,0.5964545185397458,14,22,4,4,17,34,1,7,0.8893728127169168,57.489279754392584
1696,2885,0.689,0.8,0.2998769534320319,0.4762732376382157,14,22,4,4,18,34,1,7,1.0558034855028657,49.26332416778087
1696,2886,0.859,0.85,0.14466729838072168,0.3856412613901983,14,22,4,4,19,34,1,7,1.208462245996953,44.6982696028665
1696,2887,0.963,0.9,0.04304496704999472,0.32702375020396657,14,22,4,4,20,34,1,7,1.3180929405774087,43.063199613778956
1696,2888,0.998,0.95,0.0027435752658134804,0.29764590109751465,14,22,4,4,21,34,1,7,1.3778621121142711,43.58847997217384
1696,2889,1,1,1.1102230246251565e-16,0.29289321881345254,14,22,4,4,22,34,1,7,1.4142135623730951,45
1696,2901,0.557,0.68,0.4521849350045297,0.6169385076379207,14,22,4,4,10,35,1,7,0.8790045506139318,50.67848952630783
1696,2902,0.486,0.667,0.4952405794242597,0.6432642419998272,14,22,4,4,11,35,1,7,0.8252787407900436,53.921583617697685
1696,2903,0.409,0.652,0.5465362816926981,0.6756621107811244,14,22,4,4,12,35,1,7,0.7696655117646887,57.899926153135375
1696,2904,0.331,0.637,0.6026688491488943,0.7118119624327304,14,22,4,4,13,35,1,7,0.7178648897947301,62.54256336418146
1696,2905,0.262,0.619,0.6596295284122166,0.7459502719949108,14,22,4,4,14,35,1,7,0.672164414410641,67.05884141859134
1696,2906,0.218,0.667,0.7045734500767563,0.754054106957917,14,22,4,4,15,35,1,7,0.701721454709773,71.90071436424797
1696,2907,0.276,0.714,0.6186593066523047,0.6938173581457919,14,22,4,4,16,35,1,7,0.7654880795936668,68.86576011963278
1696,2908,0.497,0.762,0.46467094870898884,0.5847352625726376,14,22,4,4,17,35,1,7,0.9097543624517554,56.886364465332214
1696,2909,0.701,0.81,0.2867240937595583,0.4691218087125699,14,22,4,4,18,35,1,7,1.0712147310413538,49.12603612579282
1696,2910,0.865,0.858,0.13975835739645737,0.3819587456622924,14,22,4,4,19,35,1,7,1.218355038566345,44.767226784674016
1696,2911,0.965,0.905,0.0421224479497887,0.32557130494175546,14,22,4,4,20,35,1,7,1.3229701432761058,43.16226320961215
1696,2912,0.998,0.953,0.0027280298590561802,0.2974184086208038,14,22,4,4,21,35,1,7,1.3799322447134859,43.67870168894895
1696,2913,1,1,0,0.2928932188134524,14,22,4,4,22,35,1,7,1.4142135623730951,45
1696,2932,1,1,1.1102230246251565e-16,0.29289321881345254,14,22,4,4,10,14,4,7,1.4142135623730951,45
1696,2933,1,1,0,0.2928932188134524,14,22,4,4,11,14,4,7,1.4142135623730951,45
1696,2934,1,1,0,0.2928932188134524,14,22,4,4,12,14,4,7,1.4142135623730951,45
1696,2935,1,1,0,0.2928932188134524,14,22,4,4,13,14,4,7,1.4142135623730951,45
1696,2936,1,0.917,4.4269082629111445e-5,0.29293826997479944,14,22,4,4,10,15,4,7,1.3567936468011634,42.52082345847564
1696,2937,1,0.91,8.925862379161043e-5,0.29298726333712655,14,22,4,4,11,15,4,7,1.3520724832641184,42.3021943666837
1696,2938,1,0.9,1.934050500235207e-4,0.2931455916613641,14,22,4,4,12,15,4,7,1.3453624047073711,41.98721249581666
1696,2939,0.999,0.889,4.232805056767486e-4,0.2938493881306905,14,22,4,4,13,15,4,7,1.3372815709490653,41.66556206288983
1696,2940,0.995,0.876,9.360302581445934e-4,0.29819700686837214,14,22,4,4,14,15,4,7,1.325670019273273,41.36075562786028
1696,2941,0.999,0.833,0.0017065732602306039,0.2944885727095041,14,22,4,4,10,16,4,7,1.3007267199531192,39.822490802231016
1696,2942,0.997,0.819,0.0028392471857934254,0.29568603365176704,14,22,4,4,11,16,4,7,1.2902596637886499,39.40188616300896
1696,2943,0.994,0.8,0.004872967869317679,0.29845326809748796,14,22,4,4,12,16,4,7,1.2759451398865078,38.82811850536661
1696,2944,0.986,0.778,0.008363407289669333,0.30516790707774966,14,22,4,4,13,16,4,7,1.2559777068085245,38.2750873395419
1696,2945,0.963,0.75,0.014401376152227696,0.32075084191650616,14,22,4,4,14,16,4,7,1.2206019007030915,37.912036316452294
1696,2946,0.887,0.876,0.02338733335050769,0.3403083530236328,14,22,4,4,15,16,4,7,1.2466535204297946,44.64251537361698
1696,2947,0.991,0.75,0.010278448478950653,0.30243673983836816,14,22,4,4,10,17,4,7,1.2428117315184952,37.11884780864493
1696,2948,0.985,0.728,0.015727663945125148,0.3076973546849333,14,22,4,4,11,17,4,7,1.2248301923123874,36.46759881643143
1696,2949,0.973,0.7,0.024743687120236557,0.3173380354792926,14,22,4,4,12,17,4,7,1.1986363084772629,35.73216373717889
1696,2950,0.949,0.667,0.03890948687226847,0.3345514300142768,14,22,4,4,13,17,4,7,1.159952585237862,35.101278209134556
1696,2951,0.896,0.625,0.06143189184067521,0.3645792627646284,14,22,4,4,14,17,4,7,1.0924472527312246,34.897494063900595
1696,2952,0.777,0.75,0.09455878391487649,0.4005135122620861,14,22,4,4,15,17,4,7,1.0799208304315646,43.98701711938915
1696,2953,0.625,0.875,0.10123171386767271,0.40779985667459784,14,22,4,4,16,17,4,7,1.0752906583803283,54.46232220802562
1696,2954,0.973,0.667,0.03328374717367122,0.32222258994457864,14,22,4,4,10,18,4,7,1.1796685975306793,34.43097799398074
1696,2955,0.958,0.637,0.04799364322347721,0.3346046364474341,14,22,4,4,11,18,4,7,1.1504490427654759,33.62100321575432
1696,2956,0.931,0.6,0.06965449991331818,0.35414317208977575,14,22,4,4,12,18,4,7,1.1075924340658887,32.800497556108674
1696,2957,0.885,0.556,0.10103544917059704,0.3842282201631557,14,22,4,4,13,18,4,7,1.0451607531858438,32.13903437832957
1696,2958,0.801,0.5,0.14886746421324704,0.42974756319391394,14,22,4,4,14,18,4,7,0.9442462602520595,31.973223478909677
1696,2959,0.65,0.625,0.2135283687099664,0.4792010399262492,14,22,4,4,15,18,4,7,0.9017344398435717,43.87669728592457
1696,2960,0.502,0.75,0.2494963563787409,0.5001724292313506,14,22,4,4,16,18,4,7,0.902498753461743,56.20428579686032
1696,2961,0.461,0.875,0.1845334979236477,0.4611742264352927,14,22,4,4,17,18,4,7,0.9890126389485626,62.21717581124318
1696,2962,0.941,0.583,0.07504652888457208,0.35629387913795496,14,22,4,4,10,19,4,7,1.1069643174014236,31.780436843027132
1696,2963,0.913,0.546,0.10223717484843464,0.3776197991749364,14,22,4,4,11,19,4,7,1.0638068433696035,30.88062552227651
1696,2964,0.869,0.5,0.14024293483652261,0.4083339735360184,14,22,4,4,12,19,4,7,1.0025771790740103,29.915003116480165
1696,2965,0.8,0.444,0.19317816415889788,0.45200891388685793,14,22,4,4,13,19,4,7,0.9149513648276613,29.030274682487153
1696,2966,0.688,0.375,0.2683359577822465,0.5123096696722533,14,22,4,4,14,19,4,7,0.7835617397499701,28.592952298559467
1696,2967,0.516,0.5,0.364086384941409,0.5739116984095767,14,22,4,4,15,19,4,7,0.7185095684818679,44.09777883846984
1696,2968,0.394,0.625,0.42165786737525646,0.6016638540061616,14,22,4,4,16,19,4,7,0.7388240656611018,57.77266868446291
1696,2969,0.396,0.75,0.36645284099320985,0.5650145265717283,14,22,4,4,17,19,4,7,0.848124990788504,62.165946059449176
1696,2970,0.45,0.875,0.19464826341681807,0.46678796855349447,14,22,4,4,18,19,4,7,0.9839334327077214,62.78388844269253
1696,2971,0.894,0.5,0.13463059420511825,0.40342747879602425,14,22,4,4,10,20,4,7,1.0243222149304387,29.217591843143328
1696,2972,0.851,0.455,0.176132927837643,0.43416791090786866,14,22,4,4,11,20,4,7,0.9650005181345759,28.13186077938041
1696,2973,0.789,0.4,0.23158958782214867,0.47605850217392187,14,22,4,4,12,20,4,7,0.8846021704698673,26.88367962882478
1696,2974,0.699,0.333,0.30627857502220923,0.5328429588039887,14,22,4,4,13,20,4,7,0.774267395671547,25.47288958610668
1696,2975,0.564,0.25,0.40794280732520505,0.6065223786132927,14,22,4,4,14,20,4,7,0.6169246307289084,23.905909882192447
1696,2976,0.385,0.375,0.5297944381779784,0.6766078000437407,14,22,4,4,15,20,4,7,0.5374476718714111,44.24615166692923
1696,2977,0.305,0.5,0.5812428861997305,0.6956965151097088,14,22,4,4,16,20,4,7,0.5856833615529812,58.616808943640976
1696,2978,0.342,0.625,0.4890912464527135,0.6349786702718347,14,22,4,4,17,20,4,7,0.7124528054545087,61.312521297400984
1696,2979,0.419,0.75,0.2968156271004997,0.5251584909972837,14,22,4,4,18,20,4,7,0.8591047666030028,60.80936321477534
1696,2980,0.565,0.875,0.11547631672991943,0.4180475317061956,14,22,4,4,19,20,4,7,1.0415613280071414,57.14909160744135
1696,2981,0.832,0.417,0.20837164947651599,0.45935094994205594,14,22,4,4,10,21,4,7,0.9306519220417481,26.62011678195289
1696,2982,0.775,0.364,0.26361328563915865,0.4988002490732415,14,22,4,4,11,21,4,7,0.8562248536453495,25.15838421446667
1696,2983,0.696,0.3,0.3353989316322461,0.5507234097445686,14,22,4,4,12,21,4,7,0.7579023683826301,23.31770838675507
1696,2984,0.587,0.222,0.4297714367367692,0.6189370092633453,14,22,4,4,13,21,4,7,0.627577086898494,20.71632766098209
1696,2985,0.437,0.125,0.552958896398791,0.7036463986382464,14,22,4,4,14,21,4,7,0.454526126861812,15.9627110347303
1696,2986,0.263,0.25,0.6854196847928038,0.7764533786128047,14,22,4,4,15,21,4,7,0.3628622328101948,43.54837084739169
1696,2987,0.238,0.375,0.6962344201410203,0.7700082548056829,14,22,4,4,16,21,4,7,0.4441497495214874,57.59806522275072
1696,2988,0.299,0.5,0.5629101077111265,0.6766452900398989,14,22,4,4,17,21,4,7,0.5825813247950882,59.12057631770123
1696,2989,0.434,0.625,0.34246386774419946,0.5501759156410551,14,22,4,4,18,21,4,7,0.7609080102088557,55.22388664801382
1696,2990,0.636,0.75,0.158080986024969,0.44494111927463853,14,22,4,4,19,21,4,7,0.9833595476731793,49.70205542331622
1696,2991,0.836,0.876,0.04179589205737566,0.3627098560135483,14,22,4,4,20,21,4,7,1.2108971880386874,46.33844292102374
1696,2992,0.758,0.333,0.29029441260946,0.5191669373857508,14,22,4,4,10,22,4,7,0.8279208899405788,23.71655569431667
1696,2993,0.686,0.273,0.35753197871464315,0.5660509621285222,14,22,4,4,11,22,4,7,0.7383258088405146,21.700536739317464
1696,2994,0.592,0.2,0.44329476757751984,0.6264886841124262,14,22,4,4,12,22,4,7,0.6248711867257122,18.66691427422022
1696,2995,0.469,0.111,0.5532107807547524,0.7046090278935779,14,22,4,4,13,22,4,7,0.481956429565993,13.315398519896018
1696,2996,0.309,0,0.6920351730460357,0.7999516571300608,14,22,4,4,14,22,4,7,0.309,0
1696,2997,0.157,0.125,0.8180766466284419,0.8700321944980801,14,22,4,4,15,22,4,7,0.20068383093812017,38.526044031327686
1696,2998,0.186,0.25,0.768161999717186,0.8113588955484715,14,22,4,4,16,22,4,7,0.31160231064611826,53.35075253233141
1696,2999,0.311,0.375,0.5723177504888484,0.6807859304459034,14,22,4,4,17,22,4,7,0.4871816909531802,50.32995086672701
1696,3000,0.526,0.5,0.3252071104756028,0.5423028490001596,14,22,4,4,18,22,4,7,0.7257244656203896,43.54837084739169
1696,3001,0.747,0.625,0.14702242263536158,0.43688071463105216,14,22,4,4,19,22,4,7,0.9739784391864124,39.91855066092477
1696,3002,0.913,0.75,0.04020731127358346,0.35749735504736346,14,22,4,4,20,22,4,7,1.181553638223843,39.40199891217151
1696,3003,0.99,0.876,0.002468314185003262,0.30662216253552554,14,22,4,4,21,22,4,7,1.3219213289753668,41.50395995814266
1696,3004,0.673,0.384,0.37519994950330027,0.5782835731865494,14,22,4,4,10,23,4,7,0.7748451458194728,29.70819439335152
1696,3005,0.589,0.333,0.452311782509622,0.6309368907820085,14,22,4,4,11,23,4,7,0.6766165827113609,29.482299361186453
1696,3006,0.482,0.273,0.5488009393461677,0.6979296318188362,14,22,4,4,12,23,4,7,0.553943137876082,29.526783771798186
1696,3007,0.349,0.2,0.6705168610505453,0.7839962119436836,14,22,4,4,13,23,4,7,0.40224495024798007,29.815551356094456
1696,3008,0.184,0.111,0.8216104679417404,0.8901797770353466,14,22,4,4,14,23,4,7,0.2148883430993873,31.100936907249196
1696,3009,0.08,0.222,0.919666797755721,0.9277117499879687,14,22,4,4,15,23,4,7,0.23597457490161944,70.18284748038103
1696,3010,0.21,0.333,0.7444061084916207,0.7966628977428577,14,22,4,4,16,23,4,7,0.39368642343875665,57.763213447869774
1696,3011,0.431,0.444,0.5031573548161803,0.6479616569227132,14,22,4,4,17,23,4,7,0.6187867160823671,45.85118895604542
1696,3012,0.646,0.556,0.2768991716152641,0.5113111058561468,14,22,4,4,18,23,4,7,0.8523215355721103,40.71795679890206
1696,3013,0.829,0.667,0.12312369806034296,0.4115555859250143,14,22,4,4,19,23,4,7,1.064015977323649,38.81959351588038
1696,3014,0.949,0.778,0.03262274800700238,0.33888574328402243,14,22,4,4,20,23,4,7,1.2271450606998342,39.345253886367
1696,3015,0.996,0.889,0.001993222855005805,0.2997219231179852,14,22,4,4,21,23,4,7,1.3350419469065382,41.7511530506899
1696,3016,1,1,0,0.2928932188134524,14,22,4,4,22,23,4,7,1.4142135623730951,45
1696,3017,0.581,0.428,0.4590884045887418,0.6325440094961579,14,22,4,4,10,24,4,7,0.7216266347634349,36.37762340537852
1696,3018,0.486,0.385,0.5433901970710258,0.6886143967327178,14,22,4,4,11,24,4,7,0.6200169352525784,38.385598808415246
1696,3019,0.37,0.333,0.6468273200858113,0.7587510718615784,14,22,4,4,12,24,4,7,0.4977840897417273,41.987212495816664
1696,3020,0.233,0.273,0.7741057146286991,0.8469090670047444,14,22,4,4,13,24,4,7,0.35891224554199874,49.51991111453518
1696,3021,0.076,0.2,0.9243179838336473,0.9460589698442502,14,22,4,4,14,24,4,7,0.21395326592506134,69.19320898728877
1696,3022,0.128,0.3,0.872397831194214,0.8862256019784958,14,22,4,4,15,24,4,7,0.326165602110339,66.89367314172843
1696,3023,0.332,0.4,0.6557091209930189,0.7432345135952024,14,22,4,4,16,24,4,7,0.5198307416842525,50.30732684933118
1696,3024,0.538,0.5,0.4267133088914087,0.5988519347260044,14,22,4,4,17,24,4,7,0.7344685153224746,42.90340293744109
1696,3025,0.727,0.6,0.23246759315596977,0.4739619277294923,14,22,4,4,18,24,4,7,0.9426181623541952,39.533180821289584
1696,3026,0.877,0.7,0.10115684547237414,0.38485298504361876,14,22,4,4,19,24,4,7,1.1221091747240997,38.596013397209326
1696,3027,0.967,0.8,0.026065813389650083,0.3240135780494935,14,22,4,4,20,24,4,7,1.2550254977489501,39.60098593001827
1696,3028,0.998,0.9,0.0015687949998471895,0.29639937486853274,14,22,4,4,21,24,4,7,1.3438764824194225,42.04425473533527
1696,3029,1,1,1.1102230246251565e-16,0.29289321881345254,14,22,4,4,22,24,4,7,1.4142135623730951,45
1696,3031,0.486,0.466,0.5364282697589666,0.6784551369693046,14,22,4,4,10,25,4,7,0.6733141911470454,43.796484190694976
1696,3032,0.385,0.428,0.6228067367844972,0.7345033764538919,14,22,4,4,11,25,4,7,0.5756813354625977,48.027583056988895
1696,3033,0.27,0.385,0.723973243516979,0.8015163997622385,14,22,4,4,12,25,4,7,0.4702393007820593,54.958070598460985
1696,3034,0.15,0.333,0.8354240517701743,0.8754104483986085,14,22,4,4,13,25,4,7,0.36522458843840183,65.75079558959862
1696,3035,0.068,0.273,0.9097651795446531,0.9040862958864844,14,22,4,4,14,25,4,7,0.2813414295833445,76.01314943321121
1696,3036,0.233,0.364,0.7620581412898076,0.8133451307816253,14,22,4,4,15,25,4,7,0.4321863024206112,57.37629046642824
1696,3037,0.43,0.455,0.5609695017344789,0.6818957411243627,14,22,4,4,16,25,4,7,0.626039136156838,46.61809453273746
1696,3038,0.619,0.546,0.35729639691669635,0.5504026055686511,14,22,4,4,17,25,4,7,0.8253950569272874,41.414480174403245
1696,3039,0.784,0.637,0.1936218341424355,0.44055719251985304,14,22,4,4,18,25,4,7,1.010160878276327,39.0938588862295
1696,3040,0.907,0.728,0.08265974302768697,0.3638284564468143,14,22,4,4,19,25,4,7,1.1630275147218143,38.752133856220915
1696,3041,0.977,0.819,0.02061307291983594,0.31471809180327137,14,22,4,4,20,25,4,7,1.274868620682147,39.97244594489441
1696,3042,0.999,0.91,0.001246213784624084,0.29495629186736017,14,22,4,4,21,25,4,7,1.3513330455516879,42.33073093011519
1696,3043,1,1,0,0.2928932188134524,14,22,4,4,22,25,4,7,1.4142135623730951,45
1696,3046,0.398,0.5,0.5988737856987796,0.713264275603994,14,22,4,4,10,26,4,7,0.6390649419268749,51.48021047869178
1696,3047,0.303,0.466,0.6789077804134596,0.7646646359852747,14,22,4,4,11,26,4,7,0.5558462017500885,56.9674898951305
1696,3048,0.208,0.428,0.7631397753826927,0.8194706446128244,14,22,4,4,12,26,4,7,0.4758655272238156,64.08111442895358
1696,3049,0.137,0.384,0.8337468606892527,0.8599009273515725,14,22,4,4,13,26,4,7,0.4077070026379238,70.36508231958521
1696,3050,0.136,0.333,0.8086048882151532,0.8376713463091432,14,22,4,4,14,26,4,7,0.3597012649407839,67.78448264277691
1696,3051,0.323,0.417,0.6566000427561103,0.745533117101479,14,22,4,4,15,26,4,7,0.5274637428297797,52.23934099833476
1696,3052,0.509,0.5,0.47463289898518934,0.6263365506162413,14,22,4,4,16,26,4,7,0.7134991240359024,44.48895109944029
1696,3053,0.681,0.583,0.29870452184746166,0.5093183077229045,14,22,4,4,17,26,4,7,0.8964652809785776,40.5666329556376
1696,3054,0.825,0.667,0.16112255419017785,0.41405522360790203,14,22,4,4,18,26,4,7,1.0609024460335643,38.95501428058561
1696,3055,0.928,0.75,0.06804338876082294,0.3487521500371581,14,22,4,4,19,26,4,7,1.1931822995670025,38.94478491215145
1696,3056,0.983,0.833,0.016454841578674828,0.30899727083035233,14,22,4,4,20,26,4,7,1.288478948217626,40.27813810645393
1696,3057,0.999,0.917,0.0010052545932477397,0.2942537438534665,14,22,4,4,21,26,4,7,1.3560567834718427,42.549379651519416
1696,3058,1,1,0,0.2928932188134524,14,22,4,4,22,26,4,7,1.4142135623730951,45
1696,3062,0.33,0.529,0.6402137762209894,0.7353447237540267,14,22,4,4,10,27,4,7,0.6234909782827656,58.04332111503169
1696,3063,0.253,0.5,0.7059092931863074,0.7773082935987787,14,22,4,4,11,27,4,7,0.560365059581698,63.16058964530624
1696,3064,0.192,0.467,0.7640324217304951,0.8128895704461064,14,22,4,4,12,27,4,7,0.5049287078390374,67.65072553942919
1696,3065,0.16,0.429,0.7880415915693652,0.820817235478277,14,22,4,4,13,27,4,7,0.4578657008337707,69.54647779384679
1696,3066,0.219,0.385,0.71177133798744,0.7768490870518724,14,22,4,4,14,27,4,7,0.44292888819764287,60.367431764633075
1696,3067,0.4,0.461,0.5649866433834811,0.687843516754193,14,22,4,4,15,27,4,7,0.6103449844145523,49.05251150453457
1696,3068,0.574,0.539,0.4021508134830373,0.5800856717635499,14,22,4,4,16,27,4,7,0.7873988823969716,43.19883948427764
1696,3069,0.73,0.616,0.25127780281261347,0.4765972040302905,14,22,4,4,17,27,4,7,0.9551732827084308,40.158864986965
1696,3070,0.857,0.692,0.13488684914588212,0.3939584789021966,14,22,4,4,18,27,4,7,1.1015048796986784,38.91976180065333
1696,3071,0.943,0.769,0.056645530366405517,0.3381303561530975,14,22,4,4,19,27,4,7,1.2168031886874722,39.19664171709888
1696,3072,0.987,0.847,0.013343609964085568,0.3053554464988433,14,22,4,4,20,27,4,7,1.3006067814677886,40.63474226497207
1696,3073,0.999,0.923,8.257991483122673e-4,0.2938686399856164,14,22,4,4,21,27,4,7,1.360121318118351,42.735581767640426
1696,3074,1,1,1.1102230246251565e-16,0.29289321881345254,14,22,4,4,22,27,4,7,1.4142135623730951,45
1696,3079,0.288,0.556,0.6599679090740076,0.7448429503696323,14,22,4,4,10,28,4,7,0.6261629180971995,62.6164933612334
1696,3080,0.235,0.529,0.7077324743263071,0.7744403865306819,14,22,4,4,11,28,4,7,0.5788488576476591,66.04756115328105
1696,3081,0.203,0.5,0.7384476502335526,0.7905475867141283,14,22,4,4,12,28,4,7,0.5396378415196621,67.90284754736555
1696,3082,0.19,0.467,0.7238295644513293,0.7772450002166793,14,22,4,4,13,28,4,7,0.5041715977720285,67.8609397365455
1696,3083,0.293,0.429,0.6262972087614023,0.7246126794543627,14,22,4,4,14,28,4,7,0.5195093839383461,55.66756143515289
1696,3084,0.466,0.5,0.48825777970300643,0.6402580474916726,14,22,4,4,15,28,4,7,0.6834881125520765,47.01578952272042
1696,3085,0.628,0.572,0.34346464659920983,0.5428241635005664,14,22,4,4,16,28,4,7,0.8494515877906168,42.32813540672741
1696,3086,0.77,0.643,0.21362974626256492,0.4510741848307952,14,22,4,4,17,28,4,7,1.0031694772071167,39.86407346326877
1696,3087,0.881,0.714,0.1142901647519955,0.378818211677721,14,22,4,4,18,28,4,7,1.1340004409170217,39.02278451059414
1696,3088,0.954,0.786,0.04771742559832792,0.3305197677904824,14,22,4,4,19,28,4,7,1.236087375552392,39.485088408754955
1696,3089,0.99,0.857,0.011039664651437575,0.3029105461718957,14,22,4,4,20,28,4,7,1.3094078814487105,40.88131652011829
1696,3090,0.999,0.929,6.892310210218078e-4,0.293632870352147,14,22,4,4,21,28,4,7,1.3642001319454562,42.92067237968438
1696,3091,1,1,0,0.2928932188134524,14,22,4,4,22,28,4,7,1.4142135623730951,45
1696,3097,0.27,0.579,0.6621246925987716,0.7437861483180441,14,22,4,4,10,29,4,7,0.6388591394039848,64.99936064331163
1696,3098,0.238,0.556,0.6918344147821286,0.7609367516509609,14,22,4,4,11,29,4,7,0.604797486767265,66.82628824271836
1696,3099,0.22,0.529,0.6981949011082866,0.7617444100018391,14,22,4,4,12,29,4,7,0.5729232060232855,67.41859891534966
1696,3100,0.231,0.5,0.6569595701902649,0.7362519721185519,14,22,4,4,13,29,4,7,0.5507821710985206,65.20306291452499
1696,3101,0.359,0.467,0.553027632719366,0.6806236524118042,14,22,4,4,14,29,4,7,0.5890415944566224,52.449199849136946
1696,3102,0.523,0.533,0.42514859030740015,0.6013913435030986,14,22,4,4,15,29,4,7,0.7467382406171523,45.54255745204371
1696,3103,0.674,0.6,0.29650224697174665,0.5130150141576357,14,22,4,4,16,29,4,7,0.9023724286568158,41.67572285886776
1696,3104,0.802,0.667,0.1837786419804215,0.4311100158497725,14,22,4,4,17,29,4,7,1.043116963719793,39.74930914445865
1696,3105,0.9,0.733,0.09821331504311726,0.36723911373363416,14,22,4,4,18,29,4,7,1.1607277889324439,39.16090226849255
1696,3106,0.962,0.8,0.0407445731978332,0.3248808512854746,14,22,4,4,19,29,4,7,1.25117704582525,39.746938509873786
1696,3107,0.992,0.867,0.009295336856062097,0.30116977346046303,14,22,4,4,20,29,4,7,1.3174797911163572,41.153196412675015
1696,3108,1,0.934,5.827189141615063e-4,0.293474531515472,14,22,4,4,21,29,4,7,1.3683406008739198,43.045473375173806
1696,3109,1,1,1.1102230246251565e-16,0.29289321881345254,14,22,4,4,22,29,4,7,1.4142135623730951,45
1696,3116,0.267,0.6,0.6516807388914962,0.735227072544308,14,22,4,4,10,30,4,7,0.656725970249388,66.0109359904476
1696,3117,0.25,0.579,0.6650286489355595,0.741773982856639,14,22,4,4,11,30,4,7,0.6306671071175347,66.6463307199998
1696,3118,0.24,0.556,0.6520425894660653,0.7319329855115734,14,22,4,4,12,30,4,7,0.6055873182291717,66.65233147190892
1696,3119,0.278,0.529,0.5945445163502332,0.6997128207437627,14,22,4,4,13,30,4,7,0.597599364122821,62.27718273903114
1696,3120,0.418,0.5,0.491102604536636,0.6437488642524207,14,22,4,4,14,30,4,7,0.6517085238049292,50.10437667616786
1696,3121,0.573,0.563,0.3734893889412739,0.5695728295533182,14,22,4,4,15,30,4,7,0.8033044254826435,44.49564877077623
1696,3122,0.713,0.625,0.2587632435012377,0.48899913169409326,14,22,4,4,16,30,4,7,0.9481529412494589,41.23708717370281
1696,3123,0.829,0.688,0.15995172309317496,0.4152557658695629,14,22,4,4,17,30,4,7,1.0773045066275364,39.68980844354433
1696,3124,0.915,0.75,0.08542318423786543,0.35816277345002756,14,22,4,4,18,30,4,7,1.18309974220266,39.340518159837515
1696,3125,0.969,0.813,0.03508816832228112,0.32054352827335697,14,22,4,4,19,30,4,7,1.2648833938351787,39.996962294953484
1696,3126,0.993,0.875,0.007926106610371741,0.2998641815127885,14,22,4,4,20,30,4,7,1.3235082168237566,41.38547608222573
1696,3127,1,0.938,4.936882186499236e-4,0.2933609874317531,14,22,4,4,21,30,4,7,1.3710740315533658,43.16763304046667
1696,3128,1,1,1.1102230246251565e-16,0.29289321881345254,14,22,4,4,22,30,4,7,1.4142135623730951,45
1696,3136,0.274,0.619,0.6330008079581384,0.7221156099961706,14,22,4,4,10,31,4,7,0.6769320497657058,66.12345033327483
1696,3137,0.263,0.6,0.6326013022671698,0.7204409941932086,14,22,4,4,11,31,4,7,0.6551099144418439,66.33055879924434
1696,3138,0.265,0.579,0.6051862589889848,0.7035444163707869,14,22,4,4,12,31,4,7,0.6367621219890517,65.40710929428089
1696,3139,0.328,0.556,0.5387992553640049,0.6677395030304445,14,22,4,4,13,31,4,7,0.6455385348683688,59.46245288217136
1696,3140,0.47,0.53,0.43893361591503777,0.612726813992255,14,22,4,4,14,31,4,7,0.7083784299369935,48.43363036245053
1696,3141,0.617,0.588,0.3309771132622029,0.5432799346763656,14,22,4,4,15,31,4,7,0.8523103894708781,43.62136354607817
1696,3142,0.746,0.647,0.22810869061473393,0.46937563383188974,14,22,4,4,16,31,4,7,0.9874841770884231,40.934844953586726
1696,3143,0.851,0.706,0.14069903031866637,0.4024069532252842,14,22,4,4,17,31,4,7,1.1057291711807191,39.67951527310133
1696,3144,0.927,0.765,0.07499314180156691,0.3508538697360879,14,22,4,4,18,31,4,7,1.2018960021565925,39.53090502988807
1696,3145,0.974,0.824,0.030448128518798412,0.3170894969573943,14,22,4,4,19,31,4,7,1.2757946543233358,40.23108391183746
1696,3146,0.995,0.883,0.0068000047471842295,0.2988436490115247,14,22,4,4,20,31,4,7,1.3303059798407282,41.58704174182933
1696,3147,1,0.941,4.185733101531586e-4,0.2932758639322717,14,22,4,4,21,31,4,7,1.3731281804696893,43.25893331542532
1696,3148,1,1,0,0.2928932188134524,14,22,4,4,22,31,4,7,1.4142135623730951,45
1696,3157,0.284,0.637,0.6094928753443878,0.7066821069728231,14,22,4,4,10,32,4,7,0.6974417538404193,65.97078136624876
1696,3158,0.277,0.619,0.597967343932446,0.6989254474223163,14,22,4,4,11,32,4,7,0.6781519003881062,65.89167689631354
1696,3159,0.295,0.6,0.5604000714662984,0.6774423140968726,14,22,4,4,12,32,4,7,0.6685992820815769,63.81819246855676
1696,3160,0.376,0.579,0.4898562220447661,0.6398703052610817,14,22,4,4,13,32,4,7,0.6903745360309865,57.00048697617057
1696,3161,0.517,0.556,0.3948272518832766,0.5864108510941384,14,22,4,4,14,32,4,7,0.7592265801458745,47.081595693155364
1696,3162,0.655,0.611,0.29564465722867594,0.5212669113131316,14,22,4,4,15,32,4,7,0.8957376848162636,43.009478694352374
1696,3163,0.774,0.667,0.2028438823565194,0.45306364315402736,14,22,4,4,16,32,4,7,1.0217460545556318,40.75335315083224
1696,3164,0.87,0.722,0.12488152246730666,0.3917658789248424,14,22,4,4,17,32,4,7,1.1305679988395214,39.688773515517475
1696,3165,0.938,0.778,0.0662693717735161,0.34481376146620624,14,22,4,4,18,32,4,7,1.2186582785998707,39.67313729267567
1696,3166,0.978,0.834,0.026559096521165615,0.3142553255101782,14,22,4,4,19,32,4,7,1.2853170815016814,40.45624234853285
1696,3167,0.996,0.889,0.005868947887788023,0.2980202913584039,14,22,4,4,20,32,4,7,1.3350419469065382,41.7511530506899
1696,3168,1,0.945,3.5576674343307246e-4,0.293210038077114,14,22,4,4,21,32,4,7,1.3758724504836921,43.38024250274473
1696,3169,1,1,0,0.2928932188134524,14,22,4,4,22,32,4,7,1.4142135623730951,45
1696,3179,0.294,0.652,0.5834509792404952,0.6903764821926441,14,22,4,4,10,33,4,7,0.7152202457984533,65.7284226522085
1696,3180,0.294,0.637,0.5632620608805218,0.6782111513181882,14,22,4,4,11,33,4,7,0.7015732321005413,65.22485943116808
1696,3181,0.328,0.619,0.5189029715819978,0.6537778216341541,14,22,4,4,12,33,4,7,0.7005319407421763,62.08146894052416
1696,3182,0.422,0.6,0.44706245459342897,0.6155026913359749,14,22,4,4,13,33,4,7,0.7335420914985042,54.880001949692875
1696,3183,0.559,0.579,0.3572522926256039,0.563843410359312,14,22,4,4,14,33,4,7,0.8048117792378539,46.0068520496858
1696,3184,0.688,0.632,0.26590372798755924,0.5025644536464109,14,22,4,4,15,33,4,7,0.9342205307099604,42.57072667650004
1696,3185,0.799,0.684,0.18170174228649372,0.439259983754401,14,22,4,4,16,33,4,7,1.0517875260716874,40.56584299674138
1696,3186,0.885,0.737,0.11158685988886285,0.38276738927647247,14,22,4,4,17,33,4,7,1.151691799050423,39.78646188357526
1696,3187,0.946,0.79,0.0588750799477169,0.3397055111280428,14,22,4,4,18,33,4,7,1.2324836712914293,39.86509296937054
1696,3188,0.981,0.843,0.02323186137965949,0.31187263978465285,14,22,4,4,19,33,4,7,1.2934488780002091,40.673364769903856
1696,3189,0.996,0.895,0.005072551222102151,0.2973405729602796,14,22,4,4,20,33,4,7,1.3390448088096232,41.94268622594689
1696,3190,1,0.948,3.017169371620776e-4,0.29315804324019257,14,22,4,4,21,33,4,7,1.3779346864057092,43.470907000688804
1696,3191,1,1,0,0.2928932188134524,14,22,4,4,22,33,4,7,1.4142135623730951,45
1696,3202,0.305,0.667,0.556464024549912,0.6740496051006045,14,22,4,4,10,34,4,7,0.7334262062402733,65.42673878257347
1696,3203,0.315,0.652,0.5296606576989638,0.6587103523081519,14,22,4,4,11,34,4,7,0.7241056552741458,64.21347233944276
1696,3204,0.363,0.636,0.4810117566478137,0.6324045918804553,14,22,4,4,12,34,4,7,0.7323011675533503,60.284232409654265
1696,3205,0.464,0.619,0.40957171960824756,0.5940537506144086,14,22,4,4,13,34,4,7,0.7736000258531537,53.14491511998756
1696,3206,0.596,0.6,0.32492271429429653,0.5442569898520406,14,22,4,4,14,34,4,7,0.8457044400971299,45.191623966174284
1696,3207,0.718,0.65,0.24053891549668005,0.486435197076425,14,22,4,4,15,34,4,7,0.9685163911880893,42.1543063905977
1696,3208,0.82,0.7,0.16373386690005676,0.42737577324914067,14,22,4,4,16,34,4,7,1.0781465577554843,40.48601154199874
1696,3209,0.899,0.75,0.10020640976900586,0.3750121152323179,14,22,4,4,17,34,4,7,1.1707694051349309,39.83690080234976
1696,3210,0.953,0.8,0.05246707462022071,0.33529981758438376,14,22,4,4,18,34,4,7,1.244270468989761,40.01192462307134
1696,3211,0.984,0.85,0.020356354494328266,0.30983147944202205,14,22,4,4,19,34,4,7,1.3002907367200613,40.8211472411231
1696,3212,0.997,0.9,0.004391252961143621,0.29677028188191945,14,22,4,4,20,34,4,7,1.3431340216076726,42.072823170724625
1696,3213,1,0.95,2.553998053992368e-4,0.29311634717603174,14,22,4,4,21,34,4,7,1.379311422413372,43.53119928561418
1696,3214,1,1,0,0.2928932188134524,14,22,4,4,22,34,4,7,1.4142135623730951,45
1696,3226,0.318,0.68,0.5294937066934535,0.6581576010771639,14,22,4,4,10,35,4,7,0.7506823562599564,64.93699693945675
1696,3227,0.339,0.667,0.4977908603870169,0.6405350455537091,14,22,4,4,11,35,4,7,0.7482045174950497,63.05823364494659
1696,3228,0.398,0.652,0.4465893930197046,0.6130701498045046,14,22,4,4,12,35,4,7,0.7638769534421104,58.59887960040575
1696,3229,0.504,0.637,0.3765302931761544,0.5750133827191155,14,22,4,4,13,35,4,7,0.8122715063327041,51.64864518326891
1696,3230,0.63,0.619,0.2968057457705787,0.5270482915734321,14,22,4,4,14,35,4,7,0.8832106204071597,44.49540650088469
1696,3231,0.744,0.667,0.21861123274100425,0.4723226420510186,14,22,4,4,15,35,4,7,0.9992121896774478,41.87639731990031
1696,3232,0.838,0.714,0.1482041515882917,0.4169798500268308,14,22,4,4,16,35,4,7,1.1009268822224298,40.431948006572476
1696,3233,0.91,0.762,0.09026512411567245,0.3682163284453748,14,22,4,4,17,35,4,7,1.1869052194678393,39.94154787573628
1696,3234,0.959,0.81,0.04680852148467485,0.3314386980728127,14,22,4,4,18,35,4,7,1.2553011590849426,40.18543350578935
1696,3235,0.986,0.858,0.01785658239123944,0.30805810921967747,14,22,4,4,19,35,4,7,1.307042462967443,41.02922197060386
1696,3236,0.997,0.905,0.003802493743698454,0.2962863718658626,14,22,4,4,20,35,4,7,1.3464895097994638,42.23075367453429
1696,3237,1,0.953,2.1577316067467045e-4,0.2930825219552361,14,22,4,4,21,35,4,7,1.3813793830805496,43.62141221053497
1696,3238,1,1,0,0.2928932188134524,14,22,4,4,22,35,4,7,1.4142135623730951,45
1696,3257,1,1,1.1102230246251565e-16,0.29289321881345254,14,22,4,4,10,14,7,7,1.4142135623730951,45
1696,3258,1,1,1.1102230246251565e-16,0.29289321881345254,14,22,4,4,11,14,7,7,1.4142135623730951,45
1696,3259,1,1,1.1102230246251565e-16,0.29289321881345254,14,22,4,4,12,14,7,7,1.4142135623730951,45
1696,3260,1,1,0,0.2928932188134524,14,22,4,4,13,14,7,7,1.4142135623730951,45
1696,3261,1,0.917,1.152783043948391e-4,0.2930178141434604,14,22,4,4,10,15,7,7,1.3567936468011634,42.52082345847564
1696,3262,1,0.91,2.0185612205292358e-4,0.29315224524974504,14,22,4,4,11,15,7,7,1.3520724832641184,42.3021943666837
1696,3263,0.999,0.9,3.5742212016764974e-4,0.2935472707695449,14,22,4,4,12,15,7,7,1.3446192769702507,42.015717856406624
1696,3264,0.998,0.889,6.514817337973655e-4,0.2949731059679429,14,22,4,4,13,15,7,7,1.3365346983898323,41.694060517722356
1696,3265,0.993,0.876,0.0011416893233299197,0.30032900086062897,14,22,4,4,14,15,7,7,1.3241695510772025,41.41794005496944
1696,3266,0.996,0.833,0.0038228344259494396,0.2967742006669015,14,22,4,4,10,16,7,7,1.2984240447557955,39.90726944037342
1696,3267,0.993,0.819,0.005669288073010259,0.2994214734373033,14,22,4,4,11,16,7,7,1.2871713172689951,39.514905650356816
1696,3268,0.987,0.8,0.00848293148717294,0.3045590713271128,14,22,4,4,12,16,7,7,1.2704995080675947,39.026045495288194
1696,3269,0.975,0.778,0.012668028624662653,0.3143567415524814,14,22,4,4,13,16,7,7,1.2473608138786467,38.588071995702286
1696,3270,0.944,0.75,0.01929270229273461,0.3311108342628185,14,22,4,4,14,16,7,7,1.2056682794201727,38.46684392312313
1696,3271,0.863,0.876,0.026266617501042755,0.3448839059838691,14,22,4,4,15,16,7,7,1.2296930511310535,45.42831009727333
1696,3272,0.978,0.75,0.022233442877857,0.31372409541545765,14,22,4,4,10,17,7,7,1.2324706893066464,37.48355828373051
1696,3273,0.966,0.728,0.031130564497433677,0.32327101041398976,14,22,4,4,11,17,7,7,1.2096032407363995,37.00252652819617
1696,3274,0.946,0.7,0.0436510332889114,0.33797938960512264,14,22,4,4,12,17,7,7,1.1768245408725975,36.499875662050066
1696,3275,0.909,0.667,0.061129114084141456,0.36037421061621056,14,22,4,4,13,17,7,7,1.1274617510141975,36.27022981582068
1696,3276,0.838,0.625,0.08615835199785216,0.39134031720608076,14,22,4,4,14,17,7,7,1.045403749754132,36.71643696188561
1696,3277,0.711,0.75,0.1148141044940133,0.4165335174954137,14,22,4,4,15,17,7,7,1.0334510148042817,46.529092999311196
1696,3278,0.595,0.875,0.1044205669961904,0.4106047823097948,14,22,4,4,16,17,7,7,1.058135152048168,55.7842978675626
1696,3279,0.937,0.667,0.06909000411233168,0.3515025067597537,14,22,4,4,10,18,7,7,1.1501556416415997,35.44502247834184
1696,3280,0.909,0.637,0.09109355156034615,0.3710791636502051,14,22,4,4,11,18,7,7,1.1099774772489757,35.02162167622542
1696,3281,0.866,0.6,0.12063497957019498,0.398094283317564,14,22,4,4,12,18,7,7,1.0535444936024296,34.71579074231645
1696,3282,0.799,0.556,0.16065442050515844,0.4347425476171628,14,22,4,4,13,18,7,7,0.9734151221344366,34.832892453858825
1696,3283,0.687,0.5,0.21329617722558614,0.47784614377127754,14,22,4,4,14,18,7,7,0.8496875896469244,36.047204059924134
1696,3284,0.54,0.625,0.2674312815816434,0.5106633032831343,14,22,4,4,15,18,7,7,0.8259691277523634,49.172984476079506
1696,3285,0.458,0.75,0.2685234433714473,0.5103099749114778,14,22,4,4,16,18,7,7,0.8787855255976853,58.58897870844741
1696,3286,0.458,0.875,0.182152368290305,0.4596622228152283,14,22,4,4,17,18,7,7,0.9876178410701176,62.371154882049616
1696,3287,0.867,0.583,0.14838177543488817,0.4113192315654889,14,22,4,4,10,19,7,7,1.0447861025109397,33.91821516345118
1696,3288,0.82,0.546,0.18804692228300557,0.4423297808459692,14,22,4,4,11,19,7,7,0.9851477046615903,33.65780639227592
1696,3289,0.753,0.5,0.23899732908468385,0.48254695970590356,14,22,4,4,12,19,7,7,0.9038855015985156,33.584582932953445
1696,3290,0.656,0.444,0.3050804310265619,0.5329167686174598,14,22,4,4,13,19,7,7,0.7921313022472979,34.09129191645919
1696,3291,0.513,0.375,0.38721354110262773,0.5864990073526544,14,22,4,4,14,19,7,7,0.6354478735506163,36.166585348781
1696,3292,0.384,0.5,0.4587228857805865,0.6230016106023089,14,22,4,4,15,19,7,7,0.630441115410472,52.47573738554823
1696,3293,0.362,0.625,0.4528809081246258,0.6163505332368635,14,22,4,4,16,19,7,7,0.7222665712879144,59.920577338540625
1696,3294,0.402,0.75,0.3521839835424576,0.5577526271739253,14,22,4,4,17,19,7,7,0.8509430063171094,61.80869162620685
1696,3295,0.458,0.875,0.1771193866766274,0.4567142079985328,14,22,4,4,18,19,7,7,0.9876178410701176,62.371154882049616
1696,3296,0.772,0.5,0.2557421091180244,0.4891360984273916,14,22,4,4,10,20,7,7,0.9197738852565885,32.929854510612074
1696,3297,0.705,0.455,0.3144742168691711,0.5316499749228061,14,22,4,4,11,20,7,7,0.8390768737130109,32.83779648031817
1696,3298,0.615,0.4,0.3882845193997848,0.5845127018567018,14,22,4,4,12,20,7,7,0.7336381942074717,33.040237778069226
1696,3299,0.495,0.333,0.47992236911458963,0.6466941920235247,14,22,4,4,13,20,7,7,0.5965852830903559,33.929797422060645
1696,3300,0.336,0.25,0.586496678265308,0.7058080275051835,14,22,4,4,14,20,7,7,0.41880305634032805,36.65100366014354
1696,3301,0.27,0.375,0.6390623391125406,0.7306802165270414,14,22,4,4,15,20,7,7,0.4620876540224809,54.24611274556325
1696,3302,0.304,0.5,0.5782904262673735,0.6931487834381018,14,22,4,4,16,20,7,7,0.5851632250919396,58.700398665371466
1696,3303,0.362,0.625,0.4396894301905585,0.6091194922170213,14,22,4,4,17,20,7,7,0.7222665712879144,59.920577338540625
1696,3304,0.458,0.75,0.25379402415280927,0.5021824813922586,14,22,4,4,18,20,7,7,0.8787855255976853,58.58897870844741
1696,3305,0.595,0.875,0.10340749038107522,0.4097512067575301,14,22,4,4,19,20,7,7,1.058135152048168,55.7842978675626
1696,3306,0.655,0.417,0.38110159019249334,0.5767052501164254,14,22,4,4,10,21,7,7,0.7764753698604998,32.48251109344978
1696,3307,0.57,0.364,0.45753766710997756,0.6294812941718267,14,22,4,4,11,21,7,7,0.6763105795416777,32.56215852346437
1696,3308,0.463,0.3,0.5510195338832578,0.6931690950464438,14,22,4,4,12,21,7,7,0.5516964745219965,32.94114574315596
1696,3309,0.326,0.222,0.6614813308749035,0.7642937395340277,14,22,4,4,13,21,7,7,0.39441095319476105,34.25414277042215
1696,3310,0.187,0.125,0.7662367265391785,0.8207002203706791,14,22,4,4,14,21,7,7,0.22493110056192764,33.76071580030233
1696,3311,0.206,0.25,0.7489203661185628,0.81098998348617,14,22,4,4,15,21,7,7,0.32393826572357887,50.51147741602062
1696,3312,0.27,0.375,0.6307208280104999,0.729577554466539,14,22,4,4,16,21,7,7,0.4620876540224809,54.24611274556325
1696,3313,0.384,0.5,0.4512368131877059,0.6191267479782518,14,22,4,4,17,21,7,7,0.630441115410472,52.47573738554823
1696,3314,0.54,0.625,0.2629726954619641,0.5084762066403914,14,22,4,4,18,21,7,7,0.8259691277523634,49.172984476079506
1696,3315,0.711,0.75,0.12505245372912321,0.42367967612109425,14,22,4,4,19,21,7,7,1.0334510148042817,46.529092999311196
1696,3316,0.863,0.876,0.03494793225058679,0.35455862959355755,14,22,4,4,20,21,7,7,1.2296930511310535,45.42831009727333
1696,3317,0.523,0.333,0.5122494705749785,0.6664014273492721,14,22,4,4,10,22,7,7,0.6200145159591024,32.48536739682179
1696,3318,0.424,0.273,0.6030112101466544,0.7282357439740572,14,22,4,4,11,22,7,7,0.5042866248474175,32.776185954999995
1696,3319,0.304,0.2,0.7115505926876786,0.8022947693966335,14,22,4,4,12,22,7,7,0.3638900932974131,33.340707346477004
1696,3320,0.159,0.111,0.833842535466721,0.883531138006754,14,22,4,4,13,22,7,7,0.19391235133430776,34.91940201245768
1696,3321,0.108,0,0.884474153273134,0.9155620991526251,14,22,4,4,14,22,7,7,0.108,0
1696,3322,0.187,0.125,0.7698429186918074,0.8284857761467637,14,22,4,4,15,22,7,7,0.22493110056192764,33.76071580030233
1696,3323,0.336,0.25,0.5863031634865077,0.7077499252644011,14,22,4,4,16,22,7,7,0.41880305634032805,36.65100366014354
1696,3324,0.513,0.375,0.38210587676535446,0.5847499191694614,14,22,4,4,17,22,7,7,0.6354478735506163,36.166585348781
1696,3325,0.687,0.5,0.21465817533895837,0.47966771533267727,14,22,4,4,18,22,7,7,0.8496875896469244,36.047204059924134
1696,3326,0.838,0.625,0.09681941337729327,0.4004258426417735,14,22,4,4,19,22,7,7,1.045403749754132,36.71643696188561
1696,3327,0.944,0.75,0.02659584915001878,0.33935625130714187,14,22,4,4,20,22,7,7,1.2056682794201727,38.46684392312313
1696,3328,0.993,0.876,0.0017608190730554751,0.302737423849886,14,22,4,4,21,22,7,7,1.3241695510772025,41.41794005496944
1696,3329,0.382,0.384,0.6400914496231278,0.7498407685516704,14,22,4,4,10,23,7,7,0.5416456406175536,45.14959699560251
1696,3330,0.273,0.333,0.7412457724143962,0.8180221083746011,14,22,4,4,11,23,7,7,0.43060190431534323,50.654420822640695
1696,3331,0.147,0.273,0.861045195718327,0.8998357958623764,14,22,4,4,12,23,7,7,0.3100612842649014,61.69924423399363
1696,3332,0.015,0.2,0.988086785631286,0.9842509219286111,14,22,4,4,13,23,7,7,0.20056171120131583,85.71084667118099
1696,3333,0.159,0.111,0.8363397262785254,0.8870788941407449,14,22,4,4,14,23,7,7,0.19391235133430776,34.91940201245768
1696,3334,0.326,0.222,0.657031754798644,0.7651441264554142,14,22,4,4,15,23,7,7,0.39441095319476105,34.25414277042215
1696,3335,0.495,0.333,0.46691618010195235,0.6409517221089316,14,22,4,4,16,23,7,7,0.5965852830903559,33.929797422060645
1696,3336,0.656,0.444,0.2921143424996444,0.526175632383503,14,22,4,4,17,23,7,7,0.7921313022472979,34.09129191645919
1696,3337,0.799,0.556,0.16007578419260204,0.4341284678832399,14,22,4,4,18,23,7,7,0.9734151221344366,34.832892453858825
1696,3338,0.909,0.667,0.06797349596923452,0.36523748881926354,14,22,4,4,19,23,7,7,1.1274617510141975,36.27022981582068
1696,3339,0.975,0.778,0.016409347279070063,0.3170676984110484,14,22,4,4,20,23,7,7,1.2473608138786467,38.588071995702286
1696,3340,0.998,0.889,9.759501659110104e-4,0.295587740531879,14,22,4,4,21,23,7,7,1.3365346983898323,41.694060517722356
1696,3341,1,1,0,0.2928932188134524,14,22,4,4,22,23,7,7,1.4142135623730951,45
1696,3342,0.245,0.428,0.7505335433460074,0.8135845511796739,14,22,4,4,10,24,7,7,0.4931622451080374,60.21188748929517
1696,3343,0.144,0.385,0.8441724519536675,0.8747063117317552,14,22,4,4,11,24,7,7,0.4110486589200845,69.49289763256107
1696,3344,0.074,0.333,0.9146234863371048,0.9203117363919844,14,22,4,4,12,24,7,7,0.34112314491983686,77.47119229084849
1696,3345,0.147,0.273,0.8448902261247841,0.8840587226213529,14,22,4,4,13,24,7,7,0.3100612842649014,61.69924423399363
1696,3346,0.304,0.2,0.6933015351212116,0.7892112430269502,14,22,4,4,14,24,7,7,0.3638900932974131,33.340707346477004
1696,3347,0.463,0.3,0.52518551591105,0.6780230411154298,14,22,4,4,15,24,7,7,0.5516964745219965,32.94114574315596
1696,3348,0.615,0.4,0.35971077056301504,0.5668891752869696,14,22,4,4,16,24,7,7,0.7336381942074717,33.040237778069226
1696,3349,0.753,0.5,0.2199756980416009,0.46869476211320427,14,22,4,4,17,24,7,7,0.9038855015985156,33.584582932953445
1696,3350,0.866,0.6,0.11621710020461451,0.39256903691807943,14,22,4,4,18,24,7,7,1.0535444936024296,34.71579074231645
1696,3351,0.946,0.7,0.04680488689372597,0.33809102775955113,14,22,4,4,19,24,7,7,1.1768245408725975,36.499875662050066
1696,3352,0.987,0.8,0.009946241945593348,0.30514602243723643,14,22,4,4,20,24,7,7,1.2704995080675947,39.026045495288194
1696,3353,0.999,0.9,5.349028656295163e-4,0.2937291009502466,14,22,4,4,21,24,7,7,1.3446192769702507,42.015717856406624
1696,3354,1,1,0,0.2928932188134524,14,22,4,4,22,24,7,7,1.4142135623730951,45
1696,3356,0.173,0.466,0.7998890099400201,0.8382305114820234,14,22,4,4,10,25,7,7,0.4970764528721915,69.63282645635286
1696,3357,0.135,0.428,0.8397802738620197,0.863665347724604,14,22,4,4,11,25,7,7,0.44878614060596833,72.49365409687545
1696,3358,0.144,0.385,0.8116788230037517,0.8478911145883241,14,22,4,4,12,25,7,7,0.4110486589200845,69.49289763256107
1696,3359,0.273,0.333,0.7005619808474739,0.7863846784272501,14,22,4,4,13,25,7,7,0.43060190431534323,50.654420822640695
1696,3360,0.424,0.273,0.5588757540397707,0.6981351396660482,14,22,4,4,14,25,7,7,0.5042866248474175,32.776185954999995
1696,3361,0.57,0.364,0.4110410702387036,0.5998285695026021,14,22,4,4,15,25,7,7,0.6763105795416777,32.56215852346437
1696,3362,0.705,0.455,0.27475370778327357,0.5047416903365385,14,22,4,4,16,25,7,7,0.8390768737130109,32.83779648031817
1696,3363,0.82,0.546,0.1645418218412844,0.42377254252555074,14,22,4,4,17,25,7,7,0.9851477046615903,33.65780639227592
1696,3364,0.909,0.637,0.08393243015376661,0.3629845092604005,14,22,4,4,18,25,7,7,1.1099774772489757,35.02162167622542
1696,3365,0.966,0.728,0.031975754118929056,0.32183767832788623,14,22,4,4,19,25,7,7,1.2096032407363995,37.00252652819617
1696,3366,0.993,0.819,0.006252991112353112,0.2996478194632274,14,22,4,4,20,25,7,7,1.2871713172689951,39.514905650356816
1696,3367,1,0.91,2.9788616005199664e-4,0.29323713423484254,14,22,4,4,21,25,7,7,1.3520724832641184,42.3021943666837
1696,3368,1,1,1.1102230246251565e-16,0.29289321881345254,14,22,4,4,22,25,7,7,1.4142135623730951,45
1696,3371,0.181,0.5,0.777233009840048,0.8184520608064855,14,22,4,4,10,26,7,7,0.5317527620990793,70.09974400126977
1696,3372,0.173,0.466,0.7625711744305683,0.8092611315350422,14,22,4,4,11,26,7,7,0.4970764528721915,69.63282645635286
1696,3373,0.245,0.428,0.6897884158472639,0.7696220029539469,14,22,4,4,12,26,7,7,0.4931622451080374,60.21188748929517
1696,3374,0.382,0.384,0.5748779337834895,0.7044557839671467,14,22,4,4,13,26,7,7,0.5416456406175536,45.14959699560251
1696,3375,0.523,0.333,0.4468837788682156,0.6236738193306175,14,22,4,4,14,26,7,7,0.6200145159591024,32.48536739682179
1696,3376,0.655,0.417,0.3212553379178097,0.5380350022740706,14,22,4,4,15,26,7,7,0.7764753698604998,32.48251109344978
1696,3377,0.772,0.5,0.21089842961203564,0.4580020787034881,14,22,4,4,16,26,7,7,0.9197738852565885,32.929854510612074
1696,3378,0.867,0.583,0.12371460398829437,0.39188116821102537,14,22,4,4,17,26,7,7,1.0447861025109397,33.91821516345118
1696,3379,0.937,0.667,0.06154762296705829,0.3436184080354798,14,22,4,4,18,26,7,7,1.1501556416415997,35.44502247834184
1696,3380,0.978,0.75,0.022075763409986626,0.31245625414202194,14,22,4,4,19,26,7,7,1.2324706893066464,37.48355828373051
1696,3381,0.996,0.833,0.0040942435126405385,0.29700080569084586,14,22,4,4,20,26,7,7,1.2984240447557955,39.90726944037342
1696,3382,1,0.917,1.709509812828358e-4,0.29306679477550746,14,22,4,4,21,26,7,7,1.3567936468011634,42.52082345847564
1696,3383,1,1,1.1102230246251565e-16,0.2928932188134524,14,22,4,4,22,26,7,7,1.4142135623730951,45
1696,3387,0.206,0.529,0.7150200276923828,0.7758076883271688,14,22,4,4,10,27,7,7,0.5676944600751358,68.72336544528325
1696,3388,0.238,0.5,0.6671153903735516,0.7489676980894816,14,22,4,4,11,27,7,7,0.5537544582213312,64.54555179822972
1696,3389,0.342,0.467,0.579999158752593,0.701784845082245,14,22,4,4,12,27,7,7,0.57883762835531,53.783412230056285
1696,3390,0.476,0.429,0.4713627994481594,0.6384812698740943,14,22,4,4,13,27,7,7,0.640794038673894,42.02708891636794
1696,3391,0.605,0.385,0.3589855613247933,0.5657197908697529,14,22,4,4,14,27,7,7,0.7171122645722914,32.47119229084849
1696,3392,0.723,0.461,0.25376083458640497,0.4915866024150103,14,22,4,4,15,27,7,7,0.8574672005388894,32.522440738284345
1696,3393,0.823,0.539,0.16415371297753711,0.4242336604768585,14,22,4,4,16,27,7,7,0.9837936775564274,33.22163206382982
1696,3394,0.901,0.616,0.09491492776483146,0.36984802261146243,14,22,4,4,17,27,7,7,1.0914472044034014,34.359822497014534
1696,3395,0.955,0.692,0.04604749170333666,0.33102614207211556,14,22,4,4,18,27,7,7,1.179359571971161,35.927362151575394
1696,3396,0.986,0.769,0.01564507722550401,0.3068645552162246,14,22,4,4,19,27,7,7,1.2504227285202392,37.951340469943304
1696,3397,0.998,0.847,0.002794249548381589,0.2956047734986704,14,22,4,4,20,27,7,7,1.3089740257163243,40.32117995669413
1696,3398,1,0.923,1.0220092791046742e-4,0.29299338672583786,14,22,4,4,21,27,7,7,1.3608559806239602,42.707010169212275
1696,3399,1,1,0,0.2928932188134524,14,22,4,4,22,27,7,7,1.4142135623730951,45
1696,3404,0.249,0.556,0.6400655973152041,0.7289830748753705,14,22,4,4,10,28,7,7,0.6092101443672783,65.87517341787057
1696,3405,0.315,0.529,0.5763170106154254,0.694507746262905,14,22,4,4,11,28,7,7,0.6156833601779408,59.22776068059746
1696,3406,0.429,0.5,0.48792818658105674,0.6458800906291973,14,22,4,4,12,28,7,7,0.6588178807530956,49.37040648694117
1696,3407,0.555,0.467,0.38918611029381955,0.5864713699077915,14,22,4,4,13,28,7,7,0.7253371629800862,40.07864687926374
1696,3408,0.673,0.429,0.29187990960322174,0.5214080527999454,14,22,4,4,14,28,7,7,0.798104003247697,32.51524054625896
1696,3409,0.776,0.5,0.2036920041199406,0.45707026281703933,14,22,4,4,15,28,7,7,0.9231337931199356,32.79489381576872
1696,3410,0.861,0.572,0.13033837174070195,0.399847124241293,14,22,4,4,16,28,7,7,1.0336851551608932,33.59782862603541
1696,3411,0.926,0.643,0.07448112076158897,0.3544170855611384,14,22,4,4,17,28,7,7,1.1273530946424906,34.77551221558847
1696,3412,0.968,0.714,0.035134576569422094,0.3225530964946005,14,22,4,4,18,28,7,7,1.20283830999848,36.41260815119424
1696,3413,0.99,0.786,0.011431330384219951,0.30330446001137734,14,22,4,4,19,28,7,7,1.2640791114483303,38.447445329170726
1696,3414,0.999,0.857,0.0019599718511124076,0.29478190019910444,14,22,4,4,20,28,7,7,1.3162256645423687,40.624902299009705
1696,3415,1,0.929,6.234252969494758e-5,0.2929553771081356,14,22,4,4,21,28,7,7,1.3649325990685401,42.8920866639288
1696,3416,1,1,0,0.2928932188134524,14,22,4,4,22,28,7,7,1.4142135623730951,45
1696,3422,0.305,0.579,0.5664591220782997,0.6853789424146355,14,22,4,4,10,29,7,7,0.6544203542066827,62.221070893817675
1696,3423,0.391,0.556,0.4973012534829535,0.6480784038333806,14,22,4,4,11,29,7,7,0.679718324013705,54.88367916105967
1696,3424,0.505,0.529,0.4131221379844129,0.6005437429167684,14,22,4,4,12,29,7,7,0.7313453356657169,46.32964395226129
1696,3425,0.622,0.5,0.32487906579943837,0.5455868081359951,14,22,4,4,13,29,7,7,0.7980501237391046,38.79435778252229
1696,3426,0.728,0.467,0.24077257791383433,0.48737971550438763,14,22,4,4,14,29,7,7,0.864912134265672,32.67950271112979
1696,3427,0.819,0.533,0.16636455421139795,0.43108746939863174,14,22,4,4,15,29,7,7,0.977164264594239,33.05582281155367
1696,3428,0.891,0.6,0.10557686131895128,0.3818150166595522,14,22,4,4,16,29,7,7,1.0741885309385872,33.956351183574036
1696,3429,0.943,0.667,0.05945646851212649,0.3432104816971504,14,22,4,4,17,29,7,7,1.1550489167130542,35.2724214485984
1696,3430,0.977,0.733,0.027218802683089516,0.31654338597554077,14,22,4,4,18,29,7,7,1.221400016374652,36.879279630288266
1696,3431,0.993,0.8,0.008534856634736077,0.30086642041255696,14,22,4,4,19,29,7,7,1.2751662636691734,38.856290255030515
1696,3432,0.999,0.867,0.0013944569530637274,0.29424966232846794,14,22,4,4,20,29,7,7,1.3227584813562905,40.95366277021042
1696,3433,1,0.934,3.8329418284632766e-5,0.29293344222994344,14,22,4,4,21,29,7,7,1.3683406008739198,43.045473375173806
1696,3434,1,1,1.1102230246251565e-16,0.29289321881345254,14,22,4,4,22,29,7,7,1.4142135623730951,45
1696,3441,0.367,0.6,0.5000081468549555,0.6469646296577647,14,22,4,4,10,30,7,7,0.7033413111711838,58.547264292936724
1696,3442,0.462,0.579,0.4308263133095036,0.6091599526586129,14,22,4,4,11,30,7,7,0.7407327453272199,51.41267213673849
1696,3443,0.572,0.556,0.35284387266092665,0.5637374073990474,14,22,4,4,12,30,7,7,0.7976966842102329,44.18734840574627
1696,3444,0.679,0.529,0.2743925998039054,0.5131128248537105,14,22,4,4,13,30,7,7,0.8607450261256233,37.92168898374322
1696,3445,0.774,0.5,0.2014128954381742,0.4607834658826936,14,22,4,4,14,30,7,7,0.9214532001138203,32.862251135945236
1696,3446,0.853,0.563,0.1380631144789981,0.4110274137080645,14,22,4,4,15,30,7,7,1.022045987223667,33.42574694473462
1696,3447,0.914,0.625,0.08680485114306169,0.3680270409281159,14,22,4,4,16,30,7,7,1.107258325775878,34.36461091793257
1696,3448,0.957,0.688,0.048039985987567424,0.33472290513802483,14,22,4,4,17,30,7,7,1.178640318332951,35.7128591343365
1696,3449,0.983,0.75,0.02126626663391029,0.3120608486729386,14,22,4,4,18,30,7,7,1.2364420730466914,37.34256320180903
1696,3450,0.995,0.813,0.00643447260787533,0.29910068995242,14,22,4,4,19,30,7,7,1.284910113587717,39.25175768633129
1696,3451,0.999,0.875,9.962410782748954e-4,0.2938861946473943,14,22,4,4,20,30,7,7,1.3280158131588644,41.21433562286915
1696,3452,1,0.938,2.3759908314047173e-5,0.2929201134893218,14,22,4,4,21,30,7,7,1.3710740315533658,43.16763304046667
1696,3453,1,1,0,0.2928932188134524,14,22,4,4,22,30,7,7,1.4142135623730951,45
1696,3461,0.428,0.619,0.4420910085916817,0.6137222997527427,14,22,4,4,10,31,7,7,0.7525589677892358,55.33855269704776
1696,3462,0.526,0.6,0.37546209575509004,0.5765267126787181,14,22,4,4,11,31,7,7,0.7979197954681911,48.76003497338639
1696,3463,0.63,0.579,0.30405973666070996,0.5335327969680734,14,22,4,4,12,31,7,7,0.8556523826882035,42.5844885351871
1696,3464,0.727,0.556,0.23425160360986064,0.48685744782127993,14,22,4,4,13,31,7,7,0.9152404055765895,37.40828182564265
1696,3465,0.811,0.53,0.170543771036076,0.4394982187346117,14,22,4,4,14,31,7,7,0.96882454551895,33.1651852888
1696,3466,0.88,0.588,0.11596783040115632,0.39507945046368154,14,22,4,4,15,31,7,7,1.0583685558443239,33.750125973074454
1696,3467,0.931,0.647,0.0720360044590419,0.3571150553711565,14,22,4,4,16,31,7,7,1.133741593133109,34.7974330691616
1696,3468,0.967,0.706,0.03902736485206604,0.3280438635541292,14,22,4,4,17,31,7,7,1.197299043681235,36.132922752065745
1696,3469,0.987,0.765,0.016695368069003846,0.3085819815006252,14,22,4,4,18,31,7,7,1.2487569819624633,37.77840425750796
1696,3470,0.997,0.824,0.004862944534619329,0.2977738350211243,14,22,4,4,19,31,7,7,1.2934392138790287,39.57303158902888
1696,3471,1,0.883,7.118864342987585e-4,0.29363010177398363,14,22,4,4,20,31,7,7,1.3340498491435768,41.4445038973404
1696,3472,1,0.941,1.4700219580054963e-5,0.29291169605184664,14,22,4,4,21,31,7,7,1.3731281804696893,43.25893331542532
1696,3473,1,1,1.1102230246251565e-16,0.29289321881345254,14,22,4,4,22,31,7,7,1.4142135623730951,45
1696,3482,0.487,0.637,0.39221696079203694,0.584998639598338,14,22,4,4,10,32,7,7,0.8018341474394814,52.60132119834129
1696,3483,0.583,0.619,0.3292238976772802,0.5489187367280829,14,22,4,4,11,32,7,7,0.8503234678638477,46.715500546816266
1696,3484,0.68,0.6,0.26409738689649387,0.5083503360776891,14,22,4,4,12,32,7,7,0.9068627239003707,41.42366562500265
1696,3485,0.768,0.579,0.2017785464113453,0.4651794495726934,14,22,4,4,13,32,7,7,0.9618029943808659,37.01286872655191
1696,3486,0.842,0.556,0.1457344178895218,0.42202716981634536,14,22,4,4,14,32,7,7,1.0090094152187083,33.438081115419465
1696,3487,0.902,0.611,0.09815711025658347,0.38203008687214923,14,22,4,4,15,32,7,7,1.0894608758463977,34.11306839604355
1696,3488,0.945,0.667,0.06011746974664367,0.348206790522937,14,22,4,4,16,32,7,7,1.1566823245818187,35.21521248792847
1696,3489,0.974,0.722,0.031757162539365,0.32262194999551963,14,22,4,4,17,32,7,7,1.21241906946402,36.548545604149616
1696,3490,0.99,0.778,0.013132423323105269,0.30580514109353707,14,22,4,4,18,32,7,7,1.2591203278479781,38.16233817442956
1696,3491,0.998,0.834,0.0036682888097385735,0.2967542234403361,14,22,4,4,19,32,7,7,1.30059986160233,39.88453746411934
1696,3492,1,0.889,5.059711180558368e-4,0.29344614232677024,14,22,4,4,20,32,7,7,1.3380287739805896,41.63709543013025
1696,3493,1,0.945,9.178018132049992e-6,0.2929062116387736,14,22,4,4,21,32,7,7,1.3758724504836921,43.38024250274473
1696,3494,1,1,0,0.2928932188134524,14,22,4,4,22,32,7,7,1.4142135623730951,45
1696,3504,0.542,0.652,0.3492655940818825,0.5600196629527968,14,22,4,4,10,33,7,7,0.8478608376378756,50.26364757477059
1696,3505,0.634,0.637,0.2902621943988968,0.5252555048601427,14,22,4,4,11,33,7,7,0.8987352224098041,45.13523762339269
1696,3506,0.723,0.619,0.2308623733025802,0.48697800645862077,14,22,4,4,12,33,7,7,0.9517825381882145,40.56864748072396
1696,3507,0.802,0.6,0.17498650707930197,0.4468942345616528,14,22,4,4,13,33,7,7,1.0016007188495823,36.80125257543796
1696,3508,0.868,0.579,0.12529275977604248,0.4073387091995565,14,22,4,4,14,33,7,7,1.0433911059617098,33.705297663715996
1696,3509,0.919,0.632,0.08340395887298235,0.37107764605084614,14,22,4,4,15,33,7,7,1.1153407551058108,34.516460156925874
1696,3510,0.956,0.684,0.0501933532992932,0.3407500484009992,14,22,4,4,16,33,7,7,1.1754964908497174,35.583006722005436
1696,3511,0.98,0.737,0.025787095027569817,0.318122349664569,14,22,4,4,17,33,7,7,1.226201043874943,36.9446596709564
1696,3512,0.993,0.79,0.010310480060993443,0.30355154596305234,14,22,4,4,18,33,7,7,1.2689164669118296,38.50466929177736
1696,3513,0.998,0.843,0.002760070711672613,0.29596204243327706,14,22,4,4,19,33,7,7,1.3063892987926684,40.18742499035128
1696,3514,1,0.895,3.5757188558616093e-4,0.2933124903476365,14,22,4,4,20,33,7,7,1.3420227270802831,41.82854278370222
1696,3515,1,0.948,5.769709738534523e-6,0.2929025517005097,14,22,4,4,21,33,7,7,1.3779346864057092,43.470907000688804
1696,3516,1,1,1.1102230246251565e-16,0.29289321881345254,14,22,4,4,22,33,7,7,1.4142135623730951,45
1696,3527,0.591,0.667,0.31205079612575026,0.5380745688797877,14,22,4,4,10,34,7,7,0.8911621625719979,48.45722829337038
1696,3528,0.679,0.652,0.25702125486508476,0.5046749874444842,14,22,4,4,11,34,7,7,0.9413527500358195,43.837885872623
1696,3529,0.761,0.636,0.20276926068248247,0.4685139316211977,14,22,4,4,12,34,7,7,0.9917746719895604,39.88693607431755
1696,3530,0.831,0.619,0.1524028189014044,0.43116012023342054,14,22,4,4,13,34,7,7,1.0362055780587172,36.68189827194879
1696,3531,0.889,0.6,0.10802535716700334,0.39472739066885754,14,22,4,4,14,34,7,7,1.0725301860553855,34.01602913707633
1696,3532,0.933,0.65,0.07097390262048298,0.361693529949241,14,22,4,4,15,34,7,7,1.1370967417067028,34.86405433316856
1696,3533,0.964,0.7,0.04184236680114617,0.33439314621671523,14,22,4,4,16,34,7,7,1.1913421003221534,35.98494255145346
1696,3534,0.984,0.75,0.020872217544629867,0.3143363141685004,14,22,4,4,17,34,7,7,1.2372372448322109,37.31447285161838
1696,3535,0.994,0.8,0.008072039440464862,0.30170722640350645,14,22,4,4,18,34,7,7,1.2759451398865078,38.82811850536661
1696,3536,0.999,0.85,0.002072642870500352,0.29534319199196335,14,22,4,4,19,34,7,7,1.3116786954128667,40.39282667395615
1696,3537,1,0.9,2.5136154666849375e-4,0.29321443371728984,14,22,4,4,20,34,7,7,1.3453624047073711,41.98721249581666
1696,3538,1,0.95,3.655720386186445e-6,0.29290005233546434,14,22,4,4,21,34,7,7,1.379311422413372,43.53119928561418
1696,3539,1,1,1.1102230246251565e-16,0.29289321881345254,14,22,4,4,22,34,7,7,1.4142135623730951,45
1696,3551,0.636,0.68,0.2795188643618035,0.5185681265121587,14,22,4,4,10,35,7,7,0.9310724998623899,46.91495101404257
1696,3552,0.718,0.667,0.22828897256285763,0.4865125266908322,14,22,4,4,11,35,7,7,0.9800066326306164,42.89114432942761
1696,3553,0.793,0.652,0.1785981458112761,0.45229684215487265,14,22,4,4,12,35,7,7,1.026622131068681,39.426844216810544
1696,3554,0.856,0.637,0.1330086797347234,0.4173829923940612,14,22,4,4,13,35,7,7,1.0670074976306398,36.655106601386066
1696,3555,0.907,0.619,0.09319443025175844,0.3837117841098533,14,22,4,4,14,35,7,7,1.0980938029148513,34.31235134653041
1696,3556,0.945,0.667,0.06027643414772066,0.3535281791779036,14,22,4,4,15,35,7,7,1.1566823245818187,35.21521248792847
1696,3557,0.971,0.714,0.03473968529608029,0.3289086816631628,14,22,4,4,16,35,7,7,1.20525391515647,36.32795240264527
1696,3558,0.987,0.762,0.01683581874212614,0.3111274560495767,14,22,4,4,17,35,7,7,1.246921408910762,37.669449978657994
1696,3559,0.996,0.81,0.006294308856108932,0.30019286333366824,14,22,4,4,18,35,7,7,1.2837897024045644,39.119837474117396
1696,3560,0.999,0.858,0.0015534251131689158,0.2948581603542585,14,22,4,4,19,35,7,7,1.3168769874213764,40.65792499919822
1696,3561,1,0.905,1.7654406235212416e-4,0.29314179949617303,14,22,4,4,20,35,7,7,1.348712348872064,42.14509520315724
1696,3562,1,0.953,2.3479325009789775e-6,0.29289830902589786,14,22,4,4,21,35,7,7,1.3813793830805496,43.62141221053497
1696,3563,1,1,0,0.2928932188134524,14,22,4,4,22,35,7,7,1.4142135623730951,45
1696,3582,1,1,0,0.2928932188134524,14,22,4,4,10,14,10,7,1.4142135623730951,45
1696,3583,1,1,1.1102230246251565e-16,0.29289321881345254,14,22,4,4,11,14,10,7,1.4142135623730951,45
1696,3584,1,1,0,0.2928932188134524,14,22,4,4,12,14,10,7,1.4142135623730951,45
1696,3585,1,1,0,0.2928932188134524,14,22,4,4,13,14,10,7,1.4142135623730951,45
1696,3586,1,0.917,2.0601570897538224e-4,0.29315467970850995,14,22,4,4,10,15,10,7,1.3567936468011634,42.52082345847564
1696,3587,0.999,0.91,3.214319504428742e-4,0.2934224799111289,14,22,4,4,11,15,10,7,1.3513330455516879,42.33073093011519
1696,3588,0.999,0.9,5.174757972816746e-4,0.2941299117532571,14,22,4,4,12,15,10,7,1.3446192769702507,42.015717856406624
1696,3589,0.997,0.889,8.260216997540981e-4,0.29626079958385654,14,22,4,4,13,15,10,7,1.3357881568572167,41.72259083389258
1696,3590,0.991,0.876,0.0012838670845630729,0.3018314642404204,14,22,4,4,14,15,10,7,1.3226704049006313,41.47525416766464
1696,3591,0.993,0.833,0.006163292243320906,0.30002544110853024,14,22,4,4,10,16,10,7,1.296124222441661,39.99234912509038
1696,3592,0.988,0.819,0.008509748225151492,0.3041746316477627,14,22,4,4,11,16,10,7,1.2833179652759483,39.65694424142484
1696,3593,0.98,0.8,0.01172429125085972,0.31116032586755726,14,22,4,4,12,16,10,7,1.2650691680694774,39.22567409733673
1696,3594,0.963,0.778,0.016270416887095296,0.32252333736183314,14,22,4,4,13,16,10,7,1.2380036348896557,38.934467386686606
1696,3595,0.925,0.75,0.02280780802518101,0.33830973035311307,14,22,4,4,14,16,10,7,1.1908505363814554,39.03551289874688
1696,3596,0.844,0.876,0.02741437991595086,0.346784410652046,14,22,4,4,15,16,10,7,1.2164341330298158,46.065845027561586
1696,3597,0.961,0.75,0.035523751976254125,0.3272743503851252,14,22,4,4,10,17,10,7,1.2190246100879178,37.9697963517195
1696,3598,0.944,0.728,0.04651057177702278,0.33999252981424666,14,22,4,4,11,17,10,7,1.1921073777139373,37.63892232842206
1696,3599,0.915,0.7,0.06080578577137474,0.3578268956891614,14,22,4,4,12,17,10,7,1.1520525161640853,37.41697613632188
1696,3600,0.868,0.667,0.07986403526658592,0.38204596678944613,14,22,4,4,13,17,10,7,1.094674837565932,37.53987074262802
1696,3601,0.781,0.625,0.10518518374741126,0.40856777475115,14,22,4,4,14,17,10,7,1.0002929570880723,38.6687537309125
1696,3602,0.664,0.75,0.1254768979176486,0.4242111962049828,14,22,4,4,15,17,10,7,1.001696560840657,48.480463058857865
1696,3603,0.578,0.875,0.10265885269838004,0.40936995659691444,14,22,4,4,16,17,10,7,1.0486701101871836,56.55238870259583
1696,3604,0.892,0.667,0.10637966752717476,0.3829028649602536,14,22,4,4,10,18,10,7,1.1138011492182973,36.78759096227244
1696,3605,0.854,0.637,0.13347892853454335,0.4069672024787002,14,22,4,4,11,18,10,7,1.0654036793628976,36.719317757278255
1696,3606,0.797,0.6,0.16762769955629475,0.4375919990013545,14,22,4,4,12,18,10,7,0.9976016238960319,36.973278050018244
1696,3607,0.712,0.556,0.21032495524853745,0.4736646113052363,14,22,4,4,13,18,10,7,0.9033714629099151,37.986237452077276
1696,3608,0.584,0.5,0.261245831759611,0.5072646888945374,14,22,4,4,14,18,10,7,0.7688016649305593,40.56896068708647
1696,3609,0.479,0.625,0.29318116390411764,0.5243817416868635,14,22,4,4,15,18,10,7,0.7874426963278026,52.5334444818701
1696,3610,0.444,0.75,0.26625041080551604,0.509431090618895,14,22,4,4,16,18,10,7,0.8715709953870654,59.37446728130534
1696,3611,0.46,0.875,0.17215305803552383,0.4537683367496069,14,22,4,4,17,18,10,7,0.9885469134037089,62.268453874922855
1696,3612,0.783,0.583,0.22289903338735018,0.4664901167596317,14,22,4,4,10,19,10,7,0.9762059208998888,36.67034339195056
1696,3613,0.72,0.546,0.2704871374470924,0.5027959513358333,14,22,4,4,11,19,10,7,0.9036127489140467,37.17425483359111
1696,3614,0.635,0.5,0.32853345555752356,0.545811693285545,14,22,4,4,12,19,10,7,0.8082233602167163,38.216951144798855
1696,3615,0.517,0.444,0.3976926829221923,0.5916176375124997,14,22,4,4,13,19,10,7,0.681487343976394,40.656009681225605
1696,3616,0.386,0.375,0.47006576999392413,0.6287404229669884,14,22,4,4,14,19,10,7,0.5381644730005875,44.171866378916604
1696,3617,0.345,0.5,0.4925580927207145,0.6392728278804867,14,22,4,4,15,19,10,7,0.6074742792909014,55.39432444836144
1696,3618,0.369,0.625,0.4400594735249823,0.6091928823733033,14,22,4,4,16,19,10,7,0.725800248002162,59.44239767258825
1696,3619,0.412,0.75,0.32476630654508687,0.5428170742273788,14,22,4,4,17,19,10,7,0.8557125685649358,61.218540567136955
1696,3620,0.466,0.875,0.15792276517983028,0.44535280730541704,14,22,4,4,18,19,10,7,0.9913531156959159,61.9615104371897
1696,3621,0.64,0.5,0.3762720189156544,0.5714209797167777,14,22,4,4,10,20,10,7,0.8121576201698781,37.99873244250467
1696,3622,0.555,0.455,0.44571864679431217,0.6191717822177549,14,22,4,4,11,20,10,7,0.717669840525572,39.3455791773593
1696,3623,0.446,0.4,0.5272259467651657,0.6721121174427542,14,22,4,4,12,20,10,7,0.5990959856316849,41.88769139079452
1696,3624,0.306,0.333,0.6179023453394823,0.7215615262950652,14,22,4,4,13,20,10,7,0.45224440295044005,47.41950921665634
1696,3625,0.249,0.25,0.6697204403049484,0.7472054859065138,14,22,4,4,14,20,10,7,0.35284699233520467,45.11482104772024
1696,3626,0.279,0.375,0.6289213936379212,0.7267103547383988,14,22,4,4,15,20,10,7,0.4674034659691774,53.350752532331406
1696,3627,0.327,0.5,0.5249107520472059,0.6635963961923599,14,22,4,4,16,20,10,7,0.5974353521511763,56.815313893784555
1696,3628,0.397,0.625,0.3778814225804902,0.5761920675601733,14,22,4,4,17,20,10,7,0.7404282544581885,57.576287109522866
1696,3629,0.495,0.75,0.2161972864886219,0.48097935264337777,14,22,4,4,18,20,10,7,0.8986239480450096,56.5751888173962
1696,3630,0.618,0.875,0.09146280489019576,0.40104291937742853,14,22,4,4,19,20,10,7,1.0712371352786458,54.766984903200395
1696,3631,0.475,0.417,0.548537932447538,0.6858326546094896,14,22,4,4,10,21,10,7,0.6320711985211792,41.2797267748129
1696,3632,0.373,0.364,0.635860504792477,0.7430250848059214,14,22,4,4,11,21,10,7,0.5211765535785354,44.30035768624691
1696,3633,0.249,0.3,0.7313734109134705,0.802157945970459,14,22,4,4,12,21,10,7,0.38987305626318935,50.30732684933118
1696,3634,0.154,0.222,0.8087692556173292,0.8439876620014124,14,22,4,4,13,21,10,7,0.27018512172212594,55.25119875081743
1696,3635,0.191,0.125,0.772207937816214,0.8308819983410022,14,22,4,4,14,21,10,7,0.2282673870705143,33.20275186927624
1696,3636,0.254,0.25,0.6670649858738655,0.7612132204408582,14,22,4,4,15,21,10,7,0.35639304145844375,44.54528113830686
1696,3637,0.351,0.375,0.5193305370330596,0.6660768085320878,14,22,4,4,16,21,10,7,0.5136399517171537,46.89338584574628
1696,3638,0.478,0.5,0.35004897376257393,0.5642369788052801,14,22,4,4,17,21,10,7,0.6917253790341945,46.28864478516243
1696,3639,0.619,0.625,0.20698103502048049,0.4760345027404216,14,22,4,4,18,21,10,7,0.8796510671851652,45.27634406060828
1696,3640,0.759,0.75,0.09924313375702065,0.40575995432327716,14,22,4,4,19,21,10,7,1.0670431106567344,44.65827972074461
1696,3641,0.88,0.876,0.028863863392631806,0.34756259663136657,14,22,4,4,20,21,10,7,1.2416827292025931,44.869485921608906
1696,3642,0.299,0.333,0.7214155425430587,0.8015416639715129,14,22,4,4,10,22,10,7,0.4475377079085069,48.07939940850019
1696,3643,0.186,0.273,0.8222845179520583,0.8688483504221257,14,22,4,4,11,22,10,7,0.33034073318317864,55.73266455665579
1696,3644,0.065,0.2,0.9198441310667574,0.932603242258571,14,22,4,4,12,22,10,7,0.2102974084481309,71.99583839408662
1696,3645,0.114,0.111,0.8746069750246251,0.9149405789339559,14,22,4,4,13,22,10,7,0.15911316727411343,44.236101539070006
1696,3646,0.22,0,0.7450824485680954,0.8239731897733826,14,22,4,4,14,22,10,7,0.22,0
1696,3647,0.357,0.125,0.5842305115508775,0.7183988877025411,14,22,4,4,15,22,10,7,0.37825123925771875,19.297194788024143
1696,3648,0.504,0.25,0.4139589583608392,0.6114169334737027,14,22,4,4,16,22,10,7,0.5625975470973901,26.38287125204104
1696,3649,0.648,0.375,0.26343413327684295,0.5141108018618594,14,22,4,4,17,22,10,7,0.7486848469149086,30.058125479486673
1696,3650,0.78,0.5,0.14908958738979683,0.4362134792822905,14,22,4,4,18,22,10,7,0.9264987857520376,32.66091272167381
1696,3651,0.888,0.625,0.06611381740428479,0.37470712731281675,14,22,4,4,19,22,10,7,1.0858954830000906,35.138987549067544
1696,3652,0.962,0.75,0.017456996109064038,0.32692942433459404,14,22,4,4,20,22,10,7,1.2198131004379318,37.94089766229969
1696,3653,0.995,0.876,0.0012273450798295782,0.30018216381890506,14,22,4,4,21,22,10,7,1.325670019273273,41.36075562786028
1696,3654,0.122,0.384,0.878671914370356,0.8991919105185153,14,22,4,4,10,23,10,7,0.4029143829649173,72.37451382607354
1696,3655,0.031,0.333,0.9667607997502745,0.9577513639829993,14,22,4,4,11,23,10,7,0.3344398301638129,84.68148730246946
1696,3656,0.124,0.273,0.877460643272876,0.9214029222012857,14,22,4,4,12,23,10,7,0.2998416248621929,65.57185967667927
1696,3657,0.259,0.2,0.7395243937931207,0.8314729959679688,14,22,4,4,13,23,10,7,0.3272323333657602,37.67534759657383
1696,3658,0.397,0.111,0.5894819238813767,0.7311438494807054,14,22,4,4,14,23,10,7,0.4122256663527879,15.620831478010428
1696,3659,0.533,0.222,0.4360533055231587,0.6287755601391323,14,22,4,4,15,23,10,7,0.5773846205087212,22.612231617481658
1696,3660,0.664,0.333,0.29543087850035943,0.5325093574577958,14,22,4,4,16,23,10,7,0.7428223206124059,26.634040643451453
1696,3661,0.781,0.444,0.18213805356212676,0.45049997465475455,14,22,4,4,17,23,10,7,0.8983857745979731,29.618313440935967
1696,3662,0.879,0.556,0.09653151426882323,0.38603466096257444,14,22,4,4,18,23,10,7,1.0400850926727103,32.31486616581679
1696,3663,0.948,0.667,0.038942756953199376,0.33707215829725434,14,22,4,4,19,23,10,7,1.1591345909772515,35.129701501395836
1696,3664,0.987,0.778,0.008219883314727006,0.3059251774490226,14,22,4,4,20,23,10,7,1.2567629052450586,38.246847191922946
1696,3665,0.999,0.889,4.545032287195383e-4,0.29392095685530595,14,22,4,4,21,23,10,7,1.3372815709490653,41.66556206288983
1696,3666,1,1,0,0.2928932188134524,14,22,4,4,22,23,10,7,1.4142135623730951,45
1696,3667,0.102,0.428,0.8776036136652797,0.8953070328057143,14,22,4,4,10,24,10,7,0.43998636342504976,76.5954374370962
1696,3668,0.163,0.385,0.8171570853433593,0.8659756394753066,14,22,4,4,11,24,10,7,0.41808372367266344,67.05333654158181
1696,3669,0.286,0.333,0.7047955256597584,0.8009537986376266,14,22,4,4,12,24,10,7,0.4389589958071255,49.342075000801785
1696,3670,0.415,0.273,0.5749593173590264,0.718519994537178,14,22,4,4,13,24,10,7,0.49674339452075256,33.33817157398417
1696,3671,0.543,0.2,0.4409128974909211,0.6291508881093055,14,22,4,4,14,24,10,7,0.5786613863046333,20.219969461092635
1696,3672,0.663,0.3,0.3144034870069158,0.5410870063646728,14,22,4,4,15,24,10,7,0.7277149167084594,24.346213866164906
1696,3673,0.772,0.4,0.20665585818824572,0.4619401951488855,14,22,4,4,16,24,10,7,0.8694734038485594,27.390241970032854
1696,3674,0.863,0.5,0.12205038075901076,0.3972006078954172,14,22,4,4,17,24,10,7,0.9973810706044105,30.08689904978998
1696,3675,0.931,0.6,0.06076663078462041,0.34838627773158337,14,22,4,4,18,24,10,7,1.1075924340658887,32.800497556108674
1696,3676,0.975,0.7,0.021684304701378387,0.3150458278972913,14,22,4,4,19,24,10,7,1.2002603884157803,35.67640822186198
1696,3677,0.995,0.8,0.003945734606778606,0.2977361195307435,14,22,4,4,20,24,10,7,1.2767243241984545,38.79998113532084
1696,3678,1,0.9,1.5146670884036428e-4,0.2930827953946089,14,22,4,4,21,24,10,7,1.3453624047073711,41.98721249581666
1696,3679,1,1,0,0.29289321881345254,14,22,4,4,22,24,10,7,1.4142135623730951,45
1696,3681,0.198,0.466,0.7496613696634853,0.811240893295414,14,22,4,4,10,25,10,7,0.5063200568810207,66.97971527851689
1696,3682,0.301,0.428,0.6604367580436146,0.7621304917176304,14,22,4,4,11,25,10,7,0.5232446846361651,54.882390380975295
1696,3683,0.422,0.385,0.5508149961851211,0.6969180984303993,14,22,4,4,12,25,10,7,0.5712346278019217,42.37489435216855
1696,3684,0.542,0.333,0.4354333661218853,0.6226049637958329,14,22,4,4,13,25,10,7,0.6361234156985577,31.566197366010794
1696,3685,0.655,0.273,0.323899701747569,0.5459016922473103,14,22,4,4,14,25,10,7,0.7096153887846571,22.626075872624565
1696,3686,0.757,0.364,0.2247136899867438,0.4734270225178383,14,22,4,4,15,25,10,7,0.8399672612667711,25.680362383272676
1696,3687,0.844,0.455,0.14322044925647648,0.41086097194149407,14,22,4,4,16,25,10,7,0.9588331450257651,28.329085950643396
1696,3688,0.913,0.546,0.08120357685819679,0.36163965703411693,14,22,4,4,17,25,10,7,1.0638068433696035,30.88062552227651
1696,3689,0.96,0.637,0.037950343398914343,0.32643624689049,14,22,4,4,18,25,10,7,1.1521150116199337,33.56593146224262
1696,3690,0.987,0.728,0.011947706037163441,0.3046262388464064,14,22,4,4,19,25,10,7,1.226439154626107,36.41206440352397
1696,3691,0.998,0.819,0.0019417602483911,0.29495917507324054,14,22,4,4,20,25,10,7,1.2910325325103158,39.37371581286992
1696,3692,1,0.91,5.0799537751000656e-5,0.29294701391431477,14,22,4,4,21,25,10,7,1.3520724832641184,42.3021943666837
1696,3693,1,1,0,0.2928932188134524,14,22,4,4,22,25,10,7,1.4142135623730951,45
1696,3696,0.313,0.5,0.6165460850198914,0.7270785835826412,14,22,4,4,10,26,10,7,0.5898889726041673,57.953433848774765
1696,3697,0.422,0.466,0.5250197311846401,0.6751022567280451,14,22,4,4,11,26,10,7,0.6286811592532419,47.83666010112546
1696,3698,0.535,0.428,0.4260087497086428,0.6142429889434442,14,22,4,4,12,26,10,7,0.6851342934053147,38.65980825409009
1696,3699,0.643,0.384,0.3282971883833503,0.549095325759137,14,22,4,4,13,26,10,7,0.7489359118108838,30.84567517518025
1696,3700,0.74,0.333,0.23855305824682682,0.4847020397405194,14,22,4,4,14,26,10,7,0.8114733513800684,24.227745317954174
1696,3701,0.825,0.417,0.16164670758110566,0.42602720013193274,14,22,4,4,15,26,10,7,0.9243992643874182,26.814523241387622
1696,3702,0.894,0.5,0.10038601475313602,0.37700793924768694,14,22,4,4,16,26,10,7,1.0243222149304387,29.217591843143328
1696,3703,0.944,0.583,0.05492718767149407,0.3397198383735568,14,22,4,4,17,26,10,7,1.1095156600967828,31.698845227841527
1696,3704,0.977,0.667,0.023924405847050578,0.31426624971999695,14,22,4,4,18,26,10,7,1.1829699911663019,34.32143742924617
1696,3705,0.994,0.75,0.006933984609533317,0.2996658853928683,14,22,4,4,19,26,10,7,1.2452052039724215,37.03554511738589
1696,3706,0.999,0.833,0.0010149863161901251,0.29391606439339046,14,22,4,4,20,26,10,7,1.3007267199531192,39.822490802231016
1696,3707,1,0.917,1.8834980538673385e-5,0.2929137538505716,14,22,4,4,21,26,10,7,1.3567936468011634,42.52082345847564
1696,3708,1,1,0,0.2928932188134524,14,22,4,4,22,26,10,7,1.4142135623730951,45
1696,3712,0.42,0.529,0.5013459393320014,0.6562014655659254,14,22,4,4,10,27,10,7,0.6754561421735685,51.552152044220854
1696,3713,0.525,0.5,0.4165609718693064,0.6062771326009118,14,22,4,4,11,27,10,7,0.725,43.60281897270362
1696,3714,0.628,0.467,0.3309253706629187,0.5514490310348598,14,22,4,4,12,27,10,7,0.7826065422675689,36.635620272168275
1696,3715,0.722,0.429,0.2501267657469315,0.4952237444728952,14,22,4,4,13,27,10,7,0.8398362935715508,30.718054266558457
1696,3716,0.805,0.385,0.1784201501344781,0.44145465474077517,14,22,4,4,14,27,10,7,0.8923284148787374,25.55996517182381
1696,3717,0.874,0.461,0.1187682061807307,0.3937928285786647,14,22,4,4,15,27,10,7,0.9881280281421027,27.80985185293222
1696,3718,0.927,0.539,0.07222443622863428,0.3549573700538442,14,22,4,4,16,27,10,7,1.0723105893350118,30.17566851395085
1696,3719,0.964,0.616,0.038025012724938634,0.3262035848071082,14,22,4,4,17,27,10,7,1.1440069929856198,32.57874659106172
1696,3720,0.986,0.692,0.015513291859088008,0.30731045171116,14,22,4,4,18,27,10,7,1.204599518512273,35.0621591754404
1696,3721,0.997,0.769,0.004238153472004069,0.2971163462479941,14,22,4,4,19,27,10,7,1.2591147683988144,37.64350293703427
1696,3722,1,0.847,5.581192444350513e-4,0.2934580432286872,14,22,4,4,20,27,10,7,1.3104995230827061,40.26459927013793
1696,3723,1,0.923,7.339750010215695e-6,0.2929024808275146,14,22,4,4,21,27,10,7,1.3608559806239602,42.707010169212275
1696,3724,1,1,1.1102230246251565e-16,0.29289321881345254,14,22,4,4,22,27,10,7,1.4142135623730951,45
1696,3729,0.515,0.556,0.4084267632286547,0.5993640287243733,14,22,4,4,10,28,10,7,0.7578660831571763,47.19232531439981
1696,3730,0.612,0.529,0.3332598295158775,0.5532003068996495,14,22,4,4,11,28,10,7,0.8089406653148301,40.83944950365436
1696,3731,0.704,0.5,0.2605146962395367,0.5045108694427796,14,22,4,4,12,28,10,7,0.8634905905683049,35.38340842995006
1696,3732,0.785,0.467,0.19398845537340847,0.4560674961311404,14,22,4,4,13,28,10,7,0.9134079044983134,30.748602532068677
1696,3733,0.854,0.429,0.13649180266182526,0.41084488067025937,14,22,4,4,14,28,10,7,0.9556971277554411,26.67229631062959
1696,3734,0.909,0.5,0.08955211074057212,0.37157019408013603,14,22,4,4,15,28,10,7,1.037439636798209,28.813213328255117
1696,3735,0.95,0.572,0.05318248729865949,0.3401824044566958,14,22,4,4,16,28,10,7,1.1089111776873746,31.052367317462853
1696,3736,0.977,0.643,0.026846082531918336,0.31746176302335327,14,22,4,4,17,28,10,7,1.1696059165377028,33.3504000592211
1696,3737,0.992,0.714,0.010382813516857547,0.3030250352633159,14,22,4,4,18,28,10,7,1.222235656491824,35.74475693800817
1696,3738,0.998,0.786,0.0026523518989298722,0.2956514750830621,14,22,4,4,19,28,10,7,1.2703542812932147,38.22308959962372
1696,3739,1,0.857,3.0659612195882424e-4,0.29322248667593875,14,22,4,4,20,28,10,7,1.3169848138835922,40.59657583596283
1696,3740,1,0.929,2.8594342766918857e-6,0.2928977359791729,14,22,4,4,21,28,10,7,1.3649325990685401,42.8920866639288
1696,3741,1,1,1.1102230246251565e-16,0.29289321881345254,14,22,4,4,22,28,10,7,1.4142135623730951,45
1696,3747,0.596,0.579,0.33554965262856773,0.554369034174213,14,22,4,4,10,29,10,7,0.8309374224332419,44.17109761933814
1696,3748,0.684,0.556,0.27000700532214994,0.5122857862608361,14,22,4,4,11,29,10,7,0.8814714969867149,39.106470767934916
1696,3749,0.764,0.529,0.20840418941890504,0.46911325915541147,14,22,4,4,12,29,10,7,0.9292669153693142,34.69905306022224
1696,3750,0.833,0.5,0.1533874600298134,0.42708778303042794,14,22,4,4,13,29,10,7,0.9715394999689925,30.973870526586843
1696,3751,0.89,0.467,0.1066443745456892,0.388559381126537,14,22,4,4,14,29,10,7,1.0050815887279998,27.68685453805549
1696,3752,0.934,0.533,0.06876314845633291,0.3556339716023338,14,22,4,4,15,29,10,7,1.0753813277158946,29.71183875186657
1696,3753,0.965,0.6,0.03969740963558832,0.3297571481827729,14,22,4,4,16,29,10,7,1.1363208173750932,31.871764561527954
1696,3754,0.985,0.667,0.019156368188352424,0.3114269596878735,14,22,4,4,17,29,10,7,1.1895856421460373,34.104182293121426
1696,3755,0.995,0.733,0.007038622646795112,0.30016967083007506,14,22,4,4,18,29,10,7,1.235845459594362,36.37845860302918
1696,3756,0.999,0.8,0.0016666360145416448,0.2947342564637181,14,22,4,4,19,29,10,7,1.2798441311347253,38.687774465176346
1696,3757,1,0.867,1.6402456488329165e-4,0.29309085672212865,14,22,4,4,20,29,10,7,1.323513883569039,40.92528797789907
1696,3758,1,0.934,1.1290944900155253e-6,0.292895563731161,14,22,4,4,21,29,10,7,1.3683406008739198,43.045473375173806
1696,3759,1,1,0,0.2928932188134524,14,22,4,4,22,29,10,7,1.4142135623730951,45
1696,3766,0.665,0.6,0.2785504224288482,0.5185088709804895,14,22,4,4,10,30,10,7,0.8956701401743836,42.058535006088896
1696,3767,0.744,0.579,0.22160662493513927,0.48024922582168117,14,22,4,4,11,30,10,7,0.9427497016705971,37.89097465808268
1696,3768,0.813,0.556,0.16924810906213494,0.44178395973659945,14,22,4,4,12,30,10,7,0.9849390844108076,34.36771059405778
1696,3769,0.871,0.529,0.12321834555954236,0.40496174435613197,14,22,4,4,13,30,10,7,1.019059370203719,31.272313788845032
1696,3770,0.917,0.5,0.08446177674886002,0.37169629383667,14,22,4,4,14,30,10,7,1.0444563178994133,28.601703529483665
1696,3771,0.952,0.563,0.053359554976666224,0.34367485089857497,14,22,4,4,15,30,10,7,1.1060167268174563,30.5994992346311
1696,3772,0.976,0.625,0.02977741641451126,0.3220184409051122,14,22,4,4,16,30,10,7,1.1589654869753456,32.634233245723415
1696,3773,0.99,0.688,0.013729251935030273,0.30703565404928024,14,22,4,4,17,30,10,7,1.205588652899487,34.79734923145363
1696,3774,0.997,0.75,0.004767738122560039,0.29817254073765276,14,22,4,4,18,30,10,7,1.2476012984924312,36.952562227091214
1696,3775,0.999,0.813,0.001042015979744737,0.2941381402656612,14,22,4,4,19,30,10,7,1.2880100931281555,39.13917245226401
1696,3776,1,0.875,8.654436305799429e-5,0.2930150967871825,14,22,4,4,20,30,10,7,1.3287682265918312,41.18592516570965
1696,3777,1,0.938,4.618773348230576e-7,0.2928945105954359,14,22,4,4,21,30,10,7,1.3710740315533658,43.16763304046667
1696,3778,1,1,0,0.2928932188134524,14,22,4,4,22,30,10,7,1.4142135623730951,45
1696,3786,0.723,0.619,0.23347901602304955,0.4894352944144388,14,22,4,4,10,31,10,7,0.9517825381882145,40.56864748072396
1696,3787,0.792,0.6,0.1838996157230539,0.45456541411108686,14,22,4,4,11,31,10,7,0.9936115941352537,37.14668669802178
1696,3788,0.851,0.579,0.13899683176607047,0.42005683078142386,14,22,4,4,12,31,10,7,1.0292919896705697,34.230432070929794
1696,3789,0.9,0.556,0.0999363550857888,0.38747939442616597,14,22,4,4,13,31,10,7,1.0578922440400063,31.70685078591618
1696,3790,0.938,0.53,0.06737001613462468,0.35843980090213845,14,22,4,4,14,31,10,7,1.0773782993916297,29.467837319837102
1696,3791,0.965,0.588,0.041464036833306905,0.3343328091687209,14,22,4,4,15,31,10,7,1.130030530561011,31.35505566586433
1696,3792,0.983,0.647,0.022269779822366553,0.3160459703574393,14,22,4,4,16,31,10,7,1.1768168931486325,33.35248140475892
1696,3793,0.993,0.706,0.009808364886900733,0.3037317774784706,14,22,4,4,17,31,10,7,1.2183944353123088,35.41194543690611
1696,3794,0.998,0.765,0.003200783350456482,0.2967413596598203,14,22,4,4,18,31,10,7,1.2574692839190944,37.47135820620178
1696,3795,1,0.824,6.440521169734925e-4,0.29374368666724704,14,22,4,4,19,31,10,7,1.2957530628943155,39.48852258397938
1696,3796,1,0.883,4.5540021687995313e-5,0.2929702206032546,14,22,4,4,20,31,10,7,1.3340498491435768,41.4445038973404
1696,3797,1,0.941,1.933460871406112e-7,0.2928939641415137,14,22,4,4,21,31,10,7,1.3731281804696893,43.25893331542532
1696,3798,1,1,1.1102230246251565e-16,0.29289321881345254,14,22,4,4,22,31,10,7,1.4142135623730951,45
1696,3807,0.772,0.637,0.19718641658109615,0.46534496433930317,14,22,4,4,10,32,10,7,1.0008761162101931,39.52704704577274
1696,3808,0.832,0.619,0.1537497452171288,0.4334294419132374,14,22,4,4,11,32,10,7,1.037007714532539,36.648892842160215
1696,3809,0.882,0.6,0.11486505946483672,0.40226475144397333,14,22,4,4,12,32,10,7,1.066735206131306,34.22636181222382
1696,3810,0.923,0.579,0.08136548137643651,0.37321903282740865,14,22,4,4,13,32,10,7,1.0895733109800367,32.10014216942754
1696,3811,0.953,0.556,0.05370708507729416,0.3476762656290735,14,22,4,4,14,32,10,7,1.103333585095641,30.260175144964013
1696,3812,0.975,0.611,0.03206449394917443,0.32681196716270533,14,22,4,4,15,32,10,7,1.150628523894658,32.07400087529405
1696,3813,0.988,0.667,0.01655168235401161,0.3113218661418532,14,22,4,4,16,32,10,7,1.1920708871539478,34.0233337739646
1696,3814,0.995,0.722,0.006947069489541602,0.30120515865745034,14,22,4,4,17,32,10,7,1.229353081909343,35.96569503854188
1696,3815,0.999,0.778,0.0021307457438508592,0.29570659397350385,14,22,4,4,18,32,10,7,1.266208908513915,37.910701733027835
1696,3816,1,0.834,3.925585917103902e-4,0.2934802472647743,14,22,4,4,19,32,10,7,1.3021351696348578,39.82810630428432
1696,3817,1,0.889,2.3944949301468732e-5,0.29294301137565915,14,22,4,4,20,32,10,7,1.3380287739805896,41.63709543013025
1696,3818,1,0.945,8.326689027171597e-8,0.2928936666829062,14,22,4,4,21,32,10,7,1.3758724504836921,43.38024250274473
1696,3819,1,1,0,0.2928932188134524,14,22,4,4,22,32,10,7,1.4142135623730951,45
1696,3829,0.812,0.652,0.1672941292064426,0.4449326616985584,14,22,4,4,10,33,10,7,1.0413683306112205,38.76291992354151
1696,3830,0.864,0.637,0.12900141175423907,0.4156012786666232,14,22,4,4,11,33,10,7,1.0734360716875504,36.400183127369196
1696,3831,0.906,0.619,0.09505821644711998,0.3873134733934538,14,22,4,4,12,33,10,7,1.0972679709168585,34.34178615115659
1696,3832,0.94,0.6,0.06616141224289895,0.361287604677036,14,22,4,4,13,33,10,7,1.1151681487560519,32.5500034921934
1696,3833,0.964,0.579,0.04260101710469366,0.3387356677088885,14,22,4,4,14,33,10,7,1.124516340477096,30.989970856695376
1696,3834,0.981,0.632,0.0245857325016956,0.32065028055911726,14,22,4,4,15,33,10,7,1.1669554404517766,32.79127711463016
1696,3835,0.992,0.684,0.012197199871664899,0.30754735434000013,14,22,4,4,16,33,10,7,1.2049564307476017,34.58688953755296
1696,3836,0.997,0.737,0.004870292329894332,0.29926782901855675,14,22,4,4,17,33,10,7,1.2398298270327264,36.472465962497004
1696,3837,0.999,0.79,0.0014082065754734696,0.2949587742437705,14,22,4,4,18,33,10,7,1.27361728945551,38.3366227353616
1696,3838,1,0.843,2.364439127390261e-4,0.29330339686981277,14,22,4,4,19,33,10,7,1.3079178108734508,40.1308887134993
1696,3839,1,0.895,1.2694440775784521e-5,0.29292618175148244,14,22,4,4,20,33,10,7,1.3420227270802831,41.82854278370222
1696,3840,1,0.948,3.692910388597426e-8,0.29289349810909315,14,22,4,4,21,33,10,7,1.3779346864057092,43.470907000688804
1696,3841,1,1,0,0.2928932188134524,14,22,4,4,22,33,10,7,1.4142135623730951,45
1696,3852,0.845,0.667,0.14214309016379956,0.42728187377351856,14,22,4,4,10,34,10,7,1.0765286805282988,38.28576597202813
1696,3853,0.89,0.652,0.1082065536766732,0.40024654171459284,14,22,4,4,11,34,10,7,1.1032696859789088,36.225918540983315
1696,3854,0.926,0.636,0.07851672413987121,0.3744954195611476,14,22,4,4,12,34,10,7,1.1233752712250702,34.48225498129633
1696,3855,0.953,0.619,0.05349727886033839,0.351128641595315,14,22,4,4,13,34,10,7,1.1363846179881176,33.00484435158114
1696,3856,0.973,0.6,0.03349241113348089,0.33121166673913527,14,22,4,4,14,34,10,7,1.143122478127344,31.660040054448586
1696,3857,0.986,0.65,0.01868119495814491,0.31556637301592017,14,22,4,4,15,34,10,7,1.180972480627724,33.3940374806655
1696,3858,0.994,0.7,0.008901877795472357,0.30452876109390636,14,22,4,4,16,34,10,7,1.2157450390604108,35.15417763214743
1696,3859,0.998,0.75,0.0033837949299448944,0.29778609701282654,14,22,4,4,17,34,10,7,1.2484005767380917,36.92497207250216
1696,3860,0.999,0.8,9.253121988559432e-4,0.29441837753614275,14,22,4,4,18,34,10,7,1.2798441311347253,38.687774465176346
1696,3861,1,0.85,1.4180742962210946e-4,0.293183540401192,14,22,4,4,19,34,10,7,1.3124404748406686,40.36453657309736
1696,3862,1,0.9,6.796980859147261e-6,0.29291551531254123,14,22,4,4,20,34,10,7,1.3453624047073711,41.98721249581666
1696,3863,1,0.95,1.6917416245654238e-8,0.29289339849398033,14,22,4,4,21,34,10,7,1.379311422413372,43.53119928561418
1696,3864,1,1,1.1102230246251565e-16,0.29289321881345254,14,22,4,4,22,34,10,7,1.4142135623730951,45
1696,3876,0.872,0.68,0.12058306573634581,0.41176271084700733,14,22,4,4,10,35,10,7,1.1057956411561767,37.94769399215882
1696,3877,0.91,0.667,0.09051176008408923,0.3868132205557674,14,22,4,4,11,35,10,7,1.1282681418882659,36.2401874352508
1696,3878,0.941,0.652,0.06446752483522133,0.36335830718266626,14,22,4,4,12,35,10,7,1.1448078441380456,34.71731089472759
1696,3879,0.963,0.637,0.042907275817434254,0.3423948173668271,14,22,4,4,13,35,10,7,1.1546159534667793,33.4836219402446
1696,3880,0.979,0.619,0.026075737434572588,0.32484922077284795,14,22,4,4,14,35,10,7,1.1582754421984436,32.304260284139964
1696,3881,0.99,0.667,0.01406240091762001,0.3113727535649481,14,22,4,4,15,35,10,7,1.1937290312294495,33.969621852620115
1696,3882,0.996,0.714,0.006437610038233288,0.3021237849861762,14,22,4,4,16,35,10,7,1.225484394025481,35.635507713146325
1696,3883,0.999,0.762,0.002337380667112754,0.2966568808114649,14,22,4,4,17,35,10,7,1.25644140332926,37.335039409695085
1696,3884,1,0.81,6.047382135561108e-4,0.29402724533910873,14,22,4,4,18,35,10,7,1.2868954891520912,39.007472552121044
1696,3885,1,0.858,8.514343650301015e-5,0.2931014147077097,14,22,4,4,19,35,10,7,1.317635761506191,40.62959351305883
1696,3886,1,0.905,3.695434580786028e-6,0.2929086037303804,14,22,4,4,20,35,10,7,1.348712348872064,42.14509520315724
1696,3887,1,0.953,8.020437980427175e-9,0.29289333762669156,14,22,4,4,21,35,10,7,1.3813793830805496,43.62141221053497
1696,3888,1,1,0,0.29289321881345254,14,22,4,4,22,35,10,7,1.4142135623730951,45
1696,3907,1,1,0,0.2928932188134524,14,22,4,4,10,14,1,10,1.4142135623730951,45
1696,3908,1,1,0,0.2928932188134524,14,22,4,4,11,14,1,10,1.4142135623730951,45
1696,3909,1,1,0,0.2928932188134524,14,22,4,4,12,14,1,10,1.4142135623730951,45
1696,3910,1,1,0,0.2928932188134524,14,22,4,4,13,14,1,10,1.4142135623730951,45
1696,3911,1,0.917,1.74371290517783e-7,0.29289374876428265,14,22,4,4,10,15,1,10,1.3567936468011634,42.52082345847564
1696,3912,1,0.91,8.087043147364525e-7,0.29289468278661246,14,22,4,4,11,15,1,10,1.3520724832641184,42.3021943666837
1696,3913,1,0.9,5.034901329858954e-6,0.2928991813699884,14,22,4,4,12,15,1,10,1.3453624047073711,41.98721249581666
1696,3914,1,0.889,4.005898437242639e-5,0.2929423326585747,14,22,4,4,13,15,1,10,1.3380287739805896,41.63709543013025
1696,3915,0.998,0.876,3.125759214593904e-4,0.2943250283724326,14,22,4,4,14,15,1,10,1.3279231905498148,41.27522143439139
1696,3916,1,0.833,2.699829270724763e-5,0.29294095232394335,14,22,4,4,10,16,1,10,1.3014949097096,39.79429794346564
1696,3917,1,0.819,7.926655592049858e-5,0.29299854016357685,14,22,4,4,11,16,1,10,1.2925792045364184,39.31747620953449
1696,3918,1,0.8,2.8074466403626985e-4,0.2931945588161341,14,22,4,4,12,16,1,10,1.2806248474865698,38.659808254090095
1696,3919,0.998,0.778,0.0011545238398702473,0.2941741441654482,14,22,4,4,13,16,1,10,1.2654200883501099,37.93852205534109
1696,3920,0.989,0.75,0.004214287633877767,0.30098803417217956,14,22,4,4,14,16,1,10,1.241217547410606,37.17456134287004
1696,3921,0.923,0.876,0.012312813557354918,0.32271622468324435,14,22,4,4,15,16,1,10,1.2725191550621153,43.503452357184976
1696,3922,1,0.75,3.2871018708180433e-4,0.29336689146570416,14,22,4,4,10,17,1,10,1.25,36.86989764584402
1696,3923,0.999,0.728,7.634416027967328e-4,0.2937937646442259,14,22,4,4,11,17,1,10,1.2361169038565891,36.08189858557171
1696,3924,0.998,0.7,0.0020358102294740776,0.29496794904081713,14,22,4,4,12,17,1,10,1.2190176372801174,35.04592750208645
1696,3925,0.993,0.667,0.005765432061000775,0.2990265297211654,14,22,4,4,13,17,1,10,1.1962182075190129,33.88933328707825
1696,3926,0.971,0.625,0.015423400703578949,0.31389786220975524,14,22,4,4,14,17,1,10,1.154757983302129,32.768019523880504
1696,3927,0.881,0.75,0.04053651515093981,0.35080631791379213,14,22,4,4,15,17,1,10,1.1570051858137889,40.40792816601346
1696,3928,0.692,0.875,0.06250228161044402,0.3761696737892716,14,22,4,4,16,17,1,10,1.1155666721446997,51.661038340430004
1696,3929,0.999,0.667,0.001545584471856598,0.2949331828027617,14,22,4,4,10,18,1,10,1.2012035630982785,33.729755198814786
1696,3930,0.998,0.637,0.003079250948607948,0.2963870369938819,14,22,4,4,11,18,1,10,1.1839649488054957,32.549135584723864
1696,3931,0.994,0.6,0.006763041575215678,0.2998457890233459,14,22,4,4,12,18,1,10,1.1610495252141486,31.116093548476528
1696,3932,0.983,0.556,0.016072250332791915,0.3092246852110535,14,22,4,4,13,18,1,10,1.1293471565466484,29.49317163889874
1696,3933,0.947,0.5,0.03664719647391934,0.33355906491463394,14,22,4,4,14,18,1,10,1.0708916845321004,27.833296936032124
1696,3934,0.837,0.625,0.08223659712109299,0.385121265282219,14,22,4,4,15,18,1,10,1.0446023166736709,36.74922894149583
1696,3935,0.64,0.75,0.13721875979103204,0.4310265910842931,14,22,4,4,16,18,1,10,0.9859513172565875,49.52476847283419
1696,3936,0.501,0.875,0.12521021911115549,0.42363014030235546,14,22,4,4,17,18,1,10,1.008278731303998,60.205780487107724
1696,3937,0.998,0.583,0.004475251177841977,0.2985928730921106,14,22,4,4,10,19,1,10,1.1558083751210666,30.292119901341785
1696,3938,0.995,0.546,0.008016406177391189,0.3019320856612605,14,22,4,4,11,19,1,10,1.1349629949914666,28.75550176261427
1696,3939,0.987,0.5,0.015900053975586692,0.3090692052736901,14,22,4,4,12,19,1,10,1.1064217098376188,26.86611757901638
1696,3940,0.968,0.444,0.033571625075616174,0.32535882012732775,14,22,4,4,13,19,1,10,1.0649694831308547,24.639867468754836
1696,3941,0.918,0.375,0.0671278017908189,0.35971131127320055,14,22,4,4,14,19,1,10,0.9916395514500216,22.219854368902297
1696,3942,0.791,0.5,0.13482298249012914,0.42488035023212356,14,22,4,4,15,19,1,10,0.935778285706609,32.29744117672002
1696,3943,0.59,0.625,0.21904871002244952,0.48613140618457773,14,22,4,4,16,19,1,10,0.8594911285173338,46.650039395577885
1696,3944,0.46,0.75,0.2407706176777994,0.4976337757404019,14,22,4,4,17,19,1,10,0.8798295289429652,58.47782275324133
1696,3945,0.467,0.875,0.15091161298125122,0.44070714254355725,14,22,4,4,18,19,1,10,0.9918235730209279,61.91052244145752
1696,3946,0.995,0.5,0.009864499932723203,0.30513510819466705,14,22,4,4,10,20,1,10,1.1135640978408023,26.680102788531915
1696,3947,0.989,0.455,0.016546919568742657,0.3111960338030112,14,22,4,4,11,20,1,10,1.088644110809405,24.70529908095325
1696,3948,0.977,0.4,0.030392645426825737,0.3231168275468338,14,22,4,4,12,20,1,10,1.055712555575617,22.265006380022147
1696,3949,0.949,0.333,0.05802296272712404,0.34708475274008155,14,22,4,4,13,20,1,10,1.005728591619031,19.335751631657303
1696,3950,0.884,0.25,0.10519088166360713,0.39135376623618123,14,22,4,4,14,20,1,10,0.9186707788974242,15.791191125041964
1696,3951,0.744,0.375,0.19353694376706398,0.4689814035919361,14,22,4,4,15,20,1,10,0.8331632493095216,26.749578009339476
1696,3952,0.541,0.5,0.3027251470784925,0.5429719888594342,14,22,4,4,16,20,1,10,0.7366688536920778,42.74455961734279
1696,3953,0.421,0.625,0.35025245204219924,0.5627465217376864,14,22,4,4,17,20,1,10,0.7535688422433613,56.035792080286996
1696,3954,0.434,0.75,0.2525337238525265,0.5014107919104533,14,22,4,4,18,20,1,10,0.8665194746801712,59.9434642300023
1696,3955,0.527,0.875,0.0935571135018568,0.4026638182205259,14,22,4,4,19,20,1,10,1.0214470128205377,58.9400451373778
1696,3956,0.991,0.417,0.018384124295788618,0.3149410167891632,14,22,4,4,10,21,1,10,1.0751604531417625,22.820729346304365
1696,3957,0.981,0.364,0.02927599498403144,0.3243570888911066,14,22,4,4,11,21,1,10,1.0463541465488633,20.357369375502817
1696,3958,0.963,0.3,0.05028301445600647,0.3416851471000981,14,22,4,4,12,21,1,10,1.008647113712224,17.303194469049036
1696,3959,0.925,0.222,0.08823336795043202,0.3733624688092603,14,22,4,4,13,21,1,10,0.9512670497815007,13.495733280795811
1696,3960,0.848,0.125,0.14903510195196357,0.42690840721674617,14,22,4,4,14,21,1,10,0.8571633449932399,8.385336773220239
1696,3961,0.697,0.25,0.25575979740634314,0.5155226888829563,14,22,4,4,15,21,1,10,0.7404788990916621,19.731897837192314
1696,3962,0.493,0.375,0.38582322490022947,0.5991873211911679,14,22,4,4,16,21,1,10,0.6194142394230213,37.2584003677061
1696,3963,0.382,0.5,0.4446021583005447,0.6177276861893404,14,22,4,4,17,21,1,10,0.629224920040521,52.62017245327351
1696,3964,0.402,0.625,0.3318007970773258,0.5450025179036277,14,22,4,4,18,21,1,10,0.7431211206795296,57.25087598087039
1696,3965,0.519,0.75,0.15502003264948838,0.4432664540028881,14,22,4,4,19,21,1,10,0.9120641424812183,55.31676570710316
1696,3966,0.77,0.876,0.03999062502801409,0.3607944901431054,14,22,4,4,20,21,1,10,1.166308706989706,48.684676616930474
1696,3967,0.984,0.333,0.030409273310011198,0.32792666082209454,14,22,4,4,10,22,1,10,1.038819041026877,18.696571568616807
1696,3968,0.971,0.273,0.04628462781213638,0.3410395824197415,14,22,4,4,11,22,1,10,1.008647609425611,15.703511301589323
1696,3969,0.946,0.2,0.07497012555465055,0.36389937100327485,14,22,4,4,12,22,1,10,0.9669105439491287,11.937487924056613
1696,3970,0.899,0.111,0.12305985202280934,0.402770545231272,14,22,4,4,13,22,1,10,0.905826694241233,7.038715774066861
1696,3971,0.81,0,0.19656920599213423,0.4645743457209446,14,22,4,4,14,22,1,10,0.81,0
1696,3972,0.65,0.125,0.3192975702288563,0.562489107931564,14,22,4,4,15,22,1,10,0.6619101147436863,10.885527054658738
1696,3973,0.446,0.25,0.4652618153430249,0.6528552177544206,14,22,4,4,16,22,1,10,0.5112885682273759,29.272292183499694
1696,3974,0.344,0.375,0.5244214411112408,0.6642447670090816,14,22,4,4,17,22,1,10,0.5088821081547277,47.468803606327384
1696,3975,0.37,0.5,0.39802582120053487,0.577241093796844,14,22,4,4,18,22,1,10,0.6220128616033594,53.49855887949368
1696,3976,0.522,0.625,0.19410086158717244,0.46564033314352393,14,22,4,4,19,22,1,10,0.8143150495968989,50.131367540652796
1696,3977,0.809,0.75,0.052759289499414885,0.3756894036386832,14,22,4,4,20,22,1,10,1.1031686181178288,42.83268857010242
1696,3978,0.98,0.876,0.0028893662334703585,0.3113130067871901,14,22,4,4,21,22,1,10,1.314448933964344,41.792814532721316
1696,3979,0.976,0.384,0.04595141793330393,0.3436554256891746,14,22,4,4,10,23,1,10,1.0488241034606327,21.476790979540382
1696,3980,0.958,0.333,0.06717938764450859,0.3605214058237638,14,22,4,4,11,23,1,10,1.014225320133549,19.167408750822798
1696,3981,0.926,0.273,0.1034791619776817,0.3886448496907303,14,22,4,4,12,23,1,10,0.9654040604845208,16.426382181686716
1696,3982,0.87,0.2,0.16110596798987398,0.43387907982190876,14,22,4,4,13,23,1,10,0.8926925562588723,12.946509515636933
1696,3983,0.77,0.111,0.24579090849142438,0.5027581626151265,14,22,4,4,14,23,1,10,0.7779595105145254,8.203010959884857
1696,3984,0.603,0.222,0.3817027543767686,0.6083592642332494,14,22,4,4,15,23,1,10,0.6425675061812571,20.211648506912212
1696,3985,0.4,0.333,0.5394898444211874,0.7029857579520002,14,22,4,4,16,23,1,10,0.5204699799219933,39.77738128912133
1696,3986,0.308,0.444,0.5945690230201854,0.7024843697949957,14,22,4,4,17,23,1,10,0.5403702434442519,55.25119875081743
1696,3987,0.342,0.556,0.45085753284711694,0.5980452220834401,14,22,4,4,18,23,1,10,0.6527633568147037,58.40399831150775
1696,3988,0.542,0.667,0.20812938944325554,0.47482993012313424,14,22,4,4,19,23,1,10,0.8594492422476152,50.90290735265456
1696,3989,0.858,0.778,0.05332072888609374,0.3775988559754665,14,22,4,4,20,23,1,10,1.1582089621480227,42.20048036029746
1696,3990,0.99,0.889,0.002891371222375594,0.3104447015666185,14,22,4,4,21,23,1,10,1.3305716816466522,41.92319846791535
1696,3991,1,1,0,0.2928932188134524,14,22,4,4,22,23,1,10,1.4142135623730951,45
1696,3992,0.965,0.428,0.06471867790289265,0.3614902061957659,14,22,4,4,10,24,1,10,1.0556557203937276,23.91840258950124
1696,3993,0.942,0.385,0.09137448284608474,0.38193610112455245,14,22,4,4,11,24,1,10,1.017638934003608,22.230074290996633
1696,3994,0.903,0.333,0.13493919311326252,0.4147978083068443,14,22,4,4,12,24,1,10,0.96244376459095,20.242499756815466
1696,3995,0.838,0.273,0.2012082362273302,0.4654233610228269,14,22,4,4,13,24,1,10,0.8813472641359931,18.0443485551986
1696,3996,0.729,0.2,0.2953355972946188,0.5401593377877831,14,22,4,4,14,24,1,10,0.7559371667010427,15.341537611149313
1696,3997,0.556,0.3,0.4418948903108434,0.6519501465779766,14,22,4,4,15,24,1,10,0.6317721108121187,28.349894501396957
1696,3998,0.355,0.4,0.6079666683353903,0.7485215720242818,14,22,4,4,16,24,1,10,0.5348130514488217,48.410944955355724
1696,3999,0.272,0.5,0.6579025216853442,0.7310610859138267,14,22,4,4,17,24,1,10,0.5691959240894123,61.453809268956626
1696,4000,0.318,0.6,0.4828685002659553,0.6076567239559785,14,22,4,4,18,24,1,10,0.6790611165425392,62.076410284861616
1696,4001,0.603,0.7,0.2063243496637246,0.47478706877388643,14,22,4,4,19,24,1,10,0.9239096276151688,49.25745049093558
1696,4002,0.889,0.8,0.05300269453935902,0.3738317526591851,14,22,4,4,20,24,1,10,1.1959602836214922,41.9836515399783
1696,4003,0.993,0.9,0.002891371222375594,0.3079103331159446,14,22,4,4,21,24,1,10,1.3401675268413273,42.18741324008184
1696,4004,1,1,0,0.2928932188134524,14,22,4,4,22,24,1,10,1.4142135623730951,45
1696,4006,0.952,0.466,0.08626289325617287,0.3807310347626477,14,22,4,4,10,25,1,10,1.0599339602069555,26.081553966187734
1696,4007,0.924,0.428,0.11811910134203141,0.4044261779572952,14,22,4,4,11,25,1,10,1.0183123292978438,24.853735553160796
1696,4008,0.878,0.385,0.1683976113355834,0.4413627792284033,14,22,4,4,12,25,1,10,0.9587017262944716,23.677286750918185
1696,4009,0.804,0.333,0.2421608016013943,0.4963780341936942,14,22,4,4,13,25,1,10,0.870232727493054,22.498314815855053
1696,4010,0.687,0.273,0.34423053363206024,0.575774190251134,14,22,4,4,14,25,1,10,0.7392550304191376,21.671878931939656
1696,4011,0.509,0.364,0.4992094854430805,0.6923032124436223,14,22,4,4,15,25,1,10,0.6257611365369378,35.56960930242274
1696,4012,0.31,0.455,0.6711317273199309,0.788130317798728,14,22,4,4,16,25,1,10,0.550567888638631,55.73266455665579
1696,4013,0.237,0.546,0.7147726226684774,0.7488162052714611,14,22,4,4,17,25,1,10,0.5952184472947727,66.53597759529254
1696,4014,0.31,0.637,0.4772869498510319,0.6080655200050886,14,22,4,4,18,25,1,10,0.7084271310445415,64.04984204086306
1696,4015,0.658,0.728,0.20401687343140928,0.46937942612898875,14,22,4,4,19,25,1,10,0.9812991388970033,47.89126959622056
1696,4016,0.907,0.819,0.05261985227736543,0.3680882461055093,14,22,4,4,20,25,1,10,1.2220515537406758,42.08130559575867
1696,4017,0.994,0.91,0.002883231024580435,0.305741543679277,14,22,4,4,21,25,1,10,1.3476409017241946,42.47388308838045
1696,4018,1,1,0,0.2928932188134524,14,22,4,4,22,25,1,10,1.4142135623730951,45
1696,4021,0.938,0.5,0.11003344440042029,0.4007163307511047,14,22,4,4,10,26,1,10,1.0629412025131022,28.059803863672055
1696,4022,0.904,0.466,0.14676520548826566,0.42724010325435635,14,22,4,4,11,26,1,10,1.017040805474392,27.27050445646375
1696,4023,0.851,0.428,0.20302530277171105,0.4675395901959948,14,22,4,4,12,26,1,10,0.9525675829042263,26.699548065043025
1696,4024,0.769,0.384,0.28307226364463045,0.5259766605516558,14,22,4,4,13,26,1,10,0.8595446468915969,26.535240680541552
1696,4025,0.644,0.333,0.3917367383981919,0.6088770749143156,14,22,4,4,14,26,1,10,0.725,27.342614264391667
1696,4026,0.462,0.417,0.5530660084721154,0.7286342798335941,14,22,4,4,15,26,1,10,0.6223608278161472,42.06932749443312
1696,4027,0.267,0.5,0.7285168485649409,0.8202261067856232,14,22,4,4,16,26,1,10,0.5668236057187456,61.897783002725866
1696,4028,0.206,0.583,0.7585354512562411,0.7559307489679843,14,22,4,4,17,26,1,10,0.61832434854209,70.53940510111283
1696,4029,0.367,0.667,0.46968813190184444,0.6020566452984191,14,22,4,4,18,26,1,10,0.7613002035990796,61.17931459927063
1696,4030,0.698,0.75,0.20113005631387848,0.4613923864410714,14,22,4,4,19,26,1,10,1.024550633204626,47.05669940991815
1696,4031,0.92,0.833,0.05215082413156036,0.3621353973048037,14,22,4,4,20,26,1,10,1.2410838005549827,42.15878705487108
1696,4032,0.995,0.917,0.002875791820223017,0.30406415196246395,14,22,4,4,21,26,1,10,1.353112707796361,42.663915226497096
1696,4033,1,1,1.1102230246251565e-16,0.29289321881345254,14,22,4,4,22,26,1,10,1.4142135623730951,45
1696,4037,0.921,0.529,0.1354685712887539,0.420877623659455,14,22,4,4,10,27,1,10,1.06211204681992,29.872011744708654
1696,4038,0.881,0.5,0.17667743327266905,0.44977187957137665,14,22,4,4,11,27,1,10,1.0129960513249794,29.576509220289502
1696,4039,0.822,0.467,0.23812105650578963,0.4927303628844799,14,22,4,4,12,27,1,10,0.9453956843565555,29.60205558769629
1696,4040,0.733,0.429,0.3232652217084284,0.5536833379462529,14,22,4,4,13,27,1,10,0.8493114858519223,30.338988869413377
1696,4041,0.602,0.385,0.4370839212563218,0.6389676024310368,14,22,4,4,14,27,1,10,0.7145830952380555,32.60033357369024
1696,4042,0.417,0.461,0.6025600876600268,0.7602643422625531,14,22,4,4,15,27,1,10,0.6216188542829119,47.868914630709185
1696,4043,0.227,0.539,0.7781832041993798,0.8430668329832901,14,22,4,4,16,27,1,10,0.5848504082241885,67.16159374616127
1696,4044,0.184,0.616,0.7670962683176022,0.7540457169982834,14,22,4,4,17,27,1,10,0.6428934592916621,73.36904629327859
1696,4045,0.421,0.692,0.46071085719417415,0.592195856626597,14,22,4,4,18,27,1,10,0.8100030864138729,58.684442340473986
1696,4046,0.728,0.769,0.19771775538688752,0.45252590617218114,14,22,4,4,19,27,1,10,1.0589357865328757,46.5688309001422
1696,4047,0.929,0.847,0.051613711088435266,0.35665704048337044,14,22,4,4,20,27,1,10,1.2571594966431268,42.3564641663798
1696,4048,0.996,0.923,0.0028676865749924785,0.30277736560910673,14,22,4,4,21,27,1,10,1.3579193643217553,42.821481957091294
1696,4049,1,1,0,0.2928932188134524,14,22,4,4,22,27,1,10,1.4142135623730951,45
1696,4054,0.902,0.556,0.16203354507927603,0.44075742868773493,14,22,4,4,10,28,1,10,1.0595942619701184,31.650011781799808
1696,4055,0.857,0.529,0.2071794126310582,0.47156172003109975,14,22,4,4,11,28,1,10,1.0071196552545283,31.685770028813227
1696,4056,0.791,0.5,0.27297804971369233,0.5165138855517093,14,22,4,4,12,28,1,10,0.935778285706609,32.29744117672002
1696,4057,0.695,0.467,0.36202251065614577,0.5791455754688642,14,22,4,4,13,28,1,10,0.8373255042096831,33.89882896540874
1696,4058,0.559,0.429,0.47939708957235383,0.6657144463403843,14,22,4,4,14,28,1,10,0.704643172109118,37.50414236027014
1696,4059,0.374,0.5,0.6465017818018346,0.7865743322365986,14,22,4,4,15,28,1,10,0.624400512491782,53.20351138447221
1696,4060,0.192,0.572,0.8175292334526102,0.8553228034233451,14,22,4,4,16,28,1,10,0.6033639034612528,71.44493441486804
1696,4061,0.181,0.643,0.758523752370224,0.7456263615964063,14,22,4,4,17,28,1,10,0.6679895208758891,74.27846062211133
1696,4062,0.465,0.714,0.4502570217225349,0.5804203075926592,14,22,4,4,18,28,1,10,0.8520686592053482,56.92539080771568
1696,4063,0.751,0.786,0.1939318749507628,0.4437166536838306,14,22,4,4,19,28,1,10,1.0871048707461484,46.30449301720484
1696,4064,0.935,0.857,0.05099575296551895,0.35184920189207247,14,22,4,4,20,28,1,10,1.2683351292146725,42.50767206083282
1696,4065,0.996,0.929,0.002858415916073276,0.30177874584134146,14,22,4,4,21,28,1,10,1.3620047723851778,43.006613903030924
1696,4066,1,1,1.1102230246251565e-16,0.29289321881345254,14,22,4,4,22,28,1,10,1.4142135623730951,45
1696,4072,0.882,0.579,0.18919538940353386,0.4600057507997697,14,22,4,4,10,29,1,10,1.0550663486245782,33.283400841099905
1696,4073,0.831,0.556,0.23766426336778324,0.492278447396319,14,22,4,4,11,29,1,10,0.999848488522136,33.785427958615436
1696,4074,0.759,0.529,0.30686696919235823,0.5386110506772521,14,22,4,4,12,29,1,10,0.9251605266114633,34.87532834460218
1696,4075,0.658,0.5,0.39861011358119236,0.6021507020031522,14,22,4,4,13,29,1,10,0.8264163599542304,37.230418121890686
1696,4076,0.518,0.467,0.5178471624993983,0.6889169167617291,14,22,4,4,14,29,1,10,0.6974331509184232,42.03606319655597
1696,4077,0.334,0.533,0.6837322495581479,0.8070321312185067,14,22,4,4,15,29,1,10,0.6290031796422019,57.92702827311734
1696,4078,0.164,0.6,0.84459775535359,0.8571340673012452,14,22,4,4,16,29,1,10,0.622009646227452,74.71256557588325
1696,4079,0.2,0.667,0.7476023804493497,0.7331330685201897,14,22,4,4,17,29,1,10,0.6963397159433031,73.30863689106164
1696,4080,0.502,0.733,0.4384660206454327,0.5680233008492361,14,22,4,4,18,29,1,10,0.8884216341355043,55.59444322988636
1696,4081,0.77,0.8,0.18981668669557494,0.4354274839185841,14,22,4,4,19,29,1,10,1.1103603018840327,46.09469059185304
1696,4082,0.941,0.867,0.0503167408519527,0.3477092653583197,14,22,4,4,20,29,1,10,1.279519441040268,42.65623755092007
1696,4083,0.997,0.934,0.0028489386246042248,0.3009901655922961,14,22,4,4,21,29,1,10,1.3661496989715294,43.13135463800622
1696,4084,1,1,0,0.2928932188134524,14,22,4,4,22,29,1,10,1.4142135623730951,45
1696,4091,0.86,0.6,0.21639698695342569,0.47836713465081837,14,22,4,4,10,30,1,10,1.0486181383134663,34.902495615924714
1696,4092,0.804,0.579,0.26753413391285075,0.5116968713627195,14,22,4,4,11,30,1,10,0.9907860515772313,35.75951884273324
1696,4093,0.727,0.556,0.339167785798025,0.558853186306902,14,22,4,4,12,30,1,10,0.9152404055765895,37.40828182564265
1696,4094,0.621,0.529,0.4324085050016687,0.622593177971908,14,22,4,4,13,30,1,10,0.8157708011445371,40.42607874009914
1696,4095,0.478,0.5,0.5517372302500657,0.7084863635741828,14,22,4,4,14,30,1,10,0.6917253790341945,46.28864478516243
1696,4096,0.299,0.563,0.713562984527168,0.8213114662217971,14,22,4,4,15,30,1,10,0.6374715679934282,62.02796694394
1696,4097,0.145,0.625,0.8592039813135756,0.8505300041149348,14,22,4,4,16,30,1,10,0.641599563590874,76.93844891667189
1696,4098,0.242,0.688,0.7332865540130566,0.7185210507781764,14,22,4,4,17,30,1,10,0.7293202314484358,70.62097373662662
1696,4099,0.533,0.75,0.4254012745544783,0.5557876032637231,14,22,4,4,18,30,1,10,0.9201027116577801,54.599860770214555
1696,4100,0.786,0.813,0.18545365089407673,0.42784637546869164,14,22,4,4,19,30,1,10,1.1308249201357388,45.96737901529611
1696,4101,0.945,0.875,0.04960676866645097,0.3441630780043935,14,22,4,4,20,30,1,10,1.287885864508187,42.7974018382342
1696,4102,0.997,0.938,0.002839351727673245,0.30035536304588784,14,22,4,4,21,30,1,10,1.3688875045086795,43.25353799726434
1696,4103,1,1,0,0.2928932188134524,14,22,4,4,22,30,1,10,1.4142135623730951,45
1696,4111,0.837,0.619,0.24311950703924956,0.4956651464949541,14,22,4,4,10,31,1,10,1.041023534796404,36.48462923874785
1696,4112,0.777,0.6,0.2962783297070437,0.5296763637519166,14,22,4,4,11,31,1,10,0.9816970000972806,37.67534759657383
1696,4113,0.694,0.579,0.3693874140285748,0.5771566700689885,14,22,4,4,12,31,1,10,0.9038124805511373,39.83803788551105
1696,4114,0.584,0.556,0.46292215267623493,0.6404517884460101,14,22,4,4,13,31,1,10,0.8063448393832505,43.59301812101799
1696,4115,0.442,0.53,0.5806679255388844,0.7244403322020918,14,22,4,4,14,31,1,10,0.690118830347354,50.1731688792066
1696,4116,0.269,0.588,0.7358155965148299,0.8294653244777077,14,22,4,4,15,31,1,10,0.6466103927404817,65.41671107587786
1696,4117,0.136,0.647,0.8625427911612378,0.8384272843921668,14,22,4,4,16,31,1,10,0.6611391684055635,78.12919528362785
1696,4118,0.28,0.706,0.7135316617138115,0.7031357538847184,14,22,4,4,17,31,1,10,0.7594972021014955,68.36669500785285
1696,4119,0.559,0.765,0.4113908629184404,0.5441401122971181,14,22,4,4,18,31,1,10,0.9474734824785336,53.84369243307334
1696,4120,0.799,0.824,0.18089714538574142,0.4210122196885995,14,22,4,4,19,31,1,10,1.1477704474327608,45.88248996662585
1696,4121,0.949,0.883,0.04889369875460936,0.341119470081652,14,22,4,4,20,31,1,10,1.296260004782991,42.93674305422722
1696,4122,0.997,0.941,0.002829175523763494,0.29983445938032305,14,22,4,4,21,31,1,10,1.3709449296014775,43.34485496048739
1696,4123,1,1,1.1102230246251565e-16,0.29289321881345254,14,22,4,4,22,31,1,10,1.4142135623730951,45
1696,4132,0.813,0.637,0.26893861384268414,0.5117875022639993,14,22,4,4,10,32,1,10,1.0328300925128004,38.07933254172507
1696,4133,0.748,0.619,0.3234568753918061,0.5461426391503739,14,22,4,4,11,32,1,10,0.9709093675518843,39.60912055425723
1696,4134,0.662,0.6,0.3971332307708876,0.5935033772399627,14,22,4,4,12,32,1,10,0.8934450178942183,42.18741324008183
1696,4135,0.55,0.579,0.4898607960775916,0.6557732649055692,14,22,4,4,13,32,1,10,0.7985868769269878,46.471401521443184
1696,4136,0.409,0.556,0.6045486331074081,0.7369004361946483,14,22,4,4,14,32,1,10,0.690229671920876,53.661372246506
1696,4137,0.244,0.611,0.7509094771727427,0.8320365370887444,14,22,4,4,15,32,1,10,0.657918687985073,68.23093359771664
1696,4138,0.135,0.667,0.8557930081838612,0.8233792658100125,14,22,4,4,16,32,1,10,0.6805247974908777,78.55797374384669
1696,4139,0.312,0.722,0.6861574912022661,0.6878149044939802,14,22,4,4,17,32,1,10,0.7865290840140624,66.6292357088992
1696,4140,0.582,0.778,0.3968676657501773,0.5332801356945047,14,22,4,4,18,32,1,10,0.9716007410454152,53.200866969693074
1696,4141,0.81,0.834,0.17621907359417732,0.414890050950642,14,22,4,4,19,32,1,10,1.162607414392322,45.83637532542241
1696,4142,0.951,0.889,0.04817020626251389,0.3384921336728929,14,22,4,4,20,32,1,10,1.301814886994307,43.07011151799652
1696,4143,0.997,0.945,0.0028186137539121248,0.2993992079094856,14,22,4,4,21,32,1,10,1.3736935611700303,43.46618497075326
1696,4144,1,1,0,0.2928932188134524,14,22,4,4,22,32,1,10,1.4142135623730951,45
1696,4154,0.788,0.652,0.29349600838910495,0.5266729907453617,14,22,4,4,10,33,1,10,1.0227648801166376,39.604735431786914
1696,4155,0.72,0.637,0.34874225724024055,0.5610728414251145,14,22,4,4,11,33,1,10,0.9613370896829062,41.49990222171307
1696,4156,0.631,0.619,0.4221714394720121,0.6079254732191508,14,22,4,4,12,33,1,10,0.8839242048954198,44.44997741295305
1696,4157,0.517,0.6,0.5131300100029857,0.6686592295871762,14,22,4,4,13,33,1,10,0.7920157826710273,49.24962053523256
1696,4158,0.379,0.579,0.6235071881655412,0.7460860963575757,14,22,4,4,14,33,1,10,0.6920130056581306,56.792170132502115
1696,4159,0.226,0.632,0.7596967166098363,0.8299863911130927,14,22,4,4,15,33,1,10,0.6711929677819933,70.3232070999167
1696,4160,0.142,0.684,0.838889231026759,0.8071234794210376,14,22,4,4,16,33,1,10,0.6985842826746105,78.27185758448269
1696,4161,0.341,0.737,0.6550047597858406,0.6730367893097886,14,22,4,4,17,33,1,10,0.8120652683128371,65.1706534118504
1696,4162,0.602,0.79,0.38223804177675047,0.523271158924315,14,22,4,4,18,33,1,10,0.9932290773029151,52.69168166790919
1696,4163,0.82,0.843,0.17156467111973517,0.40941340424102823,14,22,4,4,19,33,1,10,1.1760310370054015,45.79237457307065
1696,4164,0.954,0.895,0.0474401529740307,0.3362068022676006,14,22,4,4,20,33,1,10,1.3081058825645575,43.172361073958925
1696,4165,0.997,0.948,0.0028079746626381574,0.2990294354321701,14,22,4,4,21,33,1,10,1.3757590632083803,43.55686402493167
1696,4166,1,1,0,0.2928932188134524,14,22,4,4,22,33,1,10,1.4142135623730951,45
1696,4177,0.763,0.667,0.3165213201348265,0.5403003841135955,14,22,4,4,10,34,1,10,1.0134387006622552,41.15933286300889
1696,4178,0.692,0.652,0.37191320927080407,0.5744834207833152,14,22,4,4,11,34,1,10,0.9507723176449765,43.295271680992734
1696,4179,0.6,0.636,0.4443961156254206,0.6204931936462779,14,22,4,4,12,34,1,10,0.8743546191334498,46.66833744829331
1696,4180,0.487,0.619,0.5327950163071202,0.6792544621503352,14,22,4,4,13,34,1,10,0.7876103097344523,51.806000828674904
1696,4181,0.354,0.6,0.6379049681149986,0.7522993517955341,14,22,4,4,14,34,1,10,0.6966462516945023,59.4593951503185
1696,4182,0.213,0.65,0.7631473258106127,0.8244624546622412,14,22,4,4,15,34,1,10,0.6840095028579647,71.85642803394084
1696,4183,0.153,0.7,0.8089265949122291,0.790696646971336,14,22,4,4,16,34,1,10,0.7165256450400083,77.67067724452471
1696,4184,0.367,0.75,0.6245530147320826,0.6590463887225635,14,22,4,4,17,34,1,10,0.8349784428355023,63.92595580236657
1696,4185,0.619,0.8,0.36789040546113294,0.5141009494630657,14,22,4,4,18,34,1,10,1.011514211467145,52.26908763165008
1696,4186,0.828,0.85,0.16697519722700094,0.4045066829633589,14,22,4,4,19,34,1,10,1.1866271529001853,45.75115311804274
1696,4187,0.956,0.9,0.04670278466425326,0.3342022227022535,14,22,4,4,20,34,1,10,1.3129874332985827,43.27177234950145
1696,4188,0.997,0.95,0.0027969075585024816,0.29871054651008633,14,22,4,4,21,34,1,10,1.3771379742059253,43.617165513083634
1696,4189,1,1,1.1102230246251565e-16,0.29289321881345254,14,22,4,4,22,34,1,10,1.4142135623730951,45
1696,4201,0.738,0.68,0.33784381489810034,0.5526791736710265,14,22,4,4,10,35,1,10,1.0035158195065985,42.65775470761335
1696,4202,0.664,0.667,0.39286659535132573,0.5864202305255823,14,22,4,4,11,35,1,10,0.9411615164253159,45.12914128284175
1696,4203,0.571,0.652,0.4638317575944134,0.6313046904713687,14,22,4,4,12,35,1,10,0.8666862177281925,48.78919877832034
1696,4204,0.46,0.637,0.5490210921060008,0.6877355518663668,14,22,4,4,13,35,1,10,0.7857283245499045,54.16563122429848
1696,4205,0.332,0.619,0.6482283253419416,0.7559003595765249,14,22,4,4,14,35,1,10,0.7024136957662486,61.79316260052929
1696,4206,0.205,0.667,0.7622087572436617,0.8165548593127325,14,22,4,4,15,35,1,10,0.6977922326882121,72.91538159177523
1696,4207,0.168,0.714,0.7773453637958068,0.7746706533585057,14,22,4,4,16,35,1,10,0.7334984662560652,76.7594800848128
1696,4208,0.391,0.762,0.5960710420994715,0.6459453589193722,14,22,4,4,17,35,1,10,0.8564607404896036,62.836581235624664
1696,4209,0.635,0.81,0.35407247891328786,0.5057186206830503,14,22,4,4,18,35,1,10,1.029235152916961,51.90530629859386
1696,4210,0.836,0.858,0.1625032494989107,0.4000961078826807,14,22,4,4,19,35,1,10,1.1979398983254543,45.744059202888714
1696,4211,0.958,0.905,0.04596596443260048,0.3324288306781584,14,22,4,4,20,35,1,10,1.3178729073776423,43.3704468670812
1696,4212,0.998,0.953,0.002785846256254332,0.2984318231990041,14,22,4,4,21,35,1,10,1.3799322447134859,43.67870168894895
1696,4213,1,1,0,0.2928932188134524,14,22,4,4,22,35,1,10,1.4142135623730951,45
1696,4232,1,1,0,0.2928932188134524,14,22,4,4,10,14,4,10,1.4142135623730951,45
1696,4233,1,1,0,0.2928932188134524,14,22,4,4,11,14,4,10,1.4142135623730951,45
1696,4234,1,1,1.1102230246251565e-16,0.29289321881345254,14,22,4,4,12,14,4,10,1.4142135623730951,45
1696,4235,1,1,1.1102230246251565e-16,0.29289321881345254,14,22,4,4,13,14,4,10,1.4142135623730951,45
1696,4236,1,0.917,2.891271769001058e-6,0.2928970350676543,14,22,4,4,10,15,4,10,1.3567936468011634,42.52082345847564
1696,4237,1,0.91,9.736526877635043e-6,0.2929038766065043,14,22,4,4,11,15,4,10,1.3520724832641184,42.3021943666837
1696,4238,1,0.9,3.6909376138427596e-5,0.2929354860493809,14,22,4,4,12,15,4,10,1.3453624047073711,41.98721249581666
1696,4239,1,0.889,1.5444313394807896e-4,0.29317714842755993,14,22,4,4,13,15,4,10,1.3380287739805896,41.63709543013025
1696,4240,0.997,0.876,5.811990950426171e-4,0.29640247784374574,14,22,4,4,14,15,4,10,1.3271718050049135,41.30370056021088
1696,4241,1,0.833,2.679245656063145e-4,0.2931814660128683,14,22,4,4,10,16,4,10,1.3014949097096,39.79429794346564
1696,4242,0.999,0.819,6.258261066183213e-4,0.29352742835305623,14,22,4,4,11,16,4,10,1.2918057129460296,39.3455791773593
1696,4243,0.998,0.8,0.0015856916805608856,0.294601701884044,14,22,4,4,12,16,4,10,1.2790637200702708,38.71577480968507
1696,4244,0.994,0.778,0.0038449500863150243,0.2984711971157875,14,22,4,4,13,16,4,10,1.2622678004290533,38.050150858167804
1696,4245,0.976,0.75,0.008721725635020716,0.3119471774715482,14,22,4,4,14,16,4,10,1.2308842350115627,37.54021092380127
1696,4246,0.901,0.876,0.018116379535680016,0.3332039427736878,14,22,4,4,15,16,4,10,1.2566530945332526,44.1939786179848
1696,4247,0.998,0.75,0.0025131795308988014,0.2953895143497437,14,22,4,4,10,17,4,10,1.2484005767380917,36.92497207250216
1696,4248,0.996,0.728,0.004789410049298892,0.29758476737472495,14,22,4,4,11,17,4,10,1.2336936410632908,36.16395424561979
1696,4249,0.99,0.7,0.009474862919578442,0.3027860163395293,14,22,4,4,12,17,4,10,1.2124768039018314,35.26301172959725
1696,4250,0.974,0.667,0.018733837027631095,0.3150382189274932,14,22,4,4,13,17,4,10,1.180493540854841,34.40353541966217
1696,4251,0.932,0.625,0.03683225249726352,0.34163688787711144,14,22,4,4,14,17,4,10,1.122162644183097,33.845839157667214
1696,4252,0.817,0.75,0.06899309705174106,0.38054483541989736,14,22,4,4,15,17,4,10,1.1090486914468634,42.55170358652742
1696,4253,0.647,0.875,0.08450179678183645,0.39542923513533046,14,22,4,4,16,17,4,10,1.0882251605251554,53.51972028567041
1696,4254,0.992,0.667,0.009791505101600095,0.3025501154590118,14,22,4,4,10,18,4,10,1.1953882214577822,33.91605898783147
1696,4255,0.985,0.637,0.016962129837780227,0.3090911902995528,14,22,4,4,11,18,4,10,1.1730277064076535,32.89076941887178
1696,4256,0.97,0.6,0.03021436084547957,0.32181745606263645,14,22,4,4,12,18,4,10,1.1405700329221349,31.739140795815157
1696,4257,0.938,0.556,0.05281778859419661,0.3453823363600207,14,22,4,4,13,18,4,10,1.0904035950050788,30.657364909802816
1696,4258,0.867,0.5,0.09140138841756085,0.3872745289262214,14,22,4,4,14,18,4,10,1.0008441437106979,29.972103422676636
1696,4259,0.719,0.625,0.15410322495329276,0.4414113753554778,14,22,4,4,15,18,4,10,0.9526730813873141,40.99922090664189
1696,4260,0.546,0.75,0.20212430990294916,0.4727863240860285,14,22,4,4,16,18,4,10,0.9276939150387913,53.94538183353896
1696,4261,0.474,0.875,0.15861232913955092,0.4458172498279809,14,22,4,4,17,18,4,10,0.9951386838024135,61.55496196618642
1696,4262,0.98,0.583,0.025963562292358522,0.31752272588450703,14,22,4,4,10,19,4,10,1.1403021529401758,30.748327484426184
1696,4263,0.965,0.546,0.04177316736579961,0.3307880476588986,14,22,4,4,11,19,4,10,1.1087565106911437,29.501316412004517
1696,4264,0.937,0.5,0.06753499273373209,0.3532170341533847,14,22,4,4,12,19,4,10,1.062058849593562,28.085180545063853
1696,4265,0.885,0.444,0.10729411960280977,0.3894476064310921,14,22,4,4,13,19,4,10,0.9901318094072122,26.642687687168674
1696,4266,0.787,0.375,0.17135296316046889,0.44665259566684223,14,22,4,4,14,19,4,10,0.8717763474653347,25.477473329946726
1696,4267,0.615,0.5,0.26448192255629377,0.5142470024859382,14,22,4,4,15,19,4,10,0.7926064597263891,39.111391253954345
1696,4268,0.452,0.625,0.33884607017810064,0.556487445850832,14,22,4,4,16,19,4,10,0.7713164071896824,54.125546071298366
1696,4269,0.416,0.75,0.3185289151608255,0.5397006968919036,14,22,4,4,17,19,4,10,0.8576456144585595,60.98432847444143
1696,4270,0.457,0.875,0.176261170944486,0.45624453845315904,14,22,4,4,18,19,4,10,0.987154496520175,62.42257779671018
1696,4271,0.96,0.5,0.05361190742828881,0.34169155541555507,14,22,4,4,10,20,4,10,1.0824047302187847,27.512002623851455
1696,4272,0.934,0.455,0.08053213460422426,0.36316508513932877,14,22,4,4,11,20,4,10,1.0389326253419902,25.973122728611262
1696,4273,0.891,0.4,0.12090852050834089,0.396140566043104,14,22,4,4,12,20,4,10,0.9766683162670938,24.176922744413677
1696,4274,0.819,0.333,0.18038416510175292,0.4452681532533387,14,22,4,4,13,20,4,10,0.8841097216974825,22.12633480937329
1696,4275,0.697,0.25,0.26945318687039044,0.5168943891907156,14,22,4,4,14,20,4,10,0.7404788990916621,19.731897837192314
1696,4276,0.508,0.375,0.3908672337214829,0.5965006557042101,14,22,4,4,15,20,4,10,0.6314182449058627,36.43433470032939
1696,4277,0.367,0.5,0.48291979084346093,0.6422376891094626,14,22,4,4,16,20,4,10,0.6202330207268878,53.72133094768745
1696,4278,0.367,0.625,0.4444465600661265,0.6109926150755273,14,22,4,4,17,20,4,10,0.7247854855058841,59.57854416415304
1696,4279,0.422,0.75,0.2777668676469258,0.5149543673662875,14,22,4,4,18,20,4,10,0.8605719028646008,60.63499290875867
1696,4280,0.553,0.875,0.10618362997466624,0.41156188649714465,14,22,4,4,19,20,4,10,1.0351009612593354,57.70711350131659
1696,4281,0.931,0.417,0.09280998444180477,0.37456328332596167,14,22,4,4,10,21,4,10,1.020122541658599,24.127868987659163
1696,4282,0.893,0.364,0.13208312096656427,0.40465212085240676,14,22,4,4,11,21,4,10,0.9643365595060679,22.176535361280223
1696,4283,0.833,0.3,0.18811407121226464,0.44793520989012603,14,22,4,4,12,21,4,10,0.8853750617676104,19.80618293635734
1696,4284,0.741,0.222,0.266621220225301,0.5091568377756808,14,22,4,4,13,21,4,10,0.7735405613153069,16.67796051301381
1696,4285,0.6,0.125,0.3792372395530881,0.5933781601340673,14,22,4,4,14,21,4,10,0.6128825336065631,11.768288932020646
1696,4286,0.403,0.25,0.5233924944006456,0.6813744893050715,14,22,4,4,15,21,4,10,0.474245716902114,31.81328810917528
1696,4287,0.295,0.375,0.6072016377782266,0.7181860280165114,14,22,4,4,16,21,4,10,0.47712681752339176,51.80905017961341
1696,4288,0.322,0.5,0.5309257899294737,0.6611054217288092,14,22,4,4,17,21,4,10,0.5947133763419148,57.21846476281924
1696,4289,0.409,0.625,0.3397508124151005,0.5485104093650492,14,22,4,4,18,21,4,10,0.7469310543818619,56.79926440448878
1696,4290,0.597,0.75,0.15594974086349278,0.44381715852473413,14,22,4,4,19,21,4,10,0.9585974128903123,51.48021047869178
1696,4291,0.817,0.876,0.04091795712056634,0.3617707731220523,14,22,4,4,20,21,4,10,1.1978585058344746,46.99591464366616
1696,4292,0.892,0.333,0.1421919017388542,0.4141968996689436,14,22,4,4,10,22,4,10,0.9521307683296449,20.47152784337346
1696,4293,0.841,0.273,0.19405269900875444,0.45243471619779696,14,22,4,4,11,22,4,10,0.8842002035738286,17.98413296563451
1696,4294,0.766,0.2,0.2646642794921089,0.5050386984589398,14,22,4,4,12,22,4,10,0.7916792279705209,14.633052919155658
1696,4295,0.657,0.111,0.36095315620365953,0.5768653884644401,14,22,4,4,13,22,4,10,0.6663107383195922,9.589551709148246
1696,4296,0.5,0,0.4929848773281633,0.6716205679719796,14,22,4,4,14,22,4,10,0.5,0
1696,4297,0.303,0.125,0.6502355505080146,0.7645191399258777,14,22,4,4,15,22,4,10,0.32777126170547655,22.418167425738474
1696,4298,0.236,0.25,0.7039494032407735,0.7805047244194413,14,22,4,4,16,22,4,10,0.3437964514069335,46.650039395577885
1696,4299,0.286,0.375,0.587891976220998,0.6899176483009121,14,22,4,4,17,22,4,10,0.4716153093359035,52.668441517979275
1696,4300,0.437,0.5,0.35862872355274833,0.5577755541964415,14,22,4,4,18,22,4,10,0.6640549676043392,48.846541627536205
1696,4301,0.678,0.625,0.1624317838068906,0.44792240011984175,14,22,4,4,19,22,4,10,0.9221220092807676,42.670757281185686
1696,4302,0.888,0.75,0.04361752493845861,0.363500621357969,14,22,4,4,20,22,4,10,1.1623441831058474,40.18425546260554
1696,4303,0.988,0.876,0.002578738093565347,0.30808876995571477,14,22,4,4,21,22,4,10,1.3204241742712832,41.56146921167081
1696,4304,0.844,0.384,0.19942520133933328,0.4580572379420289,14,22,4,4,10,23,4,10,0.9272496966836926,24.464410252418958
1696,4305,0.78,0.333,0.26279414675999613,0.5034613413586653,14,22,4,4,11,23,4,10,0.8481090731739639,23.118754365345705
1696,4306,0.691,0.273,0.3463591439032826,0.5640404394775232,14,22,4,4,12,23,4,10,0.7429737545835653,21.557964749972097
1696,4307,0.567,0.2,0.45750066485595753,0.6448260260320586,14,22,4,4,13,23,4,10,0.6012395529237909,19.42946267597344
1696,4308,0.398,0.111,0.6045683028822831,0.7486977309436191,14,22,4,4,14,23,4,10,0.4131888188225814,15.583492532184934
1696,4309,0.209,0.222,0.7652238667404673,0.8435469777508571,14,22,4,4,15,23,4,10,0.304901623478787,46.72765516786403
1696,4310,0.189,0.333,0.7758840088489078,0.8188578174049617,14,22,4,4,16,23,4,10,0.38289685295128767,60.42216131873868
1696,4311,0.286,0.444,0.5959980158014799,0.6903168811448485,14,22,4,4,17,23,4,10,0.528140132919285,57.21262741281327
1696,4312,0.53,0.556,0.32956584885239226,0.5447066105292646,14,22,4,4,18,23,4,10,0.7681380084333805,46.371460172715544
1696,4313,0.77,0.667,0.14408675641322743,0.4331866871779101,14,22,4,4,19,23,4,10,1.0187192940157754,40.90021582515213
1696,4314,0.932,0.778,0.037655940309794356,0.3504287089970606,14,22,4,4,20,23,4,10,1.214046127624482,39.85391175112874
1696,4315,0.995,0.889,0.002208592749749827,0.3021229718985794,14,22,4,4,21,23,4,10,1.3342960690941124,41.779747207428215
1696,4316,1,1,1.1102230246251565e-16,0.29289321881345254,14,22,4,4,22,23,4,10,1.4142135623730951,45
1696,4317,0.789,0.428,0.26178383366645774,0.5035803285328924,14,22,4,4,10,24,4,10,0.8976107174048225,28.478007668661775
1696,4318,0.712,0.385,0.33501579801220727,0.5548900435775365,14,22,4,4,11,24,4,10,0.8094251046267343,28.401434381302675
1696,4319,0.609,0.333,0.42962870650249296,0.6218852269957895,14,22,4,4,12,24,4,10,0.6940965350727519,28.669751586345228
1696,4320,0.473,0.273,0.5525421048757696,0.7098206890504666,14,22,4,4,13,24,4,10,0.5461300211488104,29.992124779489266
1696,4321,0.298,0.2,0.7110273982768172,0.8215188802605019,14,22,4,4,14,24,4,10,0.3588927416373867,33.86717910872587
1696,4322,0.125,0.3,0.8668486385472096,0.9097250078924015,14,22,4,4,15,24,4,10,0.325,67.38013505195957
1696,4323,0.154,0.4,0.795010748879768,0.8184585486932939,14,22,4,4,16,24,4,10,0.42862104474698864,68.94329440929522
1696,4324,0.383,0.5,0.539902520630532,0.6652860128289511,14,22,4,4,17,24,4,10,0.629832517420306,52.5478851940437
1696,4325,0.628,0.6,0.2905165061270957,0.5182718334554162,14,22,4,4,18,24,4,10,0.86855281934952,43.69380790608124
1696,4326,0.83,0.7,0.12530223801025053,0.4113371056423064,14,22,4,4,19,24,4,10,1.0857716150277643,40.14339606605682
1696,4327,0.954,0.8,0.03187960940623258,0.335636165449373,14,22,4,4,20,24,4,10,1.2450365456483596,39.98233661385349
1696,4328,0.997,0.9,0.0018495706813463908,0.29817641110467485,14,22,4,4,21,24,4,10,1.3431340216076726,42.072823170724625
1696,4329,1,1,0,0.2928932188134524,14,22,4,4,22,24,4,10,1.4142135623730951,45
1696,4331,0.726,0.466,0.3265362325773874,0.5484710305051214,14,22,4,4,10,25,4,10,0.8626888199113282,32.695321152836975
1696,4332,0.638,0.428,0.4080246557313163,0.6042313961997613,14,22,4,4,11,25,4,10,0.7682629758097158,33.855542241392534
1696,4333,0.524,0.385,0.5113763206600745,0.6757759073638495,14,22,4,4,12,25,4,10,0.6502314972377146,36.30594632784387
1696,4334,0.379,0.333,0.6429886730584887,0.7683179686309345,14,22,4,4,13,25,4,10,0.5045096629401661,41.303443847571685
1696,4335,0.2,0.273,0.8088076141763688,0.8841541193708482,14,22,4,4,14,25,4,10,0.33842133502484745,53.77346763595098
1696,4336,0.066,0.364,0.937932864675105,0.9277212972091382,14,22,4,4,15,25,4,10,0.36993512944839396,79.72285941858759
1696,4337,0.242,0.455,0.7332826257457399,0.7848023588190542,14,22,4,4,16,25,4,10,0.5153532768887765,61.99291171114009
1696,4338,0.479,0.546,0.47812338733134674,0.6272871144318635,14,22,4,4,17,25,4,10,0.7263311916749824,48.739867157207165
1696,4339,0.698,0.637,0.25391661797798715,0.4880564902445479,14,22,4,4,18,25,4,10,0.9449724863719577,42.38381031460703
1696,4340,0.868,0.728,0.10767503004378132,0.38998251813634877,14,22,4,4,19,25,4,10,1.132875986152059,39.98688624496419
1696,4341,0.967,0.819,0.026818240390301895,0.32452344652719856,14,22,4,4,20,25,4,10,1.2672213697693073,40.26290871493276
1696,4342,0.998,0.91,0.0015403861409348796,0.29615051312850427,14,22,4,4,21,25,4,10,1.3505939434189687,42.359298733468776
1696,4343,1,1,1.1102230246251565e-16,0.2928932188134524,14,22,4,4,22,25,4,10,1.4142135623730951,45
1696,4346,0.658,0.5,0.3914649407165227,0.5908152805173328,14,22,4,4,10,26,4,10,0.8264163599542304,37.230418121890686
1696,4347,0.56,0.466,0.4791957794617121,0.6493485986084842,14,22,4,4,11,26,4,10,0.7285300268348588,39.765292870771546
1696,4348,0.437,0.428,0.588105931076794,0.7230006262957442,14,22,4,4,12,26,4,10,0.6116804721421144,44.40388045207502
1696,4349,0.288,0.384,0.7229201015745441,0.815658033761854,14,22,4,4,13,26,4,10,0.48,53.13010235415599
1696,4350,0.118,0.333,0.8829268818912647,0.9197666396048212,14,22,4,4,14,26,4,10,0.35328883367579,70.48799688872712
1696,4351,0.108,0.417,0.8925770169375072,0.884323316403614,14,22,4,4,15,26,4,10,0.430758633111398,75.47985098146297
1696,4352,0.333,0.5,0.65947900792566,0.7374176564386391,14,22,4,4,16,26,4,10,0.6007403765354881,56.33638481725301
1696,4353,0.554,0.583,0.4179042555898026,0.5869494170565523,14,22,4,4,17,26,4,10,0.8042418790388872,46.46105315567801
1696,4354,0.75,0.667,0.22058296493229645,0.45974494383870845,14,22,4,4,18,26,4,10,1.0036877004327591,41.64776135667686
1696,4355,0.895,0.75,0.09205329871361612,0.37222759561931906,14,22,4,4,19,26,4,10,1.1677007322083857,39.962631497968516
1696,4356,0.975,0.833,0.022385382181675295,0.3168882325499377,14,22,4,4,20,26,4,10,1.2823860573165946,40.509218279140896
1696,4357,0.998,0.917,0.0012925833934306352,0.29507567061885087,14,22,4,4,21,26,4,10,1.355320257356172,42.57796688844134
1696,4358,1,1,1.1102230246251565e-16,0.29289321881345254,14,22,4,4,22,26,4,10,1.4142135623730951,45
1696,4362,0.587,0.529,0.45379906969353234,0.629057087158474,14,22,4,4,10,27,4,10,0.7901961781734963,42.02493899366532
1696,4363,0.48,0.5,0.5447941356032593,0.6883754485650329,14,22,4,4,11,27,4,10,0.6931089380465383,46.16913932790742
1696,4364,0.354,0.467,0.6541425503719291,0.7607716334603697,14,22,4,4,12,27,4,10,0.5860076791305725,52.83678181335607
1696,4365,0.212,0.429,0.7814922783028496,0.8454923711078435,14,22,4,4,13,27,4,10,0.47852377161432635,63.70268416162422
1696,4366,0.081,0.385,0.9053260623872694,0.905653742015113,14,22,4,4,14,27,4,10,0.39342851955596714,78.11884238964102
1696,4367,0.193,0.461,0.7999005212113914,0.8277560784759899,14,22,4,4,15,27,4,10,0.49976994707565203,67.28312828384706
1696,4368,0.409,0.539,0.5828042921091834,0.6890045103462319,14,22,4,4,16,27,4,10,0.6766106709179216,52.80831448396737
1696,4369,0.615,0.616,0.363271398700421,0.5497729515549765,14,22,4,4,17,27,4,10,0.870448734848871,45.046544083598505
1696,4370,0.79,0.692,0.19117729934630023,0.43555357330821454,14,22,4,4,18,27,4,10,1.0502209291382456,41.21671830830902
1696,4371,0.915,0.769,0.07893154646714384,0.35839941179192314,14,22,4,4,19,27,4,10,1.1952347049847574,40.04494146189045
1696,4372,0.98,0.847,0.018791254217057518,0.3116762148992418,14,22,4,4,20,27,4,10,1.295302667333006,40.83638737994674
1696,4373,0.999,0.923,0.0010945384892641075,0.2944606816256845,14,22,4,4,21,27,4,10,1.360121318118351,42.735581767640426
1696,4374,1,1,1.1102230246251565e-16,0.29289321881345254,14,22,4,4,22,27,4,10,1.4142135623730951,45
1696,4379,0.515,0.556,0.5102868091253248,0.6619498094051333,14,22,4,4,10,28,4,10,0.7578660831571763,47.19232531439981
1696,4380,0.406,0.529,0.6003489249336993,0.7197014827348056,14,22,4,4,11,28,4,10,0.6668410605234204,52.49427247499066
1696,4381,0.285,0.5,0.7030130258793943,0.7864492829024933,14,22,4,4,12,28,4,10,0.5755215026391282,60.31685982087671
1696,4382,0.167,0.467,0.8090650661026195,0.8525671308827116,14,22,4,4,13,28,4,10,0.4959616920690549,70.32286286327405
1696,4383,0.098,0.429,0.8637341868853782,0.8638553070575958,14,22,4,4,14,28,4,10,0.4400511333924729,77.13225152972318
1696,4384,0.268,0.5,0.712550855076113,0.7739857017100076,14,22,4,4,15,28,4,10,0.5672953375447396,61.80869162620685
1696,4385,0.474,0.572,0.5116424157235251,0.6447886063870505,14,22,4,4,16,28,4,10,0.7428728020327571,50.352431346270095
1696,4386,0.665,0.643,0.315877962733074,0.5177108040140008,14,22,4,4,17,28,4,10,0.9250264861072898,44.036400378840334
1696,4387,0.822,0.714,0.16594332276434187,0.41576253698847876,14,22,4,4,18,28,4,10,1.0887975018340186,40.97800982297989
1696,4388,0.93,0.786,0.06811566880031217,0.3478500275239711,14,22,4,4,19,28,4,10,1.2176600510815818,40.20320103316445
1696,4389,0.984,0.857,0.015888678328920824,0.30804817915395555,14,22,4,4,20,28,4,10,1.3048773888760583,41.0537456767189
1696,4390,0.999,0.929,9.378472424593776e-4,0.2940812828587379,14,22,4,4,21,28,4,10,1.3642001319454562,42.92067237968438
1696,4391,1,1,1.1102230246251565e-16,0.29289321881345254,14,22,4,4,22,28,4,10,1.4142135623730951,45
1696,4397,0.448,0.579,0.557805984420684,0.6885634216223606,14,22,4,4,10,29,4,10,0.732082645607721,52.269165004845256
1696,4398,0.343,0.556,0.6422007981425544,0.7421424470033836,14,22,4,4,11,29,4,10,0.6532878385520429,58.329295455414524
1696,4399,0.238,0.529,0.7308312578559011,0.7985243292906489,14,22,4,4,12,29,4,10,0.580073271233902,65.77675835909308
1696,4400,0.157,0.5,0.8060226903881318,0.8392852190278348,14,22,4,4,13,29,4,10,0.5240696518593687,72.56771139942065
1696,4401,0.136,0.467,0.7901308370850929,0.8180647756655902,14,22,4,4,14,29,4,10,0.48640004111841934,73.76335441022589
1696,4402,0.333,0.533,0.6342472293782341,0.7260745425736009,14,22,4,4,15,29,4,10,0.6284727519948657,58.00428044159939
1696,4403,0.529,0.6,0.4493367485236711,0.6063378051059651,14,22,4,4,16,29,4,10,0.799900618827114,48.59845019725668
1696,4404,0.706,0.667,0.27583517369051336,0.4909081365398883,14,22,4,4,17,29,4,10,0.9712491956238625,43.37295359072572
1696,4405,0.847,0.733,0.14466254245979193,0.3998366908651727,14,22,4,4,18,29,4,10,1.1201330278141073,40.87315211838054
1696,4406,0.941,0.8,0.05924014447510162,0.33978257997086114,14,22,4,4,19,29,4,10,1.2351036393760646,40.36983846507913
1696,4407,0.987,0.867,0.013575023887072546,0.3054431179095183,14,22,4,4,20,29,4,10,1.3137191480678052,41.29670097088579
1696,4408,0.999,0.934,8.102811912900076e-4,0.29383007866354494,14,22,4,4,21,29,4,10,1.3676099590160933,43.074069886805844
1696,4409,1,1,1.1102230246251565e-16,0.29289321881345254,14,22,4,4,22,29,4,10,1.4142135623730951,45
1696,4416,0.389,0.6,0.5942868793797994,0.7083617327145927,14,22,4,4,10,30,4,10,0.7150671297158051,57.043313957078354
1696,4417,0.296,0.579,0.6687590496120941,0.7552722855722266,14,22,4,4,11,30,4,10,0.6502745573986422,62.92268934061961
1696,4418,0.215,0.556,0.7387152390512075,0.7978348349009695,14,22,4,4,12,30,4,10,0.5961216318839638,68.85897991066007
1696,4419,0.17,0.529,0.7799590233585527,0.8143431649373153,14,22,4,4,13,30,4,10,0.5556446706304309,72.18461712999084
1696,4420,0.196,0.5,0.7182000590688862,0.7749616153564888,14,22,4,4,14,30,4,10,0.5370437598557496,68.59482056988146
1696,4421,0.391,0.563,0.5655285397141421,0.6844130493678161,14,22,4,4,15,30,4,10,0.6854560525664647,55.22026150786666
1696,4422,0.577,0.625,0.3962203787431995,0.5736321699715397,14,22,4,4,16,30,4,10,0.8506197740471356,47.28680276112954
1696,4423,0.74,0.688,0.2424061972763245,0.46875840446292094,14,22,4,4,17,30,4,10,1.0104177353946238,42.91452053587037
1696,4424,0.868,0.75,0.12695811230280807,0.38702618100299835,14,22,4,4,18,30,4,10,1.1471373065156585,40.82882963831081
1696,4425,0.95,0.813,0.05185818210023352,0.33352102365374925,14,22,4,4,19,30,4,10,1.2503875399251225,40.55656338972588
1696,4426,0.989,0.875,0.011729994033434998,0.30350499231617434,14,22,4,4,20,30,4,10,1.3205097500586658,41.500218160802355
1696,4427,0.999,0.938,7.058014199563534e-4,0.2936531432424585,14,22,4,4,21,30,4,10,1.3703448471096609,43.19623756362995
1696,4428,1,1,0,0.2928932188134524,14,22,4,4,22,30,4,10,1.4142135623730951,45
1696,4436,0.344,0.619,0.619105112638809,0.7212999695612314,14,22,4,4,10,31,4,10,0.7081645289055362,60.93753747558288
1696,4437,0.266,0.6,0.6810553991369481,0.7596818850499353,14,22,4,4,11,31,4,10,0.6563200438810322,66.09069397380483
1696,4438,0.211,0.579,0.7306392166034262,0.7874547531293261,14,22,4,4,12,31,4,10,0.6162483265697359,69.9771764599828
1696,4439,0.188,0.556,0.7400185044514098,0.78510921420378,14,22,4,4,13,31,4,10,0.5869241859047897,71.31808813965175
1696,4440,0.255,0.53,0.6524723686548446,0.7361240765966279,14,22,4,4,14,31,4,10,0.5881538914263852,64.30630034060037
1696,4441,0.443,0.588,0.5060489312369258,0.6485595994186225,14,22,4,4,15,31,4,10,0.7362017386559203,53.005580345344526
1696,4442,0.619,0.647,0.3514601027658214,0.5460296582577724,14,22,4,4,16,31,4,10,0.8954161043894621,46.26699867376722
1696,4443,0.77,0.706,0.214540659234009,0.4504512527429918,14,22,4,4,17,31,4,10,1.044670282912269,42.51718537968836
1696,4444,0.885,0.765,0.11231378656141144,0.3766299130737636,14,22,4,4,18,31,4,10,1.1698076765007144,40.84035770628736
1696,4445,0.957,0.824,0.045753663357164354,0.32856053430260046,14,22,4,4,19,31,4,10,1.2628638089675386,40.72924171973726
1696,4446,0.991,0.883,0.010236413616101503,0.3020122403157638,14,22,4,4,20,31,4,10,1.3273168423552832,41.70165041070847
1696,4447,1,0.941,6.197624666209878e-4,0.2935221855593414,14,22,4,4,21,31,4,10,1.3731281804696893,43.25893331542532
1696,4448,1,1,0,0.29289321881345254,14,22,4,4,22,31,4,10,1.4142135623730951,45
1696,4457,0.311,0.637,0.6331002384622186,0.7278566980776376,14,22,4,4,10,32,4,10,0.7088652904466405,63.977163987868366
1696,4458,0.253,0.619,0.6814432564400777,0.7568684673550407,14,22,4,4,11,32,4,10,0.6687077089431525,67.76899955059615
1696,4459,0.22,0.6,0.7110946342305609,0.771104560128171,14,22,4,4,12,32,4,10,0.6390618123468182,69.86369657175187
1696,4460,0.209,0.579,0.6940275636116724,0.7555309283386011,14,22,4,4,13,32,4,10,0.6155664058409945,70.15208104842905
1696,4461,0.309,0.556,0.5936767102993734,0.7017075587119955,14,22,4,4,14,32,4,10,0.6360951186733004,60.9366471180449
1696,4462,0.49,0.611,0.45490151541927304,0.6177899428155058,14,22,4,4,15,32,4,10,0.7832119764150699,51.271642491063965
1696,4463,0.655,0.667,0.3138233148419275,0.5227211965189122,14,22,4,4,16,32,4,10,0.9348336750459946,45.52006843540315
1696,4464,0.795,0.722,0.19123554575615365,0.4352161008618185,14,22,4,4,17,32,4,10,1.0739222504446029,42.24497831409625
1696,4465,0.899,0.778,0.10016483394858866,0.368077777805352,14,22,4,4,18,32,4,10,1.1889007527964646,40.873109094713136
1696,4466,0.963,0.834,0.04063111909298556,0.32454346451048044,14,22,4,4,19,32,4,10,1.2739407364551931,40.89399084473965
1696,4467,0.992,0.889,0.009006868628944953,0.3008264641330257,14,22,4,4,20,32,4,10,1.3320604340644608,41.865721710792045
1696,4468,1,0.945,5.452991148269248e-4,0.29342152179189274,14,22,4,4,21,32,4,10,1.3758724504836921,43.38024250274473
1696,4469,1,1,1.1102230246251565e-16,0.29289321881345254,14,22,4,4,22,32,4,10,1.4142135623730951,45
1696,4479,0.292,0.652,0.6379008233290822,0.7289382396035393,14,22,4,4,10,33,4,10,0.714400447928191,65.87464682645003
1696,4480,0.251,0.637,0.6727257317623011,0.7487578162015984,14,22,4,4,11,33,4,10,0.6846678026605312,68.49384686691046
1696,4481,0.232,0.619,0.6842224718906031,0.7517987959593714,14,22,4,4,12,33,4,10,0.6610484097250366,69.45409921719316
1696,4482,0.235,0.6,0.6470078730568006,0.72736132061865,14,22,4,4,13,33,4,10,0.6443795465407014,68.61137717218116
1696,4483,0.358,0.579,0.5416401825258093,0.6713919945493996,14,22,4,4,14,33,4,10,0.6807385694963963,58.27119034677967
1696,4484,0.532,0.632,0.4110062104495432,0.5913305611459911,14,22,4,4,15,33,4,10,0.8261041096617303,49.91026122158257
1696,4485,0.687,0.684,0.2820353222231028,0.502930795826328,14,22,4,4,16,33,4,10,0.9694457179233916,44.87462650313688
1696,4486,0.816,0.737,0.17160968700203005,0.42240437337446957,14,22,4,4,17,33,4,10,1.0995567288685018,42.087914769419115
1696,4487,0.911,0.79,0.08992213483026101,0.36093309073631874,14,22,4,4,18,33,4,10,1.2058279313401228,40.93113987117018
1696,4488,0.968,0.843,0.03623112279282348,0.3212205622034898,14,22,4,4,19,33,4,10,1.2836171547622757,41.05155641648625
1696,4489,0.994,0.895,0.00797249658776611,0.29985950087974833,14,22,4,4,20,33,4,10,1.3375578492162499,41.999948428813475
1696,4490,1,0.948,4.7934470941191076e-4,0.2933419068286266,14,22,4,4,21,33,4,10,1.3779346864057092,43.470907000688804
1696,4491,1,1,1.1102230246251565e-16,0.29289321881345254,14,22,4,4,22,33,4,10,1.4142135623730951,45
1696,4502,0.283,0.667,0.6353553556167221,0.7256775757194687,14,22,4,4,10,34,4,10,0.7245536557081195,67.00907722327321
1696,4503,0.257,0.652,0.6574295660029688,0.7371894204379732,14,22,4,4,11,34,4,10,0.7008230875192398,68.487040596751
1696,4504,0.245,0.636,0.6533532704450477,0.7315082971158107,14,22,4,4,12,34,4,10,0.6815577745136505,68.9323110675863
1696,4505,0.266,0.619,0.6017806777202042,0.7012630134778437,14,22,4,4,13,34,4,10,0.6737336268882532,66.7455765479604
1696,4506,0.403,0.6,0.4957935840170876,0.644703632681978,14,22,4,4,14,34,4,10,0.7227786659828858,56.11205835064776
1696,4507,0.569,0.65,0.3732380004424676,0.5684629295599285,14,22,4,4,15,34,4,10,0.8638639939249697,48.801596171847336
1696,4508,0.716,0.7,0.2549898591208253,0.485988217755459,14,22,4,4,16,34,4,10,1.0013271193770794,44.35261761305812
1696,4509,0.835,0.75,0.15496409901502162,0.41149933771149205,14,22,4,4,17,34,4,10,1.122374714611836,41.93029617727366
1696,4510,0.921,0.8,0.08118294775864665,0.35486968538762587,14,22,4,4,18,34,4,10,1.2199348343251784,40.978268638392116
1696,4511,0.972,0.85,0.0324372253414722,0.31841806696069863,14,22,4,4,19,34,4,10,1.2912335187718758,41.16922815918447
1696,4512,0.994,0.9,0.007075726260280968,0.2990537957943895,14,22,4,4,20,34,4,10,1.3409086471493874,42.15871819720002
1696,4513,1,0.95,4.2169574590067427e-4,0.2932775806132788,14,22,4,4,21,34,4,10,1.379311422413372,43.53119928561418
1696,4514,1,1,1.1102230246251565e-16,0.29289321881345254,14,22,4,4,22,34,4,10,1.4142135623730951,45
1696,4526,0.282,0.68,0.6271701014937685,0.7192182016911259,14,22,4,4,10,35,4,10,0.7361548750093285,67.47592727955146
1696,4527,0.266,0.667,0.6377856305822882,0.7236296442666242,14,22,4,4,11,35,4,10,0.7180842568946906,68.25785687938719
1696,4528,0.259,0.652,0.6208243338024864,0.7113705693789214,14,22,4,4,12,35,4,10,0.7015589782762387,68.33508099542985
1696,4529,0.3,0.637,0.5596148108155623,0.6773873908641401,14,22,4,4,13,35,4,10,0.7041086563876345,64.78155205857905
1696,4530,0.444,0.619,0.4554063451760838,0.6211463468716946,14,22,4,4,14,35,4,10,0.7617722756834879,54.34865760302864
1696,4531,0.603,0.667,0.3405686870970309,0.5485628580906885,14,22,4,4,15,35,4,10,0.8991651683645224,47.88490592378991
1696,4532,0.741,0.714,0.23179894776691823,0.4713426613517283,14,22,4,4,16,35,4,10,1.0290174925626872,43.93690136445217
1696,4533,0.851,0.762,0.14070626149451926,0.40209962952359724,14,22,4,4,17,35,4,10,1.1422981222080337,41.841810972903424
1696,4534,0.93,0.81,0.0735880252834934,0.34964600668001267,14,22,4,4,18,35,4,10,1.233288287465668,41.05481377096244
1696,4535,0.976,0.858,0.029133510294087284,0.31601391302235005,14,22,4,4,19,35,4,10,1.2995152942539767,41.31865005820227
1696,4536,0.995,0.905,0.0062997904597766885,0.2983707983965721,14,22,4,4,20,35,4,10,1.345009293648189,42.28801653255506
1696,4537,1,0.953,3.714716758108638e-4,0.29322476940041675,14,22,4,4,21,35,4,10,1.3813793830805496,43.62141221053497
1696,4538,1,1,0,0.2928932188134524,14,22,4,4,22,35,4,10,1.4142135623730951,45
1696,4557,1,1,0,0.2928932188134524,14,22,4,4,10,14,7,10,1.4142135623730951,45
1696,4558,1,1,0,0.2928932188134524,14,22,4,4,11,14,7,10,1.4142135623730951,45
1696,4559,1,1,0,0.2928932188134524,14,22,4,4,12,14,7,10,1.4142135623730951,45
1696,4560,1,1,0,0.2928932188134524,14,22,4,4,13,14,7,10,1.4142135623730951,45
1696,4561,1,0.917,1.2597348563181399e-5,0.29290677554326383,14,22,4,4,10,15,7,10,1.3567936468011634,42.52082345847564
1696,4562,1,0.91,3.390996139518432e-5,0.2929308792880927,14,22,4,4,11,15,7,10,1.3520724832641184,42.3021943666837
1696,4563,1,0.9,1.0058252439959503e-4,0.2930344443901589,14,22,4,4,12,15,7,10,1.3453624047073711,41.98721249581666
1696,4564,0.999,0.889,2.8370415344136646e-4,0.29366173612267954,14,22,4,4,13,15,7,10,1.3372815709490653,41.66556206288983
1696,4565,0.995,0.876,7.816365088167965e-4,0.29821759498368594,14,22,4,4,14,15,7,10,1.325670019273273,41.36075562786028
1696,4566,0.999,0.833,8.912434344664488e-4,0.2937779076041209,14,22,4,4,10,16,7,10,1.3007267199531192,39.822490802231016
1696,4567,0.998,0.819,0.0017819627886269673,0.2947779273803134,14,22,4,4,11,16,7,10,1.2910325325103158,39.37371581286992
1696,4568,0.995,0.8,0.0035196637263625874,0.2974375051177446,14,22,4,4,12,16,7,10,1.2767243241984545,38.79998113532084
1696,4569,0.987,0.778,0.006657651016749755,0.3046056828022268,14,22,4,4,13,16,7,10,1.2567629052450586,38.246847191922946
1696,4570,0.962,0.75,0.012584412132241485,0.32092226936154944,14,22,4,4,14,16,7,10,1.2198131004379318,37.94089766229969
1696,4571,0.88,0.876,0.021235257502632332,0.3383276720153604,14,22,4,4,15,16,7,10,1.2416827292025931,44.869485921608906
1696,4572,0.994,0.75,0.006987540958045879,0.2997185999691627,14,22,4,4,10,17,7,10,1.2452052039724215,37.03554511738589
1696,4573,0.987,0.728,0.011791307775618654,0.30499493875755934,14,22,4,4,11,17,7,10,1.226439154626107,36.41206440352397
1696,4574,0.975,0.7,0.01997993140547316,0.3151710855394061,14,22,4,4,12,17,7,10,1.2002603884157803,35.67640822186198
1696,4575,0.948,0.667,0.03363710699731659,0.3338433153209628,14,22,4,4,13,17,7,10,1.1591345909772515,35.129701501395836
1696,4576,0.888,0.625,0.056592272182473646,0.36522566180270344,14,22,4,4,14,17,7,10,1.0858954830000906,35.138987549067544
1696,4577,0.759,0.75,0.08819654636442065,0.3973266421004884,14,22,4,4,15,17,7,10,1.0670431106567344,44.65827972074461
1696,4578,0.618,0.875,0.09146315053041809,0.40097369741956357,14,22,4,4,16,17,7,10,1.0712371352786458,54.766984903200395
1696,4579,0.977,0.667,0.0259333513129687,0.3168442145050415,14,22,4,4,10,18,7,10,1.1829699911663019,34.32143742924617
1696,4580,0.96,0.637,0.04019244122965071,0.33017750000420076,14,22,4,4,11,18,7,10,1.1521150116199337,33.56593146224262
1696,4581,0.931,0.6,0.061568414765238555,0.35146664094472535,14,22,4,4,12,18,7,10,1.1075924340658887,32.800497556108674
1696,4582,0.879,0.556,0.09375612412439116,0.38459536208169354,14,22,4,4,13,18,7,10,1.0400850926727103,32.31486616581679
1696,4583,0.78,0.5,0.1434377046657379,0.4313001608228967,14,22,4,4,14,18,7,10,0.9264987857520376,32.66091272167381
1696,4584,0.619,0.625,0.20524344128723326,0.47482079323167403,14,22,4,4,15,18,7,10,0.8796510671851652,45.27634406060828
1696,4585,0.495,0.75,0.2296766818236058,0.48861370652195424,14,22,4,4,16,18,7,10,0.8986239480450096,56.5751888173962
1696,4586,0.466,0.875,0.16428384103134408,0.4489574585868181,14,22,4,4,17,18,7,10,0.9913531156959159,61.9615104371897
1696,4587,0.944,0.583,0.06475367478565963,0.3490295547030332,14,22,4,4,10,19,7,10,1.1095156600967828,31.698845227841527
1696,4588,0.913,0.546,0.09278190316490875,0.3727849217854112,14,22,4,4,11,19,7,10,1.0638068433696035,30.88062552227651
1696,4589,0.863,0.5,0.13252127910706646,0.40695636214825404,14,22,4,4,12,19,7,10,0.9973810706044105,30.08689904978998
1696,4590,0.781,0.444,0.18918793233985176,0.45520257517857343,14,22,4,4,13,19,7,10,0.8983857745979731,29.618313440935967
1696,4591,0.648,0.375,0.2682439640112352,0.5152869122597101,14,22,4,4,14,19,7,10,0.7486848469149086,30.058125479486673
1696,4592,0.478,0.5,0.3569755035362544,0.5674989641783424,14,22,4,4,15,19,7,10,0.6917253790341945,46.28864478516243
1696,4593,0.397,0.625,0.3903077297831956,0.5834320233463364,14,22,4,4,16,19,7,10,0.7404282544581885,57.576287109522866
1696,4594,0.412,0.75,0.3269231123519003,0.5440757092223967,14,22,4,4,17,19,7,10,0.8557125685649358,61.218540567136955
1696,4595,0.46,0.875,0.16909508890409686,0.452030723561776,14,22,4,4,18,19,7,10,0.9885469134037089,62.268453874922855
1696,4596,0.894,0.5,0.12479416800386423,0.3965302481494881,14,22,4,4,10,20,7,10,1.0243222149304387,29.217591843143328
1696,4597,0.844,0.455,0.16978207970199533,0.4316300830151262,14,22,4,4,11,20,7,10,0.9588331450257651,28.329085950643396
1696,4598,0.772,0.4,0.23026485857564816,0.4791152881502825,14,22,4,4,12,20,7,10,0.8694734038485594,27.390241970032854
1696,4599,0.664,0.333,0.31262198737096203,0.5417622888051058,14,22,4,4,13,20,7,10,0.7428223206124059,26.634040643451453
1696,4600,0.504,0.25,0.4204679789184069,0.6134297791770869,14,22,4,4,14,20,7,10,0.5625975470973901,26.38287125204104
1696,4601,0.351,0.375,0.5257961118175185,0.6685246056307679,14,22,4,4,15,20,7,10,0.5136399517171537,46.89338584574628
1696,4602,0.327,0.5,0.5355675360171116,0.6681498704737503,14,22,4,4,16,20,7,10,0.5974353521511763,56.815313893784555
1696,4603,0.369,0.625,0.43061680655071355,0.6036857337988764,14,22,4,4,17,20,7,10,0.725800248002162,59.44239767258825
1696,4604,0.444,0.75,0.2525409326414625,0.5013630902581512,14,22,4,4,18,20,7,10,0.8715709953870654,59.37446728130534
1696,4605,0.578,0.875,0.10019902949530879,0.40752205364740646,14,22,4,4,19,20,7,10,1.0486701101871836,56.55238870259583
1696,4606,0.825,0.417,0.20424455301192912,0.4564354188818839,14,22,4,4,10,21,7,10,0.9243992643874182,26.814523241387622
1696,4607,0.757,0.364,0.26646853078164845,0.5025640804223426,14,22,4,4,11,21,7,10,0.8399672612667711,25.680362383272676
1696,4608,0.663,0.3,0.34810267465318767,0.5624234502683079,14,22,4,4,12,21,7,10,0.7277149167084594,24.346213866164906
1696,4609,0.533,0.222,0.4541956495537035,0.6372847791489493,14,22,4,4,13,21,7,10,0.5773846205087212,22.612231617481658
1696,4610,0.357,0.125,0.5850537694105937,0.7160721970933034,14,22,4,4,14,21,7,10,0.37825123925771875,19.297194788024143
1696,4611,0.254,0.25,0.6728126081745631,0.7606162176324183,14,22,4,4,15,21,7,10,0.35639304145844375,44.54528113830686
1696,4612,0.279,0.375,0.6249618114182073,0.7259829245408552,14,22,4,4,16,21,7,10,0.4674034659691774,53.350752532331406
1696,4613,0.345,0.5,0.480643269406028,0.6331453563147027,14,22,4,4,17,21,7,10,0.6074742792909014,55.39432444836144
1696,4614,0.479,0.625,0.28318842338746286,0.5193818430423156,14,22,4,4,18,21,7,10,0.7874426963278026,52.5334444818701
1696,4615,0.664,0.75,0.13298470254116956,0.4292406944620536,14,22,4,4,19,21,7,10,1.001696560840657,48.480463058857865
1696,4616,0.844,0.876,0.03619442633563408,0.35617992607349214,14,22,4,4,20,21,7,10,1.2164341330298158,46.065845027561586
1696,4617,0.74,0.333,0.29743901558276986,0.524099896627658,14,22,4,4,10,22,7,10,0.8114733513800684,24.227745317954174
1696,4618,0.655,0.273,0.3762011925569583,0.5800937231443288,14,22,4,4,11,22,7,10,0.7096153887846571,22.626075872624565
1696,4619,0.543,0.2,0.47621085850455014,0.650676680791479,14,22,4,4,12,22,7,10,0.5786613863046333,20.219969461092635
1696,4620,0.397,0.111,0.601087338255143,0.7356403088243595,14,22,4,4,13,22,7,10,0.4122256663527879,15.620831478010428
1696,4621,0.22,0,0.740852968430888,0.8175041219755768,14,22,4,4,14,22,7,10,0.22,0
1696,4622,0.191,0.125,0.7734116923473897,0.8327980484264778,14,22,4,4,15,22,7,10,0.2282673870705143,33.20275186927624
1696,4623,0.249,0.25,0.6643253726260366,0.7490645363749265,14,22,4,4,16,22,7,10,0.35284699233520467,45.11482104772024
1696,4624,0.386,0.375,0.4673844955118279,0.6271958452495119,14,22,4,4,17,22,7,10,0.5381644730005875,44.171866378916604
1696,4625,0.584,0.5,0.2611888466447191,0.5077816035968945,14,22,4,4,18,22,7,10,0.7688016649305593,40.56896068708647
1696,4626,0.781,0.625,0.11698455688549181,0.41759262296744704,14,22,4,4,19,22,7,10,1.0002929570880723,38.6687537309125
1696,4627,0.925,0.75,0.031305303823595865,0.3480351451583813,14,22,4,4,20,22,7,10,1.1908505363814554,39.03551289874688
1696,4628,0.991,0.876,0.0019905206674476483,0.30457366077613923,14,22,4,4,21,22,7,10,1.3226704049006313,41.47525416766464
1696,4629,0.643,0.384,0.3984157978248013,0.5947812532478133,14,22,4,4,10,23,7,10,0.7489359118108838,30.84567517518025
1696,4630,0.542,0.333,0.4910505214685401,0.6591543936435461,14,22,4,4,11,23,7,10,0.6361234156985577,31.566197366010794
1696,4631,0.415,0.273,0.6058587371757853,0.7389696066589897,14,22,4,4,12,23,7,10,0.49674339452075256,33.33817157398417
1696,4632,0.259,0.2,0.744425740885365,0.8335604954676306,14,22,4,4,13,23,7,10,0.3272323333657602,37.67534759657383
1696,4633,0.114,0.111,0.8721103543152913,0.9119827424915927,14,22,4,4,14,23,7,10,0.15911316727411343,44.236101539070006
1696,4634,0.154,0.222,0.8141362226259172,0.8533807246165057,14,22,4,4,15,23,7,10,0.27018512172212594,55.25119875081743
1696,4635,0.306,0.333,0.6181122313646479,0.7242759911485779,14,22,4,4,16,23,7,10,0.45224440295044005,47.41950921665634
1696,4636,0.517,0.444,0.3913430321964144,0.5891858786496521,14,22,4,4,17,23,7,10,0.681487343976394,40.656009681225605
1696,4637,0.712,0.556,0.21039425470774464,0.47444365327243376,14,22,4,4,18,23,7,10,0.9033714629099151,37.986237452077276
1696,4638,0.868,0.667,0.08914476798015059,0.3896888267658587,14,22,4,4,19,23,7,10,1.094674837565932,37.53987074262802
1696,4639,0.963,0.778,0.021864312021906418,0.32758798308215586,14,22,4,4,20,23,7,10,1.2380036348896557,38.934467386686606
1696,4640,0.997,0.889,0.0012426133724853239,0.2972763119240134,14,22,4,4,21,23,7,10,1.3357881568572167,41.72259083389258
1696,4641,1,1,0,0.2928932188134524,14,22,4,4,22,23,7,10,1.4142135623730951,45
1696,4642,0.535,0.428,0.5015419921790448,0.6638465525438126,14,22,4,4,10,24,7,10,0.6851342934053147,38.65980825409009
1696,4643,0.422,0.385,0.6051145229886583,0.7345423079959702,14,22,4,4,11,24,7,10,0.5712346278019217,42.37489435216855
1696,4644,0.286,0.333,0.7311304029512984,0.8212958348121551,14,22,4,4,12,24,7,10,0.4389589958071255,49.342075000801785
1696,4645,0.124,0.273,0.8804085222797569,0.9243332592490362,14,22,4,4,13,24,7,10,0.2998416248621929,65.57185967667927
1696,4646,0.065,0.2,0.92645009864804,0.937355518027757,14,22,4,4,14,24,7,10,0.2102974084481309,71.99583839408662
1696,4647,0.249,0.3,0.7315003768438892,0.8059392237638842,14,22,4,4,15,24,7,10,0.38987305626318935,50.30732684933118
1696,4648,0.446,0.4,0.5166301065240243,0.6671377352129336,14,22,4,4,16,24,7,10,0.5990959856316849,41.88769139079452
1696,4649,0.635,0.5,0.31443378360277796,0.5376925922842086,14,22,4,4,17,24,7,10,0.8082233602167163,38.216951144798855
1696,4650,0.797,0.6,0.16553736636719285,0.43503482410632655,14,22,4,4,18,24,7,10,0.9976016238960319,36.973278050018244
1696,4651,0.915,0.7,0.06674447488448787,0.36094015064753604,14,22,4,4,19,24,7,10,1.1520525161640853,37.41697613632188
1696,4652,0.98,0.8,0.014732091663645752,0.3127905179151169,14,22,4,4,20,24,7,10,1.2650691680694774,39.22567409733673
1696,4653,0.999,0.9,7.70198157372004e-4,0.29446875753826196,14,22,4,4,21,24,7,10,1.3446192769702507,42.015717856406624
1696,4654,1,1,0,0.2928932188134524,14,22,4,4,22,24,7,10,1.4142135623730951,45
1696,4656,0.422,0.466,0.6015053712563176,0.7262700993733904,14,22,4,4,10,25,7,10,0.6286811592532419,47.83666010112546
1696,4657,0.301,0.428,0.7113613466270761,0.7991500266267783,14,22,4,4,11,25,7,10,0.5232446846361651,54.882390380975295
1696,4658,0.163,0.385,0.8392261820546094,0.8839737655213545,14,22,4,4,12,25,7,10,0.41808372367266344,67.05333654158181
1696,4659,0.031,0.333,0.9599803566622177,0.9466507779624254,14,22,4,4,13,25,7,10,0.3344398301638129,84.68148730246946
1696,4660,0.186,0.273,0.814866012278657,0.8608130475781917,14,22,4,4,14,25,7,10,0.33034073318317864,55.73266455665579
1696,4661,0.373,0.364,0.6192991917198827,0.7330376970705514,14,22,4,4,15,25,7,10,0.5211765535785354,44.30035768624691
1696,4662,0.555,0.455,0.4203411202607853,0.6033203085472942,14,22,4,4,16,25,7,10,0.717669840525572,39.3455791773593
1696,4663,0.72,0.546,0.25011665803044636,0.48818965404001224,14,22,4,4,17,25,7,10,0.9036127489140467,37.17425483359111
1696,4664,0.854,0.637,0.12813548425763965,0.4004483659180912,14,22,4,4,18,25,7,10,1.0654036793628976,36.719317757278255
1696,4665,0.944,0.728,0.049524477029160296,0.33971059050927555,14,22,4,4,19,25,7,10,1.1921073777139373,37.63892232842206
1696,4666,0.988,0.819,0.009905368547781235,0.30464981639074895,14,22,4,4,20,25,7,10,1.2833179652759483,39.65694424142484
1696,4667,0.999,0.91,4.821954672354911e-4,0.293575934290366,14,22,4,4,21,25,7,10,1.3513330455516879,42.33073093011519
1696,4668,1,1,1.1102230246251565e-16,0.29289321881345254,14,22,4,4,22,25,7,10,1.4142135623730951,45
1696,4671,0.313,0.5,0.6882412478764093,0.775877177709114,14,22,4,4,10,26,7,10,0.5898889726041673,57.953433848774765
1696,4672,0.198,0.466,0.7903796516931411,0.8414261030822041,14,22,4,4,11,26,7,10,0.5063200568810207,66.97971527851689
1696,4673,0.102,0.428,0.8814472306376,0.895355329882282,14,22,4,4,12,26,7,10,0.43998636342504976,76.5954374370962
1696,4674,0.122,0.384,0.8521480950989044,0.8740606398700645,14,22,4,4,13,26,7,10,0.4029143829649173,72.37451382607354
1696,4675,0.299,0.333,0.692960755447036,0.7790369138079306,14,22,4,4,14,26,7,10,0.4475377079085069,48.07939940850019
1696,4676,0.475,0.417,0.5119919037762495,0.6619955168773624,14,22,4,4,15,26,7,10,0.6320711985211792,41.2797267748129
1696,4677,0.64,0.5,0.3384698909095205,0.5462234464594403,14,22,4,4,16,26,7,10,0.8121576201698781,37.99873244250467
1696,4678,0.783,0.583,0.19813239551393158,0.44726555519879785,14,22,4,4,17,26,7,10,0.9762059208998888,36.67034339195056
1696,4679,0.892,0.667,0.09860720405789214,0.37415240301098307,14,22,4,4,18,26,7,10,1.1138011492182973,36.78759096227244
1696,4680,0.961,0.75,0.0366224192542115,0.3257546372415979,14,22,4,4,19,26,7,10,1.2190246100879178,37.9697963517195
1696,4681,0.993,0.833,0.006860043595660836,0.3002741387535043,14,22,4,4,20,26,7,10,1.296124222441661,39.99234912509038
1696,4682,1,0.917,3.052475927628473e-4,0.2932428269091798,14,22,4,4,21,26,7,10,1.3567936468011634,42.52082345847564
1696,4683,1,1,0,0.2928932188134524,14,22,4,4,22,26,7,10,1.4142135623730951,45
1696,4687,0.231,0.529,0.7448788187541804,0.8053919387315411,14,22,4,4,10,27,7,10,0.5772365199811945,66.41040705181834
1696,4688,0.156,0.5,0.8156709994547799,0.8485208771462057,14,22,4,4,11,27,7,10,0.5237709423020716,72.67207822275877
1696,4689,0.124,0.467,0.8342921968535175,0.8540991343205955,14,22,4,4,12,27,7,10,0.48318216026670524,75.12969014919366
1696,4690,0.225,0.429,0.7359824151502443,0.7996194257833682,14,22,4,4,13,27,7,10,0.48442336855275675,62.32408953997098
1696,4691,0.396,0.385,0.5822706170971981,0.7068311117614423,14,22,4,4,14,27,7,10,0.5523051692678604,44.19307054489763
1696,4692,0.56,0.461,0.419978227456824,0.6010106259723944,14,22,4,4,15,27,7,10,0.7253419883062059,39.461699404089515
1696,4693,0.708,0.539,0.27261037100244023,0.49971896587038933,14,22,4,4,16,27,7,10,0.8898230161105072,37.281997742039735
1696,4694,0.83,0.616,0.15721592572061538,0.41577321070862305,14,22,4,4,17,27,7,10,1.0336130804125885,36.58164731704475
1696,4695,0.92,0.692,0.07662400835583605,0.35529465701402596,14,22,4,4,18,27,7,10,1.1512011118827152,36.949530366650805
1696,4696,0.973,0.769,0.02723847299872406,0.3167656951737673,14,22,4,4,19,27,7,10,1.2401975649064951,38.320698545831
1696,4697,0.995,0.847,0.004886157298168992,0.2978305570056504,14,22,4,4,20,27,7,10,1.3066881800950065,40.40629855549228
1696,4698,1,0.923,1.977883644597167e-4,0.29309622014910564,14,22,4,4,21,27,7,10,1.3608559806239602,42.707010169212275
1696,4699,1,1,1.1102230246251565e-16,0.29289321881345254,14,22,4,4,22,27,7,10,1.4142135623730951,45
1696,4704,0.198,0.556,0.7615628974878808,0.8103109158652739,14,22,4,4,10,28,7,10,0.5902033547854503,70.39841734941007
1696,4705,0.167,0.529,0.7892855164917103,0.8239219986762448,14,22,4,4,11,28,7,10,0.5547341705718154,72.47961535733266
1696,4706,0.179,0.5,0.7487368133998669,0.7983151985958341,14,22,4,4,12,28,7,10,0.5310753242243514,70.30263260934443
1696,4707,0.317,0.467,0.6311348661522354,0.7338548835283791,14,22,4,4,13,28,7,10,0.564427143216908,55.83130564611414
1696,4708,0.479,0.429,0.48775486392852374,0.6461465047459817,14,22,4,4,14,28,7,10,0.6430256604522093,41.8481292676996
1696,4709,0.63,0.5,0.3451815603081466,0.5513841051291947,14,22,4,4,15,28,7,10,0.8043009387039157,38.437301491062534
1696,4710,0.761,0.572,0.22111738035517214,0.4633982574491431,14,22,4,4,16,28,7,10,0.9520005252099392,36.93008226605415
1696,4711,0.866,0.643,0.12580992018619386,0.39221674206440227,14,22,4,4,17,28,7,10,1.0786125346944564,36.59367314629913
1696,4712,0.939,0.714,0.06034991031992931,0.34193486991539546,14,22,4,4,18,28,7,10,1.1796257881209617,37.24875536613421
1696,4713,0.981,0.786,0.0205622585789087,0.3108661233203125,14,22,4,4,19,28,7,10,1.2570429586931386,38.70251848062795
1696,4714,0.997,0.857,0.003573264518524688,0.2963787489105154,14,22,4,4,20,28,7,10,1.3147083326730686,40.68165332935897
1696,4715,1,0.929,1.306155986333657e-4,0.2930216628460247,14,22,4,4,21,28,7,10,1.3649325990685401,42.8920866639288
1696,4716,1,1,0,0.2928932188134524,14,22,4,4,22,28,7,10,1.4142135623730951,45
1696,4722,0.202,0.579,0.7444067328738773,0.7944470248769403,14,22,4,4,10,29,7,10,0.6132250810265346,70.76727599761588
1696,4723,0.191,0.556,0.732759611015544,0.78482425186433,14,22,4,4,11,29,7,10,0.5878919968837815,71.04111298349875
1696,4724,0.251,0.529,0.6596887942112768,0.7442625113225338,14,22,4,4,12,29,7,10,0.585527112950374,64.61658878822588
1696,4725,0.399,0.5,0.5404172992147902,0.6778318997508808,14,22,4,4,13,29,7,10,0.6396882053000509,51.410132848270734
1696,4726,0.551,0.467,0.40982761827304326,0.5963883301664634,14,22,4,4,14,29,7,10,0.7222811087104523,40.28294023357403
1696,4727,0.688,0.533,0.2859076155005049,0.5119106911857999,14,22,4,4,15,29,7,10,0.8703062679310083,37.76527706232768
1696,4728,0.804,0.6,0.18123391337496597,0.43540458052581765,14,22,4,4,16,29,7,10,1.0032028708092895,36.73282666448936
1696,4729,0.894,0.667,0.10215161667155181,0.374621439362272,14,22,4,4,17,29,7,10,1.115403514428747,36.72606776808708
1696,4730,0.954,0.733,0.04817507350757888,0.3323333961528476,14,22,4,4,18,29,7,10,1.2030814602511335,37.53665134823986
1696,4731,0.986,0.8,0.015776474531159046,0.3068403314913112,14,22,4,4,19,29,7,10,1.269722804394723,39.05445928855698
1696,4732,0.998,0.867,0.0026649836078675992,0.29545216226677196,14,22,4,4,20,29,7,10,1.3220034039290518,40.98206998267248
1696,4733,1,0.934,8.77152494489497e-5,0.29297891205526017,14,22,4,4,21,29,7,10,1.3683406008739198,43.045473375173806
1696,4734,1,1,0,0.2928932188134524,14,22,4,4,22,29,7,10,1.4142135623730951,45
1696,4741,0.217,0.6,0.7053472933121069,0.7669267413113054,14,22,4,4,10,30,7,10,0.6380352654830296,70.11663161164533
1696,4742,0.23,0.579,0.6653598873593072,0.7430131145053012,14,22,4,4,11,30,7,10,0.6230096307441804,68.33521208365555
1696,4743,0.325,0.556,0.5781328246461748,0.6959841931286794,14,22,4,4,12,30,7,10,0.6440194096453927,59.692331573036256
1696,4744,0.471,0.529,0.4639814621428826,0.6309150051868513,14,22,4,4,13,30,7,10,0.7082951362250061,48.31943635031709
1696,4745,0.612,0.5,0.34671782727638356,0.5559904215321325,14,22,4,4,14,30,7,10,0.7902809626961793,39.248597909634015
1696,4746,0.737,0.563,0.2392374081029467,0.4806487465520063,14,22,4,4,15,30,7,10,0.9274362511784839,37.3764893527583
1696,4747,0.839,0.625,0.15037829513865064,0.41372801932727077,14,22,4,4,16,30,7,10,1.0462055247416733,36.68369523279574
1696,4748,0.915,0.688,0.08414446063017433,0.3612793477914866,14,22,4,4,17,30,7,10,1.1448008560444038,36.93996582485404
1696,4749,0.964,0.75,0.038904552716321206,0.3252346239461965,14,22,4,4,18,30,7,10,1.2213910102829477,37.883212256457846
1696,4750,0.99,0.813,0.01230476199527275,0.30396416080990396,14,22,4,4,19,30,7,10,1.2810421538731658,39.39325475910484
1696,4751,0.999,0.875,0.002012695940589615,0.2948214342663742,14,22,4,4,20,30,7,10,1.3280158131588644,41.21433562286915
1696,4752,1,0.938,5.9160886197617835e-5,0.2929523528174459,14,22,4,4,21,30,7,10,1.3710740315533658,43.16763304046667
1696,4753,1,1,0,0.2928932188134524,14,22,4,4,22,30,7,10,1.4142135623730951,45
1696,4761,0.239,0.619,0.6555047381601755,0.7352366098594425,14,22,4,4,10,31,7,10,0.6635374895211271,68.88809501571878
1696,4762,0.282,0.6,0.5980433449707065,0.7033682057579348,14,22,4,4,11,31,7,10,0.6629660624798226,64.82647547546983
1696,4763,0.395,0.579,0.5068326678636383,0.6541056999449859,14,22,4,4,12,31,7,10,0.7009037023728724,55.69777292416212
1696,4764,0.535,0.556,0.40050698086464076,0.5918547177601716,14,22,4,4,13,31,7,10,0.7715963970885297,46.1027156790974
1696,4765,0.665,0.53,0.2958408495532008,0.5231632352623345,14,22,4,4,14,31,7,10,0.8503675675847474,38.55458196374032
1696,4766,0.777,0.588,0.2023455420795005,0.4557098276788091,14,22,4,4,15,31,7,10,0.9744090516820951,37.11686068327027
1696,4767,0.867,0.647,0.1263794568476727,0.39668989090521956,14,22,4,4,16,31,7,10,1.0818031244177473,36.73219313493342
1696,4768,0.932,0.706,0.0700766469393157,0.35092503960055976,14,22,4,4,17,31,7,10,1.1692134108023222,37.144319397295405
1696,4769,0.972,0.765,0.031694036037868356,0.31981272550234086,14,22,4,4,18,31,7,10,1.2369353257143236,38.20405598398105
1696,4770,0.992,0.824,0.009723087379079898,0.30182107623760657,14,22,4,4,19,31,7,10,1.2895890818396378,39.71455325061741
1696,4771,0.999,0.883,0.0015310976195475057,0.294371421167279,14,22,4,4,20,31,7,10,1.3333004162603415,41.4729474134098
1696,4772,1,0.941,4.010439873813887e-5,0.2929350590378075,14,22,4,4,21,31,7,10,1.3731281804696893,43.25893331542532
1696,4773,1,1,1.1102230246251565e-16,0.29289321881345254,14,22,4,4,22,31,7,10,1.4142135623730951,45
1696,4782,0.27,0.637,0.6024008145214017,0.7034825533373673,14,22,4,4,10,32,7,10,0.6918590896996295,67.02976496156627
1696,4783,0.338,0.619,0.5357250249056943,0.6674864696072003,14,22,4,4,11,32,7,10,0.7052694520536105,61.36360584241995
1696,4784,0.458,0.6,0.445735802639337,0.6181548050113264,14,22,4,4,12,32,7,10,0.7548271325277066,52.64429922549096
1696,4785,0.591,0.579,0.3479758108896247,0.5592728827275186,14,22,4,4,13,32,7,10,0.827358447107419,44.41237158376004
1696,4786,0.71,0.556,0.25463924149149497,0.4962725532595327,14,22,4,4,14,32,7,10,0.9017959857972312,38.06444575993788
1696,4787,0.811,0.611,0.17289918410856386,0.4355383124353778,14,22,4,4,15,32,7,10,1.015402383294426,36.99403642631407
1696,4788,0.89,0.667,0.10735735771524135,0.38302963884608643,14,22,4,4,16,32,7,10,1.1122000719295069,36.849291360268495
1696,4789,0.945,0.722,0.05886618573342017,0.34268177300877833,14,22,4,4,17,32,7,10,1.1892472409049346,37.38059322190008
1696,4790,0.978,0.778,0.025963584247228333,0.3155424903116867,14,22,4,4,18,32,7,10,1.249707165699229,38.502284638323786
1696,4791,0.994,0.834,0.007727288286207057,0.3001697680280835,14,22,4,4,19,32,7,10,1.297533043895222,39.997800142411734
1696,4792,0.999,0.889,0.0011674907092572573,0.29404013757352,14,22,4,4,20,32,7,10,1.3372815709490653,41.66556206288983
1696,4793,1,0.945,2.735724904856518e-5,0.29292343660708964,14,22,4,4,21,32,7,10,1.3758724504836921,43.38024250274473
1696,4794,1,1,0,0.2928932188134524,14,22,4,4,22,32,7,10,1.4142135623730951,45
1696,4804,0.309,0.652,0.5505087725801675,0.6735030872666887,14,22,4,4,10,33,7,10,0.7215157655935178,64.64249257039438
1696,4805,0.394,0.637,0.4800086121741304,0.6356185062645265,14,22,4,4,11,33,7,10,0.7490026702222096,58.262200570219854
1696,4806,0.516,0.619,0.3937505169293015,0.5873215428327676,14,22,4,4,12,33,7,10,0.8058641324689912,50.18532566988432
1696,4807,0.64,0.6,0.3043653270061718,0.5319008553625605,14,22,4,4,13,33,7,10,0.8772684879784524,43.15238973400541
1696,4808,0.749,0.579,0.2209579914174995,0.47397248367341627,14,22,4,4,14,33,7,10,0.9467005862467817,37.705124509625215
1696,4809,0.839,0.632,0.14909555638342542,0.4189440136300231,14,22,4,4,15,33,7,10,1.050402303881708,36.98990005503534
1696,4810,0.908,0.684,0.09194113873275322,0.37184292357842197,14,22,4,4,16,33,7,10,1.136802533424341,36.99085970296277
1696,4811,0.955,0.737,0.04971443646340268,0.3359564573329782,14,22,4,4,17,33,7,10,1.206314221088353,37.658365478987214
1696,4812,0.983,0.79,0.021328850058898174,0.3120903318748912,14,22,4,4,18,33,7,10,1.2611062603920418,38.78752618883434
1696,4813,0.996,0.843,0.006161606935812913,0.29886574079415973,14,22,4,4,19,33,7,10,1.304862061675486,40.244093664905655
1696,4814,0.999,0.895,8.915590237696946e-4,0.29379121940636765,14,22,4,4,20,33,7,10,1.3412777490139767,41.85703112049663
1696,4815,1,0.948,1.8630302513256147e-5,0.2929154315808883,14,22,4,4,21,33,7,10,1.3779346864057092,43.470907000688804
1696,4816,1,1,1.1102230246251565e-16,0.29289321881345254,14,22,4,4,22,33,7,10,1.4142135623730951,45
1696,4827,0.353,0.667,0.5020098373566297,0.645955214224335,14,22,4,4,10,34,7,10,0.754650912674198,62.110623124350056
1696,4828,0.449,0.652,0.43092687183012435,0.6074863630190914,14,22,4,4,11,34,7,10,0.7916470173000085,55.446746727088296
1696,4829,0.568,0.636,0.34949472916612234,0.56075873398947,14,22,4,4,12,34,7,10,0.8527133164200029,48.23254011374587
1696,4830,0.683,0.619,0.26787677591150705,0.5086682489764938,14,22,4,4,13,34,7,10,0.9217646120349815,42.18588265508842
1696,4831,0.782,0.6,0.1931011077991025,0.4552113544524834,14,22,4,4,14,34,7,10,0.9856591703017834,37.49770776521093
1696,4832,0.863,0.65,0.12948547290152812,0.4050469692889215,14,22,4,4,15,34,7,10,1.0804022399088222,36.98656789825823
1696,4833,0.923,0.7,0.07913120199163148,0.3624927894337734,14,22,4,4,16,34,7,10,1.1584165917320073,37.17655375859613
1696,4834,0.964,0.75,0.04207589541801027,0.330350247222015,14,22,4,4,17,34,7,10,1.2213910102829477,37.883212256457846
1696,4835,0.986,0.8,0.01754784945040999,0.3092422430942269,14,22,4,4,18,34,7,10,1.269722804394723,39.05445928855698
1696,4836,0.997,0.85,0.004913141183917169,0.2978188901034161,14,22,4,4,19,34,7,10,1.3101560975700566,40.44950553538382
1696,4837,1,0.9,6.786764112336474e-4,0.29360172240075666,14,22,4,4,20,34,7,10,1.3453624047073711,41.98721249581666
1696,4838,1,0.95,1.2695277445295972e-5,0.2929098085221278,14,22,4,4,21,34,7,10,1.379311422413372,43.53119928561418
1696,4839,1,1,1.1102230246251565e-16,0.29289321881345254,14,22,4,4,22,34,7,10,1.4142135623730951,45
1696,4851,0.399,0.68,0.4577102124240343,0.6209325759857989,14,22,4,4,10,35,7,10,0.7884167679596877,59.59709352836475
1696,4852,0.5,0.667,0.3879175114837179,0.5826343151618061,14,22,4,4,11,35,7,10,0.8336000239923221,53.14384894206714
1696,4853,0.614,0.652,0.3116177556570636,0.5377000152741709,14,22,4,4,12,35,7,10,0.8956003573022959,46.71926233392353
1696,4854,0.721,0.637,0.23705475488050232,0.4887130308744052,14,22,4,4,13,35,7,10,0.9620862747176055,41.46044083145005
1696,4855,0.811,0.619,0.1697612655848404,0.4391891360561102,14,22,4,4,14,35,7,10,1.0202362471506294,37.35287356510077
1696,4856,0.883,0.667,0.11304458760998726,0.3932063255338343,14,22,4,4,15,35,7,10,1.106606524470193,37.066647244939105
1696,4857,0.936,0.714,0.06834871717971114,0.35453325365884625,14,22,4,4,16,35,7,10,1.1772391430801137,37.3371311581613
1696,4858,0.97,0.762,0.03563775323975116,0.32559427387876483,14,22,4,4,17,35,7,10,1.2335088163446584,38.15200886773017
1696,4859,0.989,0.81,0.014444440349507204,0.30685827016518574,14,22,4,4,18,35,7,10,1.2783665358573808,39.31778827993894
1696,4860,0.997,0.858,0.003910457713731219,0.2969699570647032,14,22,4,4,19,35,7,10,1.3153604068847442,40.71468599596135
1696,4861,1,0.905,5.154075166065031e-4,0.29345616596616986,14,22,4,4,20,35,7,10,1.348712348872064,42.14509520315724
1696,4862,1,0.953,8.73143117585684e-6,0.29290579033165653,14,22,4,4,21,35,7,10,1.3813793830805496,43.62141221053497
1696,4863,1,1,1.1102230246251565e-16,0.29289321881345254,14,22,4,4,22,35,7,10,1.4142135623730951,45
1696,4882,1,1,1.1102230246251565e-16,0.29289321881345254,14,22,4,4,10,14,10,10,1.4142135623730951,45
1696,4883,1,1,1.1102230246251565e-16,0.29289321881345254,14,22,4,4,11,14,10,10,1.4142135623730951,45
1696,4884,1,1,1.1102230246251565e-16,0.29289321881345254,14,22,4,4,12,14,10,10,1.4142135623730951,45
1696,4885,1,1,0,0.2928932188134524,14,22,4,4,13,14,10,10,1.4142135623730951,45
1696,4886,1,0.917,3.190453903567647e-5,0.2929280960253102,14,22,4,4,10,15,10,10,1.3567936468011634,42.52082345847564
1696,4887,1,0.91,7.575047226648923e-5,0.2929880015957411,14,22,4,4,11,15,10,10,1.3520724832641184,42.3021943666837
1696,4888,1,0.9,1.8177104374339503e-4,0.2932206269170585,14,22,4,4,12,15,10,10,1.3453624047073711,41.98721249581666
1696,4889,0.999,0.889,4.1243045837136005e-4,0.2943743298660596,14,22,4,4,13,15,10,10,1.3372815709490653,41.66556206288983
1696,4890,0.994,0.876,9.293110446124686e-4,0.299651303913385,14,22,4,4,14,15,10,10,1.3249196202034295,41.389331651109934
1696,4891,0.998,0.833,0.001896297310077566,0.2948744736653276,14,22,4,4,10,16,10,10,1.299958845502426,39.850716974393116
1696,4892,0.996,0.819,0.003289870541574591,0.296874983264085,14,22,4,4,11,16,10,10,1.2894871073415197,39.43009027476639
1696,4893,0.991,0.8,0.0055801027333598485,0.3013866819690295,14,22,4,4,12,16,10,10,1.2736094377791018,38.912737090874955
1696,4894,0.979,0.778,0.009380170576988367,0.31106334020497106,14,22,4,4,13,16,10,10,1.2504899039976292,38.47376041699896
1696,4895,0.947,0.75,0.015886745137209335,0.3278946902379125,14,22,4,4,14,16,10,10,1.2080186256842234,38.37833157588866
1696,4896,0.862,0.876,0.02311848001298278,0.3411490975125301,14,22,4,4,15,16,10,10,1.228991456438978,45.4615210382045
1696,4897,0.986,0.75,0.013380737720897873,0.3064737843249461,14,22,4,4,10,17,10,10,1.2388284788460426,37.2584003677061
1696,4898,0.976,0.728,0.020600841788512292,0.31511394999632036,14,22,4,4,11,17,10,10,1.2176042049861686,36.719317757278255
1696,4899,0.956,0.7,0.031577869104437384,0.329378115084746,14,22,4,4,12,17,10,10,1.1848780527969955,36.212243712437186
1696,4900,0.919,0.667,0.04826307793816398,0.3521087476032738,14,22,4,4,13,17,10,10,1.1355395193475215,35.97172842411379
1696,4901,0.843,0.625,0.07326796241316014,0.38317326672962526,14,22,4,4,14,17,10,10,1.0494160280841913,36.55322894234757
1696,4902,0.714,0.75,0.10129399882947321,0.40740149496807865,14,22,4,4,15,17,10,10,1.0355172620482962,46.40862873533847
1696,4903,0.599,0.875,0.09265119683677148,0.40228109685224234,14,22,4,4,16,17,10,10,1.0603895510613068,55.60557307600127
1696,4904,0.954,0.667,0.047558599721481465,0.3361776815497737,14,22,4,4,10,18,10,10,1.1640468203641983,34.959761335326114
1696,4905,0.927,0.637,0.06723680288746714,0.35527761686412107,14,22,4,4,11,18,10,10,1.124765753390456,34.495405221627834
1696,4906,0.885,0.6,0.09479397415821567,0.3826847958225237,14,22,4,4,12,18,10,10,1.0692170032318042,34.135940077912274
1696,4907,0.814,0.556,0.13432478923988678,0.42046863640829524,14,22,4,4,13,18,10,10,0.9857646778009446,34.33489994482992
1696,4908,0.692,0.5,0.1870989330676055,0.46307177167359326,14,22,4,4,14,18,10,10,0.8537353219821703,35.84974322198513
1696,4909,0.549,0.625,0.2384297706158609,0.4941305434285146,14,22,4,4,15,18,10,10,0.8318810011053264,48.703928158748745
1696,4910,0.47,0.75,0.23818947237082944,0.4934371242725212,14,22,4,4,16,18,10,10,0.8850988645343525,57.92599912470595
1696,4911,0.465,0.875,0.16072675315743878,0.4468948568858303,14,22,4,4,17,18,10,10,0.9908834442052203,62.01254680924402
1696,4912,0.894,0.583,0.1121249314528352,0.3873005178664767,14,22,4,4,10,19,10,10,1.0672979902538935,33.10938694008708
1696,4913,0.847,0.546,0.15010331131893762,0.41881573819861195,14,22,4,4,11,19,10,10,1.0077326034221579,32.806965524493044
1696,4914,0.777,0.5,0.20039011964432585,0.46044839247921177,14,22,4,4,12,19,10,10,0.9239745667495399,32.76130706472631
1696,4915,0.671,0.444,0.26688681467840025,0.5118260762517299,14,22,4,4,13,19,10,10,0.8045974148603761,33.49256475942556
1696,4916,0.517,0.375,0.3490548020146971,0.5633931832068615,14,22,4,4,14,19,10,10,0.6386814542477337,35.95482207420321
1696,4917,0.403,0.5,0.4114352934288975,0.5964592760993221,14,22,4,4,15,19,10,10,0.6421907816217857,51.131185695183795
1696,4918,0.384,0.625,0.40455779638257783,0.5900324616694694,14,22,4,4,16,19,10,10,0.7335400466232229,58.43343426872024
1696,4919,0.417,0.75,0.3147248408591895,0.5374842302097305,14,22,4,4,17,19,10,10,0.8581311088639078,60.925940628491276
1696,4920,0.465,0.875,0.15662637188714723,0.44430354803834493,14,22,4,4,18,19,10,10,0.9908834442052203,62.01254680924402
1696,4921,0.807,0.5,0.2079234826868861,0.45842712091568705,14,22,4,4,10,20,10,10,0.9493413506215771,31.781472748705507
1696,4922,0.737,0.455,0.26648216181693685,0.502878470935926,14,22,4,4,11,20,10,10,0.8661374024945465,31.68984239157189
1696,4923,0.64,0.4,0.34166061977118245,0.5581862336772638,14,22,4,4,12,20,10,10,0.7547184905645283,32.005383208083494
1696,4924,0.506,0.333,0.43541471095401896,0.6209689169707433,14,22,4,4,13,20,10,10,0.6057433449902689,33.349025247120935
1696,4925,0.351,0.25,0.5397704739576237,0.6763555073237669,14,22,4,4,14,20,10,10,0.43093038881007223,35.46039731616132
1696,4926,0.304,0.375,0.5805600738761114,0.6962880055819831,14,22,4,4,15,20,10,10,0.4827432029557744,50.96947042626888
1696,4927,0.334,0.5,0.5214112253373392,0.660166777182033,14,22,4,4,16,20,10,10,0.601295268566118,56.2570766038544
1696,4928,0.384,0.625,0.3923863603748995,0.5831294973595647,14,22,4,4,17,20,10,10,0.7335400466232229,58.43343426872024
1696,4929,0.47,0.75,0.22342588446247935,0.485102301545853,14,22,4,4,18,20,10,10,0.8850988645343525,57.92599912470595
1696,4930,0.599,0.875,0.09199456177899246,0.4014281254522021,14,22,4,4,19,20,10,10,1.0603895510613068,55.60557307600127
1696,4931,0.695,0.417,0.3286054327149007,0.5440712557301277,14,22,4,4,10,21,10,10,0.8105023133834967,30.96375653207352
1696,4932,0.604,0.364,0.40824836970123235,0.6003715141819846,14,22,4,4,11,21,10,10,0.705203516724073,31.075226779590565
1696,4933,0.485,0.3,0.5061876359676429,0.6669033852927595,14,22,4,4,12,21,10,10,0.5702850164610674,31.739140795815157
1696,4934,0.331,0.222,0.6209248683519188,0.7359389392441519,14,22,4,4,13,21,10,10,0.3985536350354868,33.84955432217223
1696,4935,0.228,0.125,0.7085674097316652,0.7817455089647034,14,22,4,4,14,21,10,10,0.2600173071162764,28.733562747438384
1696,4936,0.251,0.25,0.6802911945628141,0.7659734961618256,14,22,4,4,15,21,10,10,0.3542612030691478,44.88563731851586
1696,4937,0.304,0.375,0.5693075608768621,0.6923745190381215,14,22,4,4,16,21,10,10,0.4827432029557744,50.96947042626888
1696,4938,0.403,0.5,0.40192693144464553,0.5914334913909469,14,22,4,4,17,21,10,10,0.6421907816217857,51.131185695183795
1696,4939,0.549,0.625,0.23379150537129956,0.4917322282859674,14,22,4,4,18,21,10,10,0.8318810011053264,48.703928158748745
1696,4940,0.714,0.75,0.1112350027015494,0.41445566696153313,14,22,4,4,19,21,10,10,1.0355172620482962,46.40862873533847
1696,4941,0.862,0.876,0.03103622728663613,0.3504278421252329,14,22,4,4,20,21,10,10,1.228991456438978,45.4615210382045
1696,4942,0.565,0.333,0.4643067202658613,0.6371584724079049,14,22,4,4,10,22,10,10,0.655830770854799,30.51426957525524
1696,4943,0.456,0.273,0.5617656849354071,0.7036715503330933,14,22,4,4,11,22,10,10,0.5314743643864679,30.90829112876738
1696,4944,0.322,0.2,0.6763933235273185,0.7793949385587822,14,22,4,4,12,22,10,10,0.379056723987321,31.84516052865566
1696,4945,0.166,0.111,0.7971628421236359,0.8497099874500595,14,22,4,4,13,22,10,10,0.1996922632452244,33.769644946357154
1696,4946,0.167,0,0.8092477460300506,0.8612479907928942,14,22,4,4,14,22,10,10,0.167,0
1696,4947,0.228,0.125,0.7064330683196396,0.7860202571116711,14,22,4,4,15,22,10,10,0.2600173071162764,28.733562747438384
1696,4948,0.351,0.25,0.538098820813004,0.676461968378703,14,22,4,4,16,22,10,10,0.43093038881007223,35.46039731616132
1696,4949,0.517,0.375,0.3453174749794846,0.5621571285968073,14,22,4,4,17,22,10,10,0.6386814542477337,35.95482207420321
1696,4950,0.692,0.5,0.19228680609089466,0.4668225639168906,14,22,4,4,18,22,10,10,0.8537353219821703,35.84974322198513
1696,4951,0.843,0.625,0.08423786648951259,0.3929969172925796,14,22,4,4,19,22,10,10,1.0494160280841913,36.55322894234757
1696,4952,0.947,0.75,0.022270281410824433,0.33572891490319556,14,22,4,4,20,22,10,10,1.2080186256842234,38.37833157588866
1696,4953,0.994,0.876,0.0014582843870762918,0.30200039036104687,14,22,4,4,21,22,10,10,1.3249196202034295,41.389331651109934
1696,4954,0.423,0.384,0.6043733370257299,0.731347739840785,14,22,4,4,10,23,10,10,0.5713011465068139,42.233211598830486
1696,4955,0.301,0.333,0.7156485124529287,0.8070395453289043,14,22,4,4,11,23,10,10,0.4488763749630849,47.88944854357162
1696,4956,0.158,0.273,0.8417343660543253,0.8924327648188206,14,22,4,4,12,23,10,10,0.3154251099706553,59.9396909368545
1696,4957,0.084,0.2,0.9158377948960664,0.9435960072938591,14,22,4,4,13,23,10,10,0.21692394980729998,67.21759426951832
1696,4958,0.166,0.111,0.8037748507965311,0.8575825739390892,14,22,4,4,14,23,10,10,0.1996922632452244,33.769644946357154
1696,4959,0.331,0.222,0.6200416847046583,0.7388349111220089,14,22,4,4,15,23,10,10,0.3985536350354868,33.84955432217223
1696,4960,0.506,0.333,0.4269071636495835,0.6178219428962926,14,22,4,4,16,23,10,10,0.6057433449902689,33.349025247120935
1696,4961,0.671,0.444,0.2597467707516353,0.50893840358648,14,22,4,4,17,23,10,10,0.8045974148603761,33.49256475942556
1696,4962,0.814,0.556,0.13836789626284873,0.4237572036324553,14,22,4,4,18,23,10,10,0.9857646778009446,34.33489994482992
1696,4963,0.919,0.667,0.05608638823788081,0.35864168219575554,14,22,4,4,19,23,10,10,1.1355395193475215,35.97172842411379
1696,4964,0.979,0.778,0.012192395355312802,0.3137145669838508,14,22,4,4,20,23,10,10,1.2504899039976292,38.47376041699896
1696,4965,0.999,0.889,6.566426111616064e-4,0.2948741938431306,14,22,4,4,21,23,10,10,1.3372815709490653,41.66556206288983
1696,4966,1,1,0,0.2928932188134524,14,22,4,4,22,23,10,10,1.4142135623730951,45
1696,4967,0.275,0.428,0.7403113684713094,0.8180042165291663,14,22,4,4,10,24,10,10,0.5087327392649308,57.27830763091531
1696,4968,0.147,0.385,0.8609116735811865,0.8983507311503816,14,22,4,4,11,24,10,10,0.4121092088269807,69.10223450116115
1696,4969,0.015,0.333,0.9862576154422888,0.9720748992896511,14,22,4,4,12,24,10,10,0.3333376666385004,87.42085249971659
1696,4970,0.158,0.273,0.8411552981618878,0.8912606559147147,14,22,4,4,13,24,10,10,0.3154251099706553,59.9396909368545
1696,4971,0.322,0.2,0.6690909696616107,0.7766828660275622,14,22,4,4,14,24,10,10,0.379056723987321,31.84516052865566
1696,4972,0.485,0.3,0.48931968750904453,0.6583731741084871,14,22,4,4,15,24,10,10,0.5702850164610674,31.739140795815157
1696,4973,0.64,0.4,0.3222241608756674,0.5468050377534228,14,22,4,4,16,24,10,10,0.7547184905645283,32.005383208083494
1696,4974,0.777,0.5,0.19059583361950105,0.45297934082582947,14,22,4,4,17,24,10,10,0.9239745667495399,32.76130706472631
1696,4975,0.885,0.6,0.09581991838788928,0.38174856330900775,14,22,4,4,18,24,10,10,1.0692170032318042,34.135940077912274
1696,4976,0.956,0.7,0.03572362370265636,0.3308357202421899,14,22,4,4,19,24,10,10,1.1848780527969955,36.212243712437186
1696,4977,0.991,0.8,0.0066113278603044945,0.3020299143207751,14,22,4,4,20,24,10,10,1.2736094377791018,38.912737090874955
1696,4978,1,0.9,2.793800460511031e-4,0.29332530283448377,14,22,4,4,21,24,10,10,1.3453624047073711,41.98721249581666
1696,4979,1,1,0,0.2928932188134524,14,22,4,4,22,24,10,10,1.4142135623730951,45
1696,4981,0.144,0.466,0.8467215353493539,0.8764592702970435,14,22,4,4,10,25,10,10,0.4877417349376615,72.82817757090588
1696,4982,0.07,0.428,0.9170435779112484,0.9187998508250914,14,22,4,4,11,25,10,10,0.4336865227327222,80.71143246633581
1696,4983,0.147,0.385,0.8435719544719085,0.8810376522261902,14,22,4,4,12,25,10,10,0.4121092088269807,69.10223450116115
1696,4984,0.301,0.333,0.6947057506749397,0.7905196932347334,14,22,4,4,13,25,10,10,0.4488763749630849,47.88944854357162
1696,4985,0.456,0.273,0.5326920003744289,0.6851570257325623,14,22,4,4,14,25,10,10,0.5314743643864679,30.90829112876738
1696,4986,0.604,0.364,0.3748854279023386,0.5793161196317216,14,22,4,4,15,25,10,10,0.705203516724073,31.075226779590565
1696,4987,0.737,0.455,0.2399217845725894,0.4839666068408691,14,22,4,4,16,25,10,10,0.8661374024945465,31.68984239157189
1696,4988,0.847,0.546,0.13730113774000285,0.40723649050545774,14,22,4,4,17,25,10,10,1.0077326034221579,32.806965524493044
1696,4989,0.927,0.637,0.06554002353055177,0.3512722514172304,14,22,4,4,18,25,10,10,1.124765753390456,34.495405221627834
1696,4990,0.976,0.728,0.02209406557755833,0.3147325070172512,14,22,4,4,19,25,10,10,1.2176042049861686,36.719317757278255
1696,4991,0.996,0.819,0.003650856942620684,0.2971343828048689,14,22,4,4,20,25,10,10,1.2894871073415197,39.43009027476639
1696,4992,1,0.91,1.1412602129046157e-4,0.2930237432846551,14,22,4,4,21,25,10,10,1.3520724832641184,42.3021943666837
1696,4993,1,1,1.1102230246251565e-16,0.29289321881345254,14,22,4,4,22,25,10,10,1.4142135623730951,45
1696,4996,0.124,0.5,0.8526007475959245,0.8709270859407936,14,22,4,4,10,26,10,10,0.5151465810815403,76.07165806084632
1696,4997,0.144,0.466,0.8155431322785816,0.8504394436575053,14,22,4,4,11,26,10,10,0.4877417349376615,72.82817757090588
1696,4998,0.275,0.428,0.7001855388393156,0.7863306362449642,14,22,4,4,12,26,10,10,0.5087327392649308,57.27830763091531
1696,4999,0.423,0.384,0.5592443575042004,0.6997044977304752,14,22,4,4,13,26,10,10,0.5713011465068139,42.233211598830486
1696,5000,0.565,0.333,0.41559265748089014,0.605381427637196,14,22,4,4,14,26,10,10,0.655830770854799,30.51426957525524
1696,5001,0.695,0.417,0.2845751638300542,0.5143665011837442,14,22,4,4,15,26,10,10,0.8105023133834967,30.96375653207352
1696,5002,0.807,0.5,0.1778238510219855,0.4356161721220819,14,22,4,4,16,26,10,10,0.9493413506215771,31.781472748705507
1696,5003,0.894,0.583,0.09830466449295105,0.3745130361846366,14,22,4,4,17,26,10,10,1.0672979902538935,33.10938694008708
1696,5004,0.954,0.667,0.04478023127872677,0.331815628776459,14,22,4,4,18,26,10,10,1.1640468203641983,34.959761335326114
1696,5005,0.986,0.75,0.013649924568545191,0.3060450999957083,14,22,4,4,19,26,10,10,1.2388284788460426,37.2584003677061
1696,5006,0.998,0.833,0.002070759117787757,0.2950717841807575,14,22,4,4,20,26,10,10,1.299958845502426,39.850716974393116
1696,5007,1,0.917,4.824722575036411e-5,0.29294384196049594,14,22,4,4,21,26,10,10,1.3567936468011634,42.52082345847564
1696,5008,1,1,1.1102230246251565e-16,0.29289321881345254,14,22,4,4,22,26,10,10,1.4142135623730951,45
1696,5012,0.165,0.529,0.775049720879423,0.8176796726256426,14,22,4,4,10,27,10,10,0.5541353625243565,72.67681602149491
1696,5013,0.251,0.5,0.692104329420295,0.7725292496702523,14,22,4,4,11,27,10,10,0.5594649229397675,63.343348933715156
1696,5014,0.388,0.467,0.5733734211317856,0.7045605206746379,14,22,4,4,12,27,10,10,0.6071515461563118,50.2790071796181
1696,5015,0.526,0.429,0.44553622045518704,0.6244809096881814,14,22,4,4,13,27,10,10,0.6787613719121028,39.20031844122076
1696,5016,0.653,0.385,0.3229997147642498,0.5417962951399327,14,22,4,4,14,27,10,10,0.7580461727361996,30.523028459312506
1696,5017,0.766,0.461,0.2166317197049782,0.4650147124096726,14,22,4,4,15,27,10,10,0.8940229303546974,31.040693078310753
1696,5018,0.858,0.539,0.13234439602205195,0.4007392652349502,14,22,4,4,16,27,10,10,1.0132546570334626,32.137248981041786
1696,5019,0.926,0.616,0.07132984404183462,0.35233384377807264,14,22,4,4,17,27,10,10,1.1121744467483508,33.632914647665935
1696,5020,0.97,0.692,0.030847288036704223,0.3197539953999703,14,22,4,4,18,27,10,10,1.1915385012663249,35.50413880291942
1696,5021,0.992,0.769,0.00873053528122536,0.30128314568187,14,22,4,4,19,27,10,10,1.255159352432989,37.78290051265945
1696,5022,0.999,0.847,0.0012259783275745395,0.2941262877857779,14,22,4,4,20,27,10,10,1.3097366147435903,40.29287313802627
1696,5023,1,0.923,2.1852107621955774e-5,0.2929166863052751,14,22,4,4,21,27,10,10,1.3608559806239602,42.707010169212275
1696,5024,1,1,0,0.2928932188134524,14,22,4,4,22,27,10,10,1.4142135623730951,45
1696,5029,0.241,0.556,0.674776245794695,0.7553839593039475,14,22,4,4,10,28,10,10,0.6059843232295701,66.56552353614751
1696,5030,0.353,0.529,0.5790502436192848,0.7029095967171849,14,22,4,4,11,28,10,10,0.6359638354497841,56.28494521894796
1696,5031,0.485,0.5,0.46724496466556265,0.6370242529610181,14,22,4,4,12,28,10,10,0.6965809357138624,45.87245712290204
1696,5032,0.611,0.467,0.35516809507062175,0.5647486941181341,14,22,4,4,13,28,10,10,0.7690318588979262,37.39143129943993
1696,5033,0.724,0.429,0.2527134845936627,0.49315013953613174,14,22,4,4,14,28,10,10,0.8415562963937707,30.648498648424756
1696,5034,0.82,0.5,0.1666016101237373,0.4286921626319119,14,22,4,4,15,28,10,10,0.9604165762834375,31.37300514010846
1696,5035,0.895,0.572,0.10008422594056432,0.37608382573697297,14,22,4,4,16,28,10,10,1.0621718316731996,32.58289595803447
1696,5036,0.948,0.643,0.05255652734538352,0.33738796590790876,14,22,4,4,17,28,10,10,1.1454924705121374,34.14786909664603
1696,5037,0.98,0.714,0.021572008541299703,0.3121368593456917,14,22,4,4,18,28,10,10,1.212516391641779,36.0760115563686
1696,5038,0.995,0.786,0.005791323025559958,0.2985263561418311,14,22,4,4,19,28,10,10,1.2679988170341485,38.306962736170114
1696,5039,0.999,0.857,7.50866409158113e-4,0.29364217265583603,14,22,4,4,20,28,10,10,1.3162256645423687,40.624902299009705
1696,5040,1,0.929,1.0073760585038727e-5,0.29290526993531296,14,22,4,4,21,28,10,10,1.3649325990685401,42.8920866639288
1696,5041,1,1,0,0.2928932188134524,14,22,4,4,22,28,10,10,1.4142135623730951,45
1696,5047,0.327,0.579,0.577987216510353,0.6975257347489169,14,22,4,4,10,29,10,10,0.6649586453306702,60.54367922670144
1696,5048,0.445,0.556,0.48276601222823456,0.644162197008048,14,22,4,4,11,29,10,10,0.7121523713363596,51.327626882183026
1696,5049,0.568,0.529,0.38180254854984785,0.5826451305085736,14,22,4,4,12,29,10,10,0.7761861890036437,42.96390638333003
1696,5050,0.682,0.5,0.28536756916461836,0.518239688832298,14,22,4,4,13,29,10,10,0.8456500458227387,36.246552832269415
1696,5051,0.781,0.467,0.20007707717749845,0.45640310665387884,14,22,4,4,14,29,10,10,0.9099725270578228,30.877370197965067
1696,5052,0.862,0.533,0.13017500954677608,0.40202840032821774,14,22,4,4,15,29,10,10,1.0134757027181265,31.729723180705857
1696,5053,0.923,0.6,0.07708654955379446,0.35849225165803267,14,22,4,4,16,29,10,10,1.1008764690009503,33.02604942097126
1696,5054,0.964,0.667,0.03931415347608458,0.3270705508554149,14,22,4,4,17,29,10,10,1.172256371277205,34.67969742707339
1696,5055,0.987,0.733,0.01534170051300554,0.3071039423947922,14,22,4,4,18,29,10,10,1.2294136813945094,36.59959257365984
1696,5056,0.997,0.8,0.0039239265307347004,0.29681037833838553,14,22,4,4,19,29,10,10,1.2782836148523535,38.74380933674647
1696,5057,1,0.867,4.623258909298711e-4,0.29336702850318674,14,22,4,4,20,29,10,10,1.323513883569039,40.92528797789907
1696,5058,1,0.934,4.682114771670243e-6,0.2928997720696058,14,22,4,4,21,29,10,10,1.3683406008739198,43.045473375173806
1696,5059,1,1,0,0.2928932188134524,14,22,4,4,22,29,10,10,1.4142135623730951,45
1696,5066,0.41,0.6,0.4928893158609132,0.647265545674479,14,22,4,4,10,30,10,10,0.7267048919609665,55.65390259993849
1696,5067,0.526,0.579,0.4036602380285167,0.595716061420951,14,22,4,4,11,30,10,10,0.7822512384138488,47.74601888873934
1696,5068,0.639,0.556,0.3143326215286566,0.5392708489368605,14,22,4,4,12,30,10,10,0.8470283348271178,41.0268413355259
1696,5069,0.74,0.529,0.2318275859151534,0.4820892300494849,14,22,4,4,13,30,10,10,0.9096378400220606,35.5596442239383
1696,5070,0.826,0.5,0.16065617712692593,0.4284588423122242,14,22,4,4,14,30,10,10,0.9655444060218048,31.18764653802731
1696,5071,0.893,0.563,0.1034373909386147,0.3821338979591018,14,22,4,4,15,30,10,10,1.0556599831385105,32.22975553246825
1696,5072,0.943,0.625,0.06019571867353235,0.3456007089031179,14,22,4,4,16,30,10,10,1.1313151638690255,33.53555611464584
1696,5073,0.974,0.688,0.029709603295661857,0.3196675101890245,14,22,4,4,17,30,10,10,1.1924848007417117,35.23606504928499
1696,5074,0.991,0.75,0.01108081607494038,0.3036009100037298,14,22,4,4,18,30,10,10,1.2428117315184952,37.11884780864493
1696,5075,0.998,0.813,0.00267467302070612,0.29567310060535135,14,22,4,4,19,30,10,10,1.2872346328467084,39.167267916545725
1696,5076,1,0.875,2.81167539137428e-4,0.29320027289269546,14,22,4,4,20,30,10,10,1.3287682265918312,41.18592516570965
1696,5077,1,0.938,2.176804757891837e-6,0.29289694957167434,14,22,4,4,21,30,10,10,1.3710740315533658,43.16763304046667
1696,5078,1,1,0,0.2928932188134524,14,22,4,4,22,30,10,10,1.4142135623730951,45
1696,5086,0.487,0.619,0.42093722155392677,0.6046604463651892,14,22,4,4,10,31,10,10,0.7876103097344523,51.806000828674904
1696,5087,0.597,0.6,0.3395982814601982,0.5560124933796626,14,22,4,4,11,31,10,10,0.8464094753722928,45.143598144231206
1696,5088,0.699,0.579,0.26120061737191314,0.5045650095582193,14,22,4,4,12,31,10,10,0.9076574243622976,39.63584223766995
1696,5089,0.788,0.556,0.1905592843096593,0.45368972714887035,14,22,4,4,13,31,10,10,0.9644065532751217,35.206172641552435
1696,5090,0.861,0.53,0.13081218573184272,0.40681870285410915,14,22,4,4,14,31,10,10,1.011049454774592,31.61492734560643
1696,5091,0.918,0.588,0.08322436950060919,0.3669023058374494,14,22,4,4,15,31,10,10,1.0901687942699516,32.640491273264566
1696,5092,0.957,0.647,0.04743539008479136,0.3358359575527513,14,22,4,4,16,31,10,10,1.1551874306795413,34.061487544518236
1696,5093,0.982,0.706,0.022552422786874304,0.31414247497035064,14,22,4,4,17,31,10,10,1.20944615423755,35.713904162871835
1696,5094,0.994,0.765,0.008051299593753947,0.3010567827345022,14,22,4,4,18,31,10,10,1.2542970142673544,37.58251769924964
1696,5095,0.999,0.824,0.001824743675819085,0.2948895400937257,14,22,4,4,19,31,10,10,1.294981467048853,39.516658694700745
1696,5096,1,0.883,1.682054391131116e-4,0.2930960295701226,14,22,4,4,20,31,10,10,1.3340498491435768,41.4445038973404
1696,5097,1,0.941,1.0271626013080848e-6,0.2928954343335377,14,22,4,4,21,31,10,10,1.3731281804696893,43.25893331542532
1696,5098,1,1,0,0.2928932188134524,14,22,4,4,22,31,10,10,1.4142135623730951,45
1696,5107,0.556,0.637,0.36103785354664686,0.5687733191968298,14,22,4,4,10,32,10,10,0.8455205497207032,48.884196469801665
1696,5108,0.658,0.619,0.28780433473770306,0.5233362491017015,14,22,4,4,11,32,10,10,0.9033963692643445,43.25071177464686
1696,5109,0.749,0.6,0.219081958537218,0.4764757479010274,14,22,4,4,12,32,10,10,0.9596879701236231,38.697104118318364
1696,5110,0.827,0.579,0.1583646372351819,0.4309820428111386,14,22,4,4,13,32,10,10,1.009539498979609,34.99666969781917
1696,5111,0.89,0.556,0.10765655193849832,0.3896638008696959,14,22,4,4,14,32,10,10,1.0493979226203949,31.99380830328883
1696,5112,0.936,0.611,0.0674879495497056,0.35490517090354456,14,22,4,4,15,32,10,10,1.1177732328160306,33.13560954871887
1696,5113,0.968,0.667,0.03750361194846907,0.32820063465443083,14,22,4,4,16,32,10,10,1.175547957337343,34.56876825389146
1696,5114,0.987,0.722,0.01714399312636883,0.3098833279932789,14,22,4,4,17,32,10,10,1.2228871575088194,36.18582941457412
1696,5115,0.996,0.778,0.005845102527307411,0.29915575569959074,14,22,4,4,18,32,10,10,1.2638433447227548,37.99426685040793
1696,5116,0.999,0.834,0.0012393395258802897,0.294338260513195,14,22,4,4,19,32,10,10,1.3013673578202274,39.85630524032165
1696,5117,1,0.889,9.962773450644669e-5,0.29302949250348254,14,22,4,4,20,32,10,10,1.3380287739805896,41.63709543013025
1696,5118,1,0.945,4.956352290808042e-7,0.2928945826903905,14,22,4,4,21,32,10,10,1.3758724504836921,43.38024250274473
1696,5119,1,1,1.1102230246251565e-16,0.29289321881345254,14,22,4,4,22,32,10,10,1.4142135623730951,45
1696,5129,0.617,0.652,0.31129838339659,0.5384426042335684,14,22,4,4,10,33,10,10,0.8976597350889701,46.57986132788969
1696,5130,0.71,0.637,0.24564347945477105,0.496158398758351,14,22,4,4,11,33,10,10,0.9538705362888614,41.89791812485863
1696,5131,0.791,0.619,0.1852882697783339,0.4533740251435292,14,22,4,4,12,33,10,10,1.004411270346963,38.04508937759084
1696,5132,0.859,0.6,0.13271806256476215,0.4124464136040845,14,22,4,4,13,33,10,10,1.0477981675876324,34.933783695261674
1696,5133,0.912,0.579,0.08915781416225221,0.3757288879500228,14,22,4,4,14,33,10,10,1.0802707993831917,32.41017444436019
1696,5134,0.951,0.632,0.054908652181602235,0.3452005596136779,14,22,4,4,15,33,10,10,1.1418515665356859,33.60656632760864
1696,5135,0.976,0.684,0.029614254978472365,0.3220703085728839,14,22,4,4,16,33,10,10,1.191818778170574,35.02352736036113
1696,5136,0.991,0.737,0.013020788736185951,0.3065243677590008,14,22,4,4,17,33,10,10,1.235010121416015,36.63793219454582
1696,5137,0.997,0.79,0.004221030247023694,0.2977124347535417,14,22,4,4,18,33,10,10,1.272049134271157,38.39250023384801
1696,5138,1,0.843,8.373489788888744e-4,0.293946223208881,14,22,4,4,19,33,10,10,1.3079178108734508,40.1308887134993
1696,5139,1,0.895,5.8792286076969624e-5,0.2929862960717573,14,22,4,4,20,33,10,10,1.3420227270802831,41.82854278370222
1696,5140,1,0.948,2.432843584365685e-7,0.29289408527283234,14,22,4,4,21,33,10,10,1.3779346864057092,43.470907000688804
1696,5141,1,1,0,0.2928932188134524,14,22,4,4,22,33,10,10,1.4142135623730951,45
1696,5152,0.67,0.667,0.2697809948938139,0.5125804719757241,14,22,4,4,10,34,10,10,0.9454041463839685,44.87143825724083
1696,5153,0.754,0.652,0.21094431219977605,0.47323682697962044,14,22,4,4,11,34,10,10,0.9968048956541095,40.85067622367283
1696,5154,0.826,0.636,0.15770832571619509,0.4340318028515211,14,22,4,4,12,34,10,10,1.0424835730120643,37.59540020537773
1696,5155,0.885,0.619,0.1118183552441524,0.39699795988412456,14,22,4,4,13,34,10,10,1.0799935184990697,34.97028926600699
1696,5156,0.93,0.6,0.07407276362046733,0.36415228514423426,14,22,4,4,14,34,10,10,1.1067520047418031,32.82854179141253
1696,5157,0.962,0.65,0.04462215309700279,0.33717478184013683,14,22,4,4,15,34,10,10,1.1610099052118377,34.04593735660167
1696,5158,0.982,0.7,0.023285836503254664,0.3170541345194984,14,22,4,4,16,34,10,10,1.2059535646118387,35.48244763796749
1696,5159,0.993,0.75,0.009839349037769729,0.3038409111903906,14,22,4,4,17,34,10,10,1.2444070877329492,37.06327707384731
1696,5160,0.998,0.8,0.003027767435447082,0.2966095738895206,14,22,4,4,18,34,10,10,1.2790637200702708,38.71577480968507
1696,5161,1,0.85,5.608379636524718e-4,0.29366596814230816,14,22,4,4,19,34,10,10,1.3124404748406686,40.36453657309736
1696,5162,1,0.9,3.479421556118467e-5,0.29295783953196264,14,22,4,4,20,34,10,10,1.3453624047073711,41.98721249581666
1696,5163,1,0.95,1.2158528317485207e-7,0.29289378522365506,14,22,4,4,21,34,10,10,1.379311422413372,43.53119928561418
1696,5164,1,1,1.1102230246251565e-16,0.29289321881345254,14,22,4,4,22,34,10,10,1.4142135623730951,45
1696,5176,0.716,0.68,0.23480109171898578,0.4902703289653303,14,22,4,4,10,35,10,10,0.9874492392016919,43.5227858085068
1696,5177,0.792,0.667,0.1819903975417706,0.453609549823097,14,22,4,4,11,35,10,10,1.0354482121284483,40.1031352203757
1696,5178,0.856,0.652,0.13477468121034508,0.4175486794133595,14,22,4,4,12,35,10,10,1.0760297393659712,37.295880722487176
1696,5179,0.906,0.637,0.09439248218820417,0.38387564391608386,14,22,4,4,13,35,10,10,1.10752200881066,35.11068870454354
1696,5180,0.944,0.619,0.06149887342536653,0.35435337645243914,14,22,4,4,14,35,10,10,1.1288476425098295,33.25367076470148
1696,5181,0.97,0.667,0.03612166535281758,0.3304290775853673,14,22,4,4,15,35,10,10,1.1771953958455665,34.51353639969683
1696,5182,0.986,0.714,0.018212673380227917,0.3129031723124027,14,22,4,4,16,35,10,10,1.2173709377178346,35.90972307917768
1696,5183,0.995,0.762,0.007388875550423335,0.3016861552907544,14,22,4,4,17,35,10,10,1.2532633402441804,37.445944962516556
1696,5184,0.999,0.81,0.002160514078579312,0.29576576824396106,14,22,4,4,18,35,10,10,1.2861185792919718,39.03551289874689
1696,5185,1,0.858,3.7223180459333705e-4,0.2934647496080244,14,22,4,4,19,35,10,10,1.317635761506191,40.62959351305883
1696,5186,1,0.905,2.0583199120349782e-5,0.29293880334668654,14,22,4,4,20,35,10,10,1.348712348872064,42.14509520315724
1696,5187,1,0.953,6.199200774936742e-8,0.29289359860426845,14,22,4,4,21,35,10,10,1.3813793830805496,43.62141221053497
1696,5188,1,1,1.1102230246251565e-16,0.29289321881345254,14,22,4,4,22,35,10,10,1.4142135623730951,45
