spA_par,spB_par,Dissimilarity,Exclusivity,D,I,a_A,b_A,alpha_A,gamma_A,a_B,b_B,alpha_B,gamma_B,ND_magnitude,ND_angle
629,629,0,0,1,1,13,35,4,1,13,35,4,1,0,0
629,630,0.03,0.045,0.960182923406285,0.9717918123420479,13,35,4,1,14,35,4,1,0.054083269131959835,56.309932474020215
629,631,0.059,0.091,0.9190666738436468,0.9420894626359778,13,35,4,1,15,35,4,1,0.1084527546906947,57.042575142884985
629,632,0.09,0.136,0.8771224987142289,0.9111481406983098,13,35,4,1,16,35,4,1,0.16308280105516954,56.50481532625882
629,633,0.12,0.182,0.8349241180984779,0.8792887801403634,13,35,4,1,17,35,4,1,0.218,56.60151153201276
629,634,0.151,0.227,0.7930553751854861,0.8468909938222897,13,35,4,1,18,35,4,1,0.2726352875179587,56.36821910652093
629,635,0.183,0.273,0.7519864891859493,0.8144075437143556,13,35,4,1,19,35,4,1,0.32866091948998133,56.164880177548596
629,636,0.215,0.318,0.7119710913401627,0.7825454782451711,13,35,4,1,20,35,4,1,0.3838606517995821,55.93734956426409
629,637,0.248,0.364,0.6727955225941855,0.7522789404331773,13,35,4,1,21,35,4,1,0.4404543109109048,55.73266455665579
629,638,0.282,0.409,0.6338388258856463,0.7243655632406683,13,35,4,1,22,35,4,1,0.4967947262199952,55.414259027393626
629,639,0.316,0.455,0.5942849983476453,0.6987058507032377,13,35,4,1,23,35,4,1,0.5539684106517266,55.21980884041204
629,640,0.351,0.5,0.55319703652702,0.6739394564578813,13,35,4,1,24,35,4,1,0.6109017924347578,54.93114495476391
629,641,0.388,0.546,0.5099198333351885,0.648348932699508,13,35,4,1,25,35,4,1,0.6698208715768718,54.60153417170301
629,642,0.426,0.591,0.4640438582903479,0.6212634464680387,13,35,4,1,26,35,4,1,0.7285307131480456,54.21547738983382
629,643,0.465,0.637,0.41529533793902973,0.5923543882311564,13,35,4,1,27,35,4,1,0.7886659622425708,53.87114263313798
629,644,0.507,0.682,0.3625315133971678,0.5612848038374945,13,35,4,1,28,35,4,1,0.8498076252893947,53.372822491097935
629,645,0.551,0.728,0.30447112943781285,0.5281640934240383,13,35,4,1,29,35,4,1,0.9130087622799685,52.8790819251177
629,646,0.598,0.773,0.24183690670141889,0.4920336432779949,13,35,4,1,30,35,4,1,0.9773090606353755,52.27413003951602
629,647,0.65,0.818,0.18060582221981902,0.4532015700740154,13,35,4,1,31,35,4,1,1.0448081163543859,51.52860768096797
629,648,0.709,0.864,0.1215012465157641,0.41241858108004203,13,35,4,1,32,35,4,1,1.117665871358699,50.62763424496541
629,649,0.777,0.91,0.05705903016736502,0.3655734587265276,13,35,4,1,33,35,4,1,1.1965905732538595,49.507770793401356
629,650,0.863,0.955,0.013543780565200336,0.3250115646929902,13,35,4,1,34,35,4,1,1.287165102075099,47.896985139319256
629,654,1,1,0,0.2928932188134524,13,35,4,1,10,13,7,1,1.4142135623730951,45
629,655,1,1,0,0.2928932188134524,13,35,4,1,11,13,7,1,1.4142135623730951,45
629,656,1,1,0,0.2928932188134524,13,35,4,1,12,13,7,1,1.4142135623730951,45
629,657,1,0.96,8.719208093310726e-7,0.2930762989665092,13,35,4,1,10,14,7,1,1.3862178760930766,43.830860672092584
629,658,1,0.959,8.719208094420949e-7,0.29311267634407123,13,35,4,1,11,14,7,1,1.385525532063556,43.80102906682782
629,659,1,0.957,8.719208094420949e-7,0.2931630065369486,13,35,4,1,12,14,7,1,1.3841419724869266,43.7412763666856
629,660,1,0.955,8.719208093310726e-7,0.2932102925640808,13,35,4,1,13,14,7,1,1.3827599213167845,43.681404157171436
629,661,1,0.92,3.826447173671532e-5,0.29454026879645956,13,35,4,1,10,15,7,1,1.3588230201170424,42.61405596961119
629,662,1,0.917,3.82644717366043e-5,0.29470432139185343,13,35,4,1,11,15,7,1,1.3567936468011634,42.52082345847564
629,663,1,0.913,3.82644717366043e-5,0.29487471996666736,13,35,4,1,12,15,7,1,1.3540934236602733,42.39607920836728
629,664,1,0.91,3.826447173116421e-5,0.29499641414656774,13,35,4,1,13,15,7,1,1.3520724832641184,42.3021943666837
629,665,0.999,0.955,3.692091290441457e-5,0.2948791906738968,13,35,4,1,14,15,7,1,1.3820369025463828,43.7100366789229
629,666,0.999,0.88,3.2510895661164163e-4,0.298225066758504,13,35,4,1,10,16,7,1,1.3313155148198341,41.376208640598755
629,667,0.999,0.875,3.251089566115306e-4,0.2985369260120355,13,35,4,1,11,16,7,1,1.3280158131588644,41.21433562286915
629,668,0.999,0.87,3.251089566115306e-4,0.29883621235386315,13,35,4,1,12,16,7,1,1.324726764280091,41.05165750040357
629,669,0.999,0.864,3.251089549966002e-4,0.2990435686108279,13,35,4,1,13,16,7,1,1.320794079332581,40.85537625889571
629,670,0.998,0.91,3.226648979450797e-4,0.2989428025861426,13,35,4,1,14,16,7,1,1.3505939434189687,42.359298733468776
629,671,0.997,0.955,2.7048239010785124e-4,0.2980653525911958,13,35,4,1,15,16,7,1,1.3805919020478137,43.76739165605964
629,672,0.997,0.84,0.0015012657950668196,0.30495182403467624,13,35,4,1,10,17,7,1,1.3036905307625732,40.11506207873794
629,673,0.997,0.834,0.0015014637685469845,0.30544045122282026,13,35,4,1,11,17,7,1,1.299832681540205,39.912803020920826
629,674,0.996,0.826,0.0015014637685469845,0.30588273984349745,13,35,4,1,12,17,7,1,1.2939443573817229,39.669503793311335
629,675,0.996,0.818,0.0015014636676873305,0.3061724062750145,13,35,4,1,13,17,7,1,1.2888522025430225,39.395753312241965
629,676,0.994,0.864,0.001496492586571474,0.306102906569377,13,35,4,1,14,17,7,1,1.3170163248798399,40.997668281919076
629,677,0.992,0.909,0.0014173849827281426,0.3053100404732356,13,35,4,1,15,17,7,1,1.3454906168383338,42.49998352892061
629,678,0.99,0.955,0.0010590074589403864,0.3029705810008545,13,35,4,1,16,17,7,1,1.3755453463990202,43.969081814569584
629,679,0.993,0.8,0.0047482319759515335,0.3150729839531706,13,35,4,1,10,18,7,1,1.2751662636691734,38.856290255030515
629,680,0.992,0.792,0.0047500545218294166,0.31575085621378185,13,35,4,1,11,18,7,1,1.2693809514877714,38.60341478852779
629,681,0.991,0.783,0.0047512087975633,0.3163408912755037,13,35,4,1,12,18,7,1,1.2630003958827567,38.3126512317162
629,682,0.989,0.773,0.004752179904525589,0.31671865924319975,13,35,4,1,13,18,7,1,1.2552489792865795,38.01109690143116
629,683,0.987,0.818,0.0047425992743593826,0.3166765782775689,13,35,4,1,14,18,7,1,1.2819099032303323,39.65105827797241
629,684,0.984,0.864,0.00461573514878777,0.315886639058101,13,35,4,1,15,18,7,1,1.309485395107559,41.284710894571234
629,685,0.98,0.91,0.0041059949027447695,0.31380070671171845,13,35,4,1,16,18,7,1,1.337348122217996,42.87890360333855
629,686,0.976,0.955,0.0028005512202174954,0.30934086153723706,13,35,4,1,17,18,7,1,1.3655039362814008,44.37692183397297
629,687,0.984,0.76,0.011122767890661023,0.32812455092327053,13,35,4,1,10,19,7,1,1.2433245754830071,37.68098062440957
629,688,0.983,0.75,0.011130015286332284,0.32893733165101935,13,35,4,1,11,19,7,1,1.2364420730466914,37.34256320180903
629,689,0.981,0.739,0.011136114408905051,0.329602639434441,13,35,4,1,12,19,7,1,1.2282027519917058,36.99118799286189
629,690,0.978,0.728,0.011141704944175768,0.329980917575603,13,35,4,1,13,19,7,1,1.219207939606694,36.663122436377236
629,691,0.975,0.773,0.011121706525963893,0.32986491938750107,13,35,4,1,14,19,7,1,1.2442483674893852,38.408102545249875
629,692,0.97,0.819,0.010913092495705823,0.32896147378511487,13,35,4,1,15,19,7,1,1.26951211100958,40.175402555926254
629,693,0.965,0.864,0.010175280353862504,0.3268403656852509,13,35,4,1,16,19,7,1,1.295268697992814,41.83925517073122
629,694,0.96,0.91,0.008476713994674978,0.3227210879786365,13,35,4,1,17,19,7,1,1.3227622613304328,43.46839220798899
629,695,0.954,0.955,0.005130003728465615,0.3149297426304547,13,35,4,1,18,19,7,1,1.3498670304885587,45.03001350145227
629,696,0.97,0.72,0.022180410773973147,0.3436048734545112,13,35,4,1,10,20,7,1,1.2080149005703529,36.585318299693405
629,697,0.968,0.708,0.022209433534252088,0.34460169805153196,13,35,4,1,11,20,7,1,1.1992864545220212,36.18192268527079
629,698,0.965,0.696,0.022235160626430606,0.3454040317695968,13,35,4,1,12,20,7,1,1.18980712722693,35.80078308838093
629,699,0.961,0.682,0.02225865297000218,0.3458584494511726,13,35,4,1,13,20,7,1,1.1784078241423892,35.36246188706906
629,700,0.956,0.727,0.022228526927594472,0.3457466626712309,13,35,4,1,14,20,7,1,1.2010266441673974,37.25154581984717
629,701,0.95,0.773,0.021892628161859995,0.34476923090814293,13,35,4,1,15,20,7,1,1.2247567105347903,39.13470501306701
629,702,0.943,0.819,0.020824810787000048,0.34252158712854075,13,35,4,1,16,20,7,1,1.2490036028771094,40.974470737014784
629,703,0.936,0.864,0.018541423040234317,0.3385051490746175,13,35,4,1,17,20,7,1,1.2738100329326976,42.70938995736147
629,704,0.929,0.909,0.014453325175710297,0.3323535962849663,13,35,4,1,18,20,7,1,1.2997392046099094,44.3765667213238
629,705,0.922,0.955,0.008975225619638927,0.32283546564805743,13,35,4,1,19,20,7,1,1.3274445374477986,46.00722746325297
629,706,0.95,0.68,0.04331982577148552,0.36553003669895834,13,35,4,1,10,21,7,1,1.168289347721702,35.59468849904311
629,707,0.946,0.667,0.043411855296657254,0.36678889482600296,13,35,4,1,11,21,7,1,1.1574994600430706,35.18666856973126
629,708,0.941,0.652,0.04349576602896932,0.367776559305942,13,35,4,1,12,21,7,1,1.1448078441380456,34.71731089472759
629,709,0.935,0.637,0.04357297422241169,0.3683210748343102,13,35,4,1,13,21,7,1,1.1313681982449393,34.26595569765268
629,710,0.928,0.682,0.043530888531495227,0.36820166262482934,13,35,4,1,14,21,7,1,1.1516544620675075,36.31267942851657
629,711,0.92,0.727,0.042970876841149974,0.3671590877001115,13,35,4,1,15,21,7,1,1.1725736650633085,38.316403991312725
629,712,0.912,0.773,0.04138227177308129,0.3649256419061524,13,35,4,1,16,21,7,1,1.1955220616952245,40.28420093540202
629,713,0.904,0.818,0.038162529473598106,0.36127924844417203,13,35,4,1,17,21,7,1,1.2191554453801206,42.140913767078835
629,714,0.896,0.864,0.03342501246221341,0.3559888158125949,13,35,4,1,18,21,7,1,1.2447136216817103,43.958373323990024
629,715,0.888,0.909,0.0268451126807161,0.34804541709132186,13,35,4,1,19,21,7,1,1.2707576480194798,45.66953622798763
629,716,0.881,0.955,0.016624516041112036,0.33424955158004277,13,35,4,1,20,21,7,1,1.2993021203707782,47.308057749785796
629,717,0.92,0.64,0.07999064807099399,0.39476902777490597,13,35,4,1,10,22,7,1,1.1207140580897519,34.824489156956794
629,718,0.915,0.625,0.08024937446752389,0.39626718191059707,13,35,4,1,11,22,7,1,1.1080839318391005,34.33542448254825
629,719,0.908,0.609,0.08048647054790348,0.3974106116190379,13,35,4,1,12,22,7,1,1.0933183433931766,33.849948788991284
629,720,0.9,0.591,0.08069549930579345,0.3980308780022205,13,35,4,1,13,22,7,1,1.0766991223178368,33.29157162111468
629,721,0.891,0.637,0.0806194606557018,0.3979356977312466,13,35,4,1,14,22,7,1,1.095285350947414,35.56200204418024
629,722,0.882,0.682,0.07968613328928242,0.396926851002382,13,35,4,1,15,22,7,1,1.1149206249774017,37.71272416806522
629,723,0.872,0.728,0.07729910677973428,0.39481808408853447,13,35,4,1,16,22,7,1,1.1359436605747664,39.85723544211576
629,724,0.862,0.773,0.07308318476349052,0.39141770271881393,13,35,4,1,17,22,7,1,1.1578311621302995,41.884222183271724
629,725,0.853,0.818,0.06744052040369453,0.38636229240419273,13,35,4,1,18,22,7,1,1.1818345907951755,43.800084320600604
629,726,0.845,0.864,0.05906896510871473,0.3787233466358345,13,35,4,1,19,22,7,1,1.2085201694634642,45.63696604006007
629,727,0.837,0.91,0.04607471555444742,0.36709845366903504,13,35,4,1,20,22,7,1,1.2363935457612192,47.39276479408997
629,728,0.831,0.955,0.02857026202486146,0.34858776303856975,13,35,4,1,21,22,7,1,1.2659328576192341,48.97160909154921
629,729,0.881,0.6,0.13218180248691125,0.4296223492454535,13,35,4,1,10,23,7,1,1.0659085326612223,34.2565959324384
629,730,0.873,0.583,0.132705904416081,0.4312066567296071,13,35,4,1,11,23,7,1,1.0497704510987151,33.73548028755046
629,731,0.865,0.565,0.13319566258861437,0.43234990133062035,13,35,4,1,12,23,7,1,1.0331747190093261,33.15173376158557
629,732,0.854,0.546,0.13360063028367153,0.4328949151149486,13,35,4,1,13,23,7,1,1.0136232041542854,32.592581472599264
629,733,0.843,0.591,0.13337359356498335,0.4326739983796132,13,35,4,1,14,23,7,1,1.0295290185322608,35.03305321578306
629,734,0.832,0.636,0.1317824806102007,0.43151918594831096,13,35,4,1,15,23,7,1,1.0472440021313085,37.395130720485
629,735,0.821,0.682,0.1282408131095666,0.42925851257753034,13,35,4,1,16,23,7,1,1.067316728998473,39.71621834156473
629,736,0.811,0.727,0.12311751938898796,0.4256682376912655,13,35,4,1,17,23,7,1,1.0891510455395983,41.873817598084365
629,737,0.802,0.773,0.11570569148152621,0.42033492992762034,13,35,4,1,18,23,7,1,1.11388195065725,43.9451492885166
629,738,0.793,0.818,0.10449201851516421,0.4124753821348366,13,35,4,1,19,23,7,1,1.1392861800267744,45.88906239746438
629,739,0.785,0.864,0.08918332749177327,0.40095083513372864,13,35,4,1,20,23,7,1,1.167356415153487,47.74281893960399
629,740,0.779,0.909,0.0670975858751186,0.3838194875627502,13,35,4,1,21,23,7,1,1.1971307363859638,49.40389660074676
629,741,0.773,0.955,0.03826621997193169,0.3580689563225967,13,35,4,1,22,23,7,1,1.228639084515872,51.012457926372925
629,742,0.831,0.56,0.18639075030389796,0.4621034167917236,13,35,4,1,10,24,7,1,1.0020783402509008,33.975513277081774
629,743,0.821,0.542,0.1871485934008068,0.4635268247843284,13,35,4,1,11,24,7,1,0.9837708066414657,33.431616368817764
629,744,0.81,0.522,0.18786517384024048,0.46443135537006097,13,35,4,1,12,24,7,1,0.9636306346313405,32.79953127261921
629,745,0.798,0.5,0.18830930731207707,0.4646672267554651,13,35,4,1,13,24,7,1,0.941702713174386,32.06987640407047
629,746,0.785,0.546,0.18753608033768077,0.4640748828132726,13,35,4,1,14,24,7,1,0.9562117966224847,34.82021191613662
629,747,0.772,0.591,0.18478605677554927,0.462485128948113,13,35,4,1,15,24,7,1,0.9722473964994712,37.43564708730933
629,748,0.761,0.637,0.18016461371760184,0.4597005539562239,13,35,4,1,16,24,7,1,0.9924162433172887,39.93123574068486
629,749,0.75,0.682,0.17346192480171063,0.45543885883806035,13,35,4,1,17,24,7,1,1.0137179094797526,42.28129295820744
629,750,0.741,0.727,0.1634237532708509,0.4492253909528179,13,35,4,1,18,24,7,1,1.0380799583847093,44.45359904890936
629,751,0.733,0.773,0.1493869949131842,0.44030114290656186,13,35,4,1,19,24,7,1,1.06527836737634,46.52144254960412
629,752,0.726,0.819,0.13003513498617714,0.4276829502919044,13,35,4,1,20,24,7,1,1.0944573998105178,48.444715719955106
629,753,0.72,0.864,0.1042712658844086,0.4101775220628575,13,35,4,1,21,24,7,1,1.1246759533305581,50.19442890773481
629,754,0.716,0.909,0.0722844671230255,0.3868286406170093,13,35,4,1,22,24,7,1,1.1571244531164313,51.773246483946785
629,755,0.713,0.955,0.037449484149024825,0.3566706866496697,13,35,4,1,23,24,7,1,1.191802836042942,53.255097143891646
629,756,0.77,0.52,0.22825558927502188,0.48594945040267623,13,35,4,1,10,25,7,1,0.9291393867445292,34.03212781733832
629,757,0.758,0.5,0.22912757089686864,0.487015921577469,13,35,4,1,11,25,7,1,0.9080550644096425,33.410065945554635
629,758,0.744,0.478,0.22992589193312185,0.48749269104918547,13,35,4,1,12,25,7,1,0.884318946986889,32.71965465147914
629,759,0.73,0.455,0.2300625447251311,0.4872279227003523,13,35,4,1,13,25,7,1,0.8601889327351288,31.93477846315269
629,760,0.716,0.5,0.22833880814425123,0.48605412990840147,13,35,4,1,14,25,7,1,0.8733017806004978,34.92752216256106
629,761,0.703,0.546,0.22441050971939136,0.4837807784377932,13,35,4,1,15,25,7,1,0.8901263955191981,37.83546543324494
629,762,0.691,0.591,0.2184457765340233,0.48016841195369686,13,35,4,1,16,25,7,1,0.9092645379646123,40.53978184320355
629,763,0.681,0.637,0.20957362613316888,0.47487397467379655,13,35,4,1,17,25,7,1,0.9324859248267505,43.08795267111315
629,764,0.673,0.682,0.1968548651015667,0.4673734312273313,13,35,4,1,18,25,7,1,0.9581508232006066,45.380556776868474
629,765,0.666,0.727,0.17950587222471504,0.4569356867057678,13,35,4,1,19,25,7,1,0.9859437103607893,47.50740207391803
629,766,0.66,0.773,0.15603643314957838,0.44276331107625944,13,35,4,1,20,25,7,1,1.0164295351867734,49.508760073047526
629,767,0.656,0.818,0.12688161964659772,0.42423525118304184,13,35,4,1,21,25,7,1,1.0485513816690148,51.271921561343284
629,768,0.654,0.864,0.09355314149993854,0.40143976368071477,13,35,4,1,22,25,7,1,1.0836106311770848,52.87630211156969
629,769,0.653,0.91,0.059088178193566154,0.3752681537072764,13,35,4,1,23,25,7,1,1.120048659657249,54.33744317693966
629,770,0.653,0.955,0.028363274411200012,0.3480688165954122,13,35,4,1,24,25,7,1,1.1569070835637578,55.63686509151594
629,771,0.699,0.48,0.2714706187678012,0.5086445378010849,13,35,4,1,10,26,7,1,0.8479392666930811,34.47720241160828
629,772,0.684,0.458,0.2728405166850887,0.5095637883261432,13,35,4,1,11,26,7,1,0.8231767732388956,33.805894415729185
629,773,0.668,0.435,0.27410772513325177,0.509835590473268,13,35,4,1,12,26,7,1,0.7971505503981039,33.07207856057464
629,774,0.652,0.409,0.2740226948114527,0.509294855214041,13,35,4,1,13,26,7,1,0.7696655117646887,32.10007384686463
629,775,0.638,0.454,0.2714940297980215,0.5077509234625023,13,35,4,1,14,26,7,1,0.7830453371293389,35.43560703383713
629,776,0.625,0.5,0.2667312991106121,0.5049744114993608,13,35,4,1,15,26,7,1,0.8003905296791061,38.65980825409009
629,777,0.615,0.546,0.2592016502596023,0.5006680268302309,13,35,4,1,16,26,7,1,0.8223995379376134,41.59882514541465
629,778,0.606,0.591,0.24789973459013415,0.49442051986083824,13,35,4,1,17,26,7,1,0.8464732718757279,44.28204535509359
629,779,0.6,0.636,0.23218247904274925,0.4856687634617367,13,35,4,1,18,26,7,1,0.8743546191334498,46.66833744829331
629,780,0.595,0.682,0.21052487758175542,0.4737596639318109,13,35,4,1,19,26,7,1,0.9050685056944585,48.8974487400191
629,781,0.592,0.727,0.18303038109242076,0.4582311960420543,13,35,4,1,20,26,7,1,0.9375462655250673,50.84388889438346
629,782,0.59,0.773,0.15069345836700943,0.43927333552315817,13,35,4,1,21,26,7,1,0.9724345736346481,52.646953181108046
629,783,0.59,0.818,0.1169391892070557,0.41827539550593096,13,35,4,1,22,26,7,1,1.0085752326921378,54.198166497748225
629,784,0.591,0.864,0.08527491003733612,0.3974733939334746,13,35,4,1,23,26,7,1,1.0467936759457424,55.62678782678593
629,785,0.593,0.909,0.05980961204090052,0.37757373634298264,13,35,4,1,24,26,7,1,1.0853248361665737,56.88096784713499
629,786,0.597,0.955,0.03373754934417217,0.353997520117343,13,35,4,1,25,26,7,1,1.1262477524949828,57.98922424797826
629,787,0.617,0.44,0.32526852677722795,0.535154840283321,13,35,4,1,10,27,7,1,0.7578185798725181,35.49373257930532
629,788,0.6,0.416,0.32707891847068626,0.5360150742104093,13,35,4,1,11,27,7,1,0.7301068414965032,34.734859539786285
629,789,0.582,0.391,0.32846281192824023,0.536117386703481,13,35,4,1,12,27,7,1,0.7011454913211665,33.894046891900686
629,790,0.567,0.364,0.32743077598329084,0.5352617746100231,13,35,4,1,13,27,7,1,0.6737840900466558,32.69946112100192
629,791,0.554,0.409,0.3236514451723599,0.533211395089634,13,35,4,1,14,27,7,1,0.6886196337601769,36.43723370413616
629,792,0.543,0.454,0.31703563113297717,0.5296802212419502,13,35,4,1,15,27,7,1,0.7077888103099682,39.89885285058807
629,793,0.535,0.5,0.30660277917612344,0.5243153486092129,13,35,4,1,16,27,7,1,0.7322738558763381,43.063199613778956
629,794,0.529,0.546,0.2916464569450663,0.5166879251999039,13,35,4,1,17,27,7,1,0.7602348321407012,45.90599727306342
629,795,0.525,0.591,0.2707947205057647,0.5063367118498809,13,35,4,1,18,27,7,1,0.7905099619865646,48.38451795230976
629,796,0.523,0.636,0.24403927754894505,0.49294935388211203,13,35,4,1,19,27,7,1,0.8234227346873537,50.56861465292848
629,797,0.523,0.682,0.2125291478873753,0.47671442132539865,13,35,4,1,20,27,7,1,0.8594492422476153,52.516766262859306
629,798,0.524,0.727,0.17920788714814517,0.4586283255757856,13,35,4,1,21,27,7,1,0.8961612578102224,54.21705704069053
629,799,0.527,0.773,0.14770960469092875,0.44039666519248244,13,35,4,1,22,27,7,1,0.9355522433301092,55.71542304203885
629,800,0.531,0.818,0.12198738935586706,0.4233302364898308,13,35,4,1,23,27,7,1,0.9752358689055689,57.010613844553404
629,801,0.536,0.864,0.09788534160864548,0.4065178104311462,13,35,4,1,24,27,7,1,1.0167556245234153,58.18576130218769
629,802,0.542,0.909,0.071457041750694,0.38610332921724944,13,35,4,1,25,27,7,1,1.0583217847138933,59.194082681628366
629,803,0.55,0.955,0.037867106771999004,0.35756227044665323,13,35,4,1,26,27,7,1,1.102054898814029,60.06166154454618
629,804,0.527,0.4,0.38471853776008735,0.5643567674192288,13,35,4,1,10,28,7,1,0.6616109128483296,37.19898103156497
629,805,0.508,0.375,0.3871346359575769,0.5650431497233481,13,35,4,1,11,28,7,1,0.6314182449058627,36.43433470032939
629,806,0.491,0.348,0.38820267034337097,0.5648010187571142,13,35,4,1,12,28,7,1,0.6018180788244899,35.3273986876527
629,807,0.478,0.318,0.3858102618238829,0.5633931190632424,13,35,4,1,13,28,7,1,0.5741149710641589,33.634709302130176
629,808,0.468,0.364,0.38026626891461035,0.5605476392417673,13,35,4,1,14,28,7,1,0.5928912210515518,37.8749836510982
629,809,0.461,0.409,0.3706687890464325,0.5559591028765221,13,35,4,1,15,28,7,1,0.6162807801643663,41.579494014155436
629,810,0.456,0.455,0.3562673975776718,0.5492983033479961,13,35,4,1,16,28,7,1,0.6441746657545607,44.93710674368765
629,811,0.454,0.5,0.33597733395334994,0.5402503401745448,13,35,4,1,17,28,7,1,0.6753636057709951,47.76055149551519
629,812,0.454,0.546,0.3097584574494706,0.5286141509752755,13,35,4,1,18,28,7,1,0.7100929516619637,50.25641494144523
629,813,0.455,0.591,0.27914060804016805,0.5144930602626231,13,35,4,1,19,28,7,1,0.7458592360492695,52.40798944083552
629,814,0.459,0.637,0.24651268347944855,0.49850997068210545,13,35,4,1,20,28,7,1,0.7851432990225414,54.22479294600901
629,815,0.463,0.682,0.215647856956645,0.481799981990757,13,35,4,1,21,28,7,1,0.8243136538963795,55.82798068927209
629,816,0.469,0.727,0.18939124000031748,0.4655687611601297,13,35,4,1,22,28,7,1,0.8651531656302252,57.17325335786511
629,817,0.477,0.773,0.1656555605350114,0.45011892031739587,13,35,4,1,23,28,7,1,0.9083270336172979,58.322246923341915
629,818,0.485,0.819,0.14089065812051338,0.4340597036676008,13,35,4,1,24,28,7,1,0.9518329685401741,59.36659385126957
629,819,0.494,0.864,0.1110405665825428,0.4151747886314706,13,35,4,1,25,28,7,1,0.995254741259744,60.24083760177997
629,820,0.504,0.91,0.079305578915002,0.39240833217365667,13,35,4,1,26,28,7,1,1.0402480473425557,61.020292302071226
629,821,0.514,0.955,0.043298930318732665,0.3629998704754923,13,35,4,1,27,28,7,1,1.0845372284988652,61.7099784709591
629,822,0.43,0.36,0.4626257495896807,0.6025522453337934,13,35,4,1,10,29,7,1,0.5608029957123981,39.936383146969916
629,823,0.412,0.333,0.4662464524927199,0.6030783820481678,13,35,4,1,11,29,7,1,0.5297480533234643,38.94696040521355
629,824,0.399,0.304,0.4661507060781176,0.6024460680880698,13,35,4,1,12,29,7,1,0.5016143937328752,37.30394827798343
629,825,0.39,0.273,0.4619320787534522,0.6003894241320027,13,35,4,1,13,29,7,1,0.47605566901361446,34.99202019855867
629,826,0.385,0.318,0.4530306828829965,0.5966283869390527,13,35,4,1,14,29,7,1,0.4993485756463114,39.5558218402822
629,827,0.383,0.363,0.43869294196005104,0.5908891280269515,13,35,4,1,15,29,7,1,0.5276911975767645,43.46428798459569
629,828,0.383,0.409,0.4183128109463701,0.5829403747942038,13,35,4,1,16,29,7,1,0.5603302597575825,46.88024680381006
629,829,0.385,0.454,0.3921624132095717,0.5726564304250532,13,35,4,1,17,29,7,1,0.5952654869887889,49.70146813570336
629,830,0.39,0.5,0.3620689185181999,0.560115173847328,13,35,4,1,18,29,7,1,0.6341135544995076,52.04576912486749
629,831,0.395,0.545,0.33045370547793784,0.5457166888898384,13,35,4,1,19,29,7,1,0.6730898899849856,54.06650273981618
629,832,0.403,0.591,0.3010199011361797,0.5302335764276722,13,35,4,1,20,29,7,1,0.7153251009156606,55.71011489660526
629,833,0.411,0.636,0.2747445149363924,0.514626885258228,13,35,4,1,21,29,7,1,0.7572430257189564,57.12838793570883
629,834,0.421,0.682,0.25076271611141887,0.49958616849294213,13,35,4,1,22,29,7,1,0.801476761983777,58.31288130575335
629,835,0.431,0.727,0.2260094250334005,0.4849273904290592,13,35,4,1,23,29,7,1,0.8451567901874775,59.338531707634324
629,836,0.442,0.773,0.19816009650405375,0.4695024464343931,13,35,4,1,24,29,7,1,0.8904453941708048,60.23915665318154
629,837,0.454,0.818,0.16866202667749686,0.4522130164415856,13,35,4,1,25,29,7,1,0.9355426232940967,60.96918982792425
629,838,0.467,0.864,0.13674381355456178,0.43271827092064885,13,35,4,1,26,29,7,1,0.9821328830662377,61.608367616951035
629,839,0.48,0.909,0.1025467336289767,0.4093837953334073,13,35,4,1,27,29,7,1,1.0279499015029867,62.16358017612181
629,840,0.493,0.955,0.057893272739548696,0.37549119424791544,13,35,4,1,28,29,7,1,1.0747436903745935,62.69584327053922
629,841,0.332,0.32,0.5475679717099848,0.6439699632719952,13,35,4,1,10,30,7,1,0.4611117001334926,43.94559549647816
629,842,0.32,0.291,0.5496388253308833,0.6438077091845975,13,35,4,1,11,30,7,1,0.432528611770366,42.28259970268022
629,843,0.314,0.261,0.5458450603183506,0.642187464719123,13,35,4,1,12,30,7,1,0.40830993130219106,39.733704363553585
629,844,0.311,0.227,0.5364841229849264,0.6388490918660881,13,35,4,1,13,30,7,1,0.3850324661635691,36.12583844295531
629,845,0.312,0.273,0.5208594827275972,0.6335584498112035,13,35,4,1,14,30,7,1,0.41457568669665135,41.18592516570965
629,846,0.316,0.318,0.4990232872166863,0.6261419546733124,13,35,4,1,15,30,7,1,0.4483079298874826,45.18074318440903
629,847,0.321,0.364,0.47222525348032773,0.6165305106280279,13,35,4,1,16,30,7,1,0.4853215428970777,48.59195623578803
629,848,0.329,0.409,0.4423436157095646,0.6048121332093053,13,35,4,1,17,30,7,1,0.5249018955957389,51.18676693689206
629,849,0.338,0.454,0.4122779319241706,0.5912864478110508,13,35,4,1,18,30,7,1,0.5660035335578746,53.33256009637417
629,850,0.348,0.5,0.3839906184761216,0.5764982140110486,13,35,4,1,19,30,7,1,0.609183059514954,55.16208319400076
629,851,0.359,0.546,0.35808655877244777,0.5611864175185441,13,35,4,1,20,30,7,1,0.6534500746040206,56.67471391736031
629,852,0.371,0.591,0.33367090675329103,0.5460631653803567,13,35,4,1,21,30,7,1,0.6977979650299935,57.88147017708577
629,853,0.384,0.636,0.3085765786074385,0.5314594563185238,13,35,4,1,22,30,7,1,0.7429347212238772,58.877529803208006
629,854,0.397,0.682,0.2822551830876401,0.5170034696018042,13,35,4,1,23,30,7,1,0.7891343358389623,59.7958256875356
629,855,0.411,0.727,0.2544170695774679,0.501756278487791,13,35,4,1,24,30,7,1,0.835134719671024,60.518917398190425
629,856,0.425,0.773,0.22484504027997165,0.48488429191097604,13,35,4,1,25,30,7,1,0.8821303758515517,61.19774300086938
629,857,0.44,0.818,0.19320819836837433,0.4656824534464854,13,35,4,1,26,30,7,1,0.9288293707673115,61.72431165816921
629,858,0.455,0.864,0.1545205891836241,0.44232680515738565,13,35,4,1,27,30,7,1,0.9764839988448352,62.227795424307985
629,859,0.47,0.909,0.10812513215271136,0.41236601704138,13,35,4,1,28,30,7,1,1.0233186209583016,62.65869860846764
629,860,0.485,0.955,0.05807378480233416,0.3757606688210442,13,35,4,1,29,30,7,1,1.0710975679180679,63.07610729657327
629,861,0.242,0.28,0.6431808788730649,0.6941282220125206,13,35,4,1,10,31,7,1,0.37008647638085884,49.16361262005326
629,862,0.24,0.25,0.6400380072711888,0.692988454535352,13,35,4,1,11,31,7,1,0.34655446902326914,46.16913932790742
629,863,0.243,0.217,0.6294399959859168,0.6900574126944534,13,35,4,1,12,31,7,1,0.3257882748043582,41.76498494221543
629,864,0.248,0.182,0.6117991260327861,0.6851230793873995,13,35,4,1,13,31,7,1,0.3076166445431716,36.27386422370128
629,865,0.256,0.227,0.588510550730631,0.6780475787379203,13,35,4,1,14,31,7,1,0.34214762895568923,41.564005657705415
629,866,0.265,0.273,0.5615125704737571,0.6688010489085564,13,35,4,1,15,31,7,1,0.38046550434960597,45.851919064905196
629,867,0.276,0.318,0.5332903663798586,0.6574914057643808,13,35,4,1,16,31,7,1,0.421070065428546,49.0444855741811
629,868,0.288,0.364,0.5054102544450156,0.6443856775328203,13,35,4,1,17,31,7,1,0.46415514647583084,51.64864518326891
629,869,0.301,0.409,0.4787039835206005,0.6299162141495429,13,35,4,1,18,31,7,1,0.5078208345469886,53.649112548868814
629,870,0.315,0.454,0.4531599289621543,0.6146570683289558,13,35,4,1,19,31,7,1,0.5525766915098754,55.24582600027267
629,871,0.329,0.5,0.42799836227006194,0.5992321128988243,13,35,4,1,20,31,7,1,0.5985323717226998,56.655083597184344
629,872,0.344,0.546,0.40293145383624607,0.584112501178142,13,35,4,1,21,31,7,1,0.645330922860512,57.787569869689484
629,873,0.359,0.591,0.3773151120712106,0.5693641320644527,13,35,4,1,22,31,7,1,0.6914925885358425,58.72362078926954
629,874,0.374,0.637,0.3505062782288323,0.5544926008740909,13,35,4,1,23,31,7,1,0.7386778729595195,59.5816476949044
629,875,0.39,0.682,0.322363686107895,0.5386525872870285,13,35,4,1,24,31,7,1,0.7856360480527864,60.237027203970655
629,876,0.405,0.727,0.29116806607732437,0.5211292953360221,13,35,4,1,25,31,7,1,0.8321982936776546,60.87852410645858
629,877,0.421,0.773,0.25462031957302944,0.5013392167720209,13,35,4,1,26,31,7,1,0.8802102021676413,61.42590540817904
629,878,0.437,0.818,0.21268905372224,0.4785192707017706,13,35,4,1,27,31,7,1,0.9274119904335937,61.88753758067776
629,879,0.453,0.864,0.16916330642664368,0.4525690331337312,13,35,4,1,28,31,7,1,0.9755536889377232,62.331727667800784
629,880,0.468,0.91,0.12358404595659722,0.4231399434944132,13,35,4,1,29,31,7,1,1.0232907700160303,62.78388844269253
629,881,0.484,0.955,0.06855825825836348,0.38445974853992515,13,35,4,1,30,31,7,1,1.0706451326186468,63.12382191708036
629,882,0.175,0.24,0.7454502332317972,0.7569833962967156,13,35,4,1,10,32,7,1,0.2970269348055829,53.901716032892
629,883,0.183,0.208,0.7306440651877908,0.7540530991306899,13,35,4,1,11,32,7,1,0.27704331791256037,48.658433031692496
629,884,0.194,0.174,0.7095165140209239,0.7488799699289763,13,35,4,1,12,32,7,1,0.26059930928534714,41.88915934650923
629,885,0.206,0.136,0.6848236744162615,0.7413692602779112,13,35,4,1,13,32,7,1,0.24684408034222738,33.4325601384009
629,886,0.219,0.182,0.6586372183456304,0.731553024353083,13,35,4,1,14,32,7,1,0.2847542800380707,39.72828366677748
629,887,0.233,0.227,0.6318969044812459,0.7196008709348296,13,35,4,1,15,32,7,1,0.3252967875648329,44.25270612317395
629,888,0.248,0.273,0.605207568725499,0.7058152734396785,13,35,4,1,16,32,7,1,0.3688265174848468,47.747210420122556
629,889,0.263,0.318,0.5786714874245159,0.6906136532925005,13,35,4,1,17,32,7,1,0.4126657242854076,50.40775381531473
629,890,0.279,0.364,0.5525583239222608,0.6744977609773106,13,35,4,1,18,32,7,1,0.4586251192422849,52.530430091895695
629,891,0.295,0.409,0.5269650811833426,0.6580036229461639,13,35,4,1,19,32,7,1,0.5042876163460689,54.198166497748225
629,892,0.31,0.455,0.5014928356329269,0.6416076157964968,13,35,4,1,20,32,7,1,0.550567888638631,55.73266455665579
629,893,0.326,0.5,0.47584571334562775,0.6255682310848725,13,35,4,1,21,32,7,1,0.596888599321515,56.895649592920066
629,894,0.342,0.546,0.44928543968241785,0.6097691047299376,13,35,4,1,22,32,7,1,0.6442670253862136,57.938056317186444
629,895,0.358,0.591,0.42047602437600096,0.5936829306864572,13,35,4,1,23,32,7,1,0.69097395030493,58.794490558658374
629,896,0.374,0.637,0.3886176934006541,0.5766137472439306,13,35,4,1,24,32,7,1,0.7386778729595195,59.5816476949044
629,897,0.39,0.682,0.35325873746533365,0.5580635816875245,13,35,4,1,25,32,7,1,0.7856360480527864,60.237027203970655
629,898,0.406,0.728,0.31544808921318845,0.5377314790552391,13,35,4,1,26,32,7,1,0.833558636209835,60.851928154286945
629,899,0.422,0.773,0.2763258770701055,0.515359009837709,13,35,4,1,27,32,7,1,0.8806889348686061,61.36877158840592
629,900,0.439,0.819,0.23480040924844936,0.4909206857682644,13,35,4,1,28,32,7,1,0.9292373216783751,61.807822111842754
629,901,0.456,0.864,0.18806110222708305,0.46359020237396453,13,35,4,1,29,32,7,1,0.9769503569782857,62.17590361574674
629,902,0.473,0.91,0.1354576429165295,0.4304325896301584,13,35,4,1,30,32,7,1,1.0255871489054453,62.5354814812597
629,903,0.49,0.955,0.07201338358123055,0.38598904782467636,13,35,4,1,31,32,7,1,1.0733708585572834,62.83813937169283
629,904,0.138,0.2,0.8129467946656661,0.821373342714423,13,35,4,1,10,33,7,1,0.24298971171636055,55.39432444836144
629,905,0.153,0.166,0.7888294460842555,0.8147374891076973,13,35,4,1,11,33,7,1,0.22575429121059915,47.33364642376359
629,906,0.168,0.13,0.7633266388610692,0.805422803542474,13,35,4,1,12,33,7,1,0.2124241040936739,37.73304559418831
629,907,0.184,0.091,0.7368834041875507,0.7936149790500449,13,35,4,1,13,33,7,1,0.20527298896834917,26.315397944353077
629,908,0.2,0.136,0.7099286487578365,0.7796289985406409,13,35,4,1,14,33,7,1,0.2418594633252956,34.2157021324374
629,909,0.216,0.182,0.6829637751416947,0.7638706061626684,13,35,4,1,15,33,7,1,0.2824535360019414,40.117240436166945
629,910,0.231,0.227,0.6562641787723942,0.7467988367769415,13,35,4,1,16,33,7,1,0.32386725675807365,44.49961290120777
629,911,0.248,0.273,0.6299558674309105,0.7288937226664423,13,35,4,1,17,33,7,1,0.3688265174848468,47.747210420122556
629,912,0.264,0.318,0.604139137148957,0.7106255538736823,13,35,4,1,18,33,7,1,0.4133037623830686,50.30092651652569
629,913,0.28,0.363,0.578452086979004,0.6924155764896238,13,35,4,1,19,33,7,1,0.4584419265294133,52.35520668678437
629,914,0.297,0.409,0.5521848152547338,0.6745676168494259,13,35,4,1,20,33,7,1,0.505460186364861,54.014296265377375
629,915,0.314,0.454,0.5246654679048754,0.6571607717212762,13,35,4,1,21,33,7,1,0.5520072463292489,55.33110484433969
629,916,0.331,0.5,0.4953645232208155,0.6399642843894895,13,35,4,1,22,33,7,1,0.599634055070257,56.49544082514389
629,917,0.348,0.546,0.46401051253743697,0.6224643677030907,13,35,4,1,23,33,7,1,0.6474720071169101,57.488085768948515
629,918,0.366,0.591,0.43111831338854756,0.6040881540907996,13,35,4,1,24,33,7,1,0.6951525012542211,58.23050842140248
629,919,0.384,0.636,0.39652214321416013,0.584459993442936,13,35,4,1,25,33,7,1,0.7429347212238772,58.877529803208006
629,920,0.403,0.682,0.359967016500471,0.5633533935249949,13,35,4,1,26,33,7,1,0.7921698050291996,59.42077312751099
629,921,0.422,0.727,0.3207006559442762,0.5405254068714782,13,35,4,1,27,33,7,1,0.84060275992885,59.86622016646268
629,922,0.441,0.773,0.2783801172106718,0.5156763751403439,13,35,4,1,28,33,7,1,0.8899494367659322,60.29504606907759
629,923,0.461,0.819,0.2304607368682451,0.48785039063775004,13,35,4,1,29,33,7,1,0.9398308358422807,60.62564187310479
629,924,0.481,0.864,0.17578559877531685,0.45558610883615935,13,35,4,1,30,33,7,1,0.9888665228431995,60.89474646753757
629,925,0.502,0.909,0.11746596558532896,0.41903987319529634,13,35,4,1,31,33,7,1,1.038405026952393,61.090095438657904
629,926,0.525,0.955,0.062734499139725175,0.37986935780060105,13,35,4,1,32,33,7,1,1.0897935584320546,61.20072299647245
629,927,0.122,0.16,0.8536344003795436,0.8899958833641937,13,35,4,1,10,34,7,1,0.20120636172845033,52.67447951689393
629,928,0.139,0.125,0.8266712030264822,0.8749240062560247,13,35,4,1,11,34,7,1,0.18693849255838135,41.96443087494443
629,929,0.156,0.087,0.7990877665975752,0.8576365519289043,13,35,4,1,12,34,7,1,0.17861970775925035,29.148071845713044
629,930,0.173,0.045,0.7711982728812838,0.838730670580705,13,35,4,1,13,34,7,1,0.17875681805178786,14.580420397203778
629,931,0.191,0.091,0.7432428286255062,0.8187030322248878,13,35,4,1,14,34,7,1,0.2115703192794301,25.474988178864994
629,932,0.21,0.136,0.7153073116631765,0.7979768986286013,13,35,4,1,15,34,7,1,0.2501919263285688,32.92786265316414
629,933,0.228,0.182,0.6874310212364283,0.7769233254578922,13,35,4,1,16,34,7,1,0.2917327544174634,38.59846375985028
629,934,0.247,0.227,0.659589546960737,0.7558701427409931,13,35,4,1,17,34,7,1,0.33546683889767703,42.58388971431868
629,935,0.266,0.273,0.631594769437063,0.7350972156992414,13,35,4,1,18,34,7,1,0.38116269492173555,45.744059202888714
629,936,0.286,0.318,0.6031977729526348,0.7148152992147991,13,35,4,1,19,34,7,1,0.42769147758635545,48.032702616176984
629,937,0.306,0.364,0.5743240020221427,0.6951191228455835,13,35,4,1,20,34,7,1,0.47553338473760176,49.94759885898979
629,938,0.326,0.409,0.5446613590372078,0.675915972153109,13,35,4,1,21,34,7,1,0.5230267679574344,51.442841584449205
629,939,0.347,0.454,0.5139152016832056,0.6568845394582898,13,35,4,1,22,34,7,1,0.5714236606931848,52.60869908329348
629,940,0.368,0.5,0.4817700888173785,0.6375277208901751,13,35,4,1,23,34,7,1,0.6208252572181644,53.64693170795307
629,941,0.39,0.546,0.447894278192005,0.6173582530786754,13,35,4,1,24,34,7,1,0.670981370829325,54.46232220802562
629,942,0.412,0.591,0.41230552825914224,0.5960697560563508,13,35,4,1,25,34,7,1,0.7204338970370564,55.11874021063005
629,943,0.435,0.637,0.3744443216919664,0.5734773828506631,13,35,4,1,26,34,7,1,0.7713585417949295,55.67127889503902
629,944,0.459,0.682,0.33348208314252914,0.5494042847191537,13,35,4,1,27,34,7,1,0.8220735976784561,56.058636806811265
629,945,0.483,0.727,0.28873865469163396,0.5236908292068985,13,35,4,1,28,34,7,1,0.8728218604045157,56.40096477669254
629,946,0.509,0.773,0.24034519390525677,0.49606101032273064,13,35,4,1,29,34,7,1,0.9255322792858173,56.63615604223105
629,947,0.536,0.818,0.19129539652279182,0.46656549011192094,13,35,4,1,30,34,7,1,0.9779672796162456,56.764909248221514
629,948,0.565,0.864,0.14491417474304724,0.43597782619246095,13,35,4,1,31,34,7,1,1.0323376385659877,56.81791505928019
629,949,0.596,0.91,0.0971236155994124,0.40267097956738573,13,35,4,1,32,34,7,1,1.08780329104117,56.777404238648906
629,950,0.63,0.955,0.04378007040959331,0.36028710824787047,13,35,4,1,33,34,7,1,1.1440826019129913,56.58772801609732
629,951,0.155,0.12,0.8216497568748453,0.8892104843523387,13,35,4,1,10,35,7,1,0.1960229578391266,37.74680538727467
629,952,0.176,0.083,0.7933273002025708,0.868866850311646,13,35,4,1,11,35,7,1,0.1945893111144597,25.24813877128473
629,953,0.198,0.043,0.7648430627993315,0.8478549397516386,13,35,4,1,12,35,7,1,0.2026153992173349,12.252759515547394
629,954,0.22,0,0.7363387645093883,0.8263764708641759,13,35,4,1,13,35,7,1,0.22,0
629,955,0.242,0.045,0.7079256271768669,0.8046220807726072,13,35,4,1,14,35,7,1,0.24614832926509983,10.533861809684488
629,956,0.264,0.091,0.6796761060598295,0.7827789305677284,13,35,4,1,15,35,7,1,0.2792436212342191,19.018917293784792
629,957,0.287,0.136,0.65158449547195,0.7610286019514555,13,35,4,1,16,35,7,1,0.31759250620882096,25.354757008156774
629,958,0.31,0.182,0.6235760425997771,0.7395382497131516,13,35,4,1,17,35,7,1,0.359477398455035,30.417057670515927
629,959,0.333,0.227,0.5955105921072015,0.7184453470137417,13,35,4,1,18,35,7,1,0.40301116609840976,34.281537700408364
629,960,0.357,0.273,0.567140572085284,0.6978341789706393,13,35,4,1,19,35,7,1,0.44941962573968663,37.40535663140856
629,961,0.381,0.318,0.538148803694436,0.6776977539525342,13,35,4,1,20,35,7,1,0.49627109526951096,39.84991766198018
629,962,0.406,0.364,0.5082934006834002,0.6578878290302689,13,35,4,1,21,35,7,1,0.5452815786362125,41.87786953788429
629,963,0.432,0.409,0.47740389583118126,0.6380944850071397,13,35,4,1,22,35,7,1,0.5948991511172292,43.43344288626816
629,964,0.458,0.455,0.44511341373534974,0.6178978447339589,13,35,4,1,23,35,7,1,0.6455919764061508,44.81173415123354
629,965,0.485,0.5,0.41110923285887613,0.5969083138223346,13,35,4,1,24,35,7,1,0.6965809357138624,45.87245712290204
629,966,0.513,0.546,0.37507089059309284,0.5748805296753396,13,35,4,1,25,35,7,1,0.7491895621269693,46.78484332431897
629,967,0.543,0.591,0.3366697456358928,0.5516609743792121,13,35,4,1,26,35,7,1,0.8025770991001425,47.423771344113554
629,968,0.573,0.637,0.2957681477931846,0.5271070959054328,13,35,4,1,27,35,7,1,0.8567951913964036,48.027699218823614
629,969,0.606,0.682,0.2530065157599274,0.5010915504721842,13,35,4,1,28,35,7,1,0.912337656791607,48.376891353194985
629,970,0.64,0.728,0.2098012545568646,0.4734214790096132,13,35,4,1,29,35,7,1,0.9693214121229345,48.68062217303046
629,971,0.677,0.773,0.16784199501706942,0.44400889328906734,13,35,4,1,30,35,7,1,1.027549512189072,48.7878477100977
629,972,0.718,0.818,0.12460157597792265,0.4127569791186084,13,35,4,1,31,35,7,1,1.0884153618908545,48.72493713341037
629,973,0.764,0.864,0.07775044732864278,0.37872632919489113,13,35,4,1,32,35,7,1,1.153339499020128,48.51498049656796
629,974,0.818,0.91,0.034275049405089186,0.3442785155924235,13,35,4,1,33,35,7,1,1.2236110493126482,48.04759237143251
629,975,0.887,0.955,0.009259412354112762,0.3168676047230192,13,35,4,1,34,35,7,1,1.3033779191009798,47.11419356795145
629,979,1,1,0,0.2928932188134524,13,35,4,1,10,13,10,1,1.4142135623730951,45
629,980,1,1,0,0.2928932188134524,13,35,4,1,11,13,10,1,1.4142135623730951,45
629,981,1,1,0,0.2928932188134524,13,35,4,1,12,13,10,1,1.4142135623730951,45
629,982,1,0.96,8.719208094420949e-7,0.29311230147883616,13,35,4,1,10,14,10,1,1.3862178760930766,43.830860672092584
629,983,1,0.959,8.719208093310726e-7,0.2931481429931657,13,35,4,1,11,14,10,1,1.385525532063556,43.80102906682782
629,984,1,0.957,8.719208093310726e-7,0.29318993679479755,13,35,4,1,12,14,10,1,1.3841419724869266,43.7412763666856
629,985,1,0.955,8.719205089047222e-7,0.29321097060572465,13,35,4,1,13,14,10,1,1.3827599213167845,43.681404157171436
629,986,1,0.92,3.826447173671532e-5,0.2947425184323731,13,35,4,1,10,15,10,1,1.3588230201170424,42.61405596961119
629,987,1,0.917,3.826447173671532e-5,0.2948705338853014,13,35,4,1,11,15,10,1,1.3567936468011634,42.52082345847564
629,988,1,0.913,3.82644717366043e-5,0.29497841535435576,13,35,4,1,12,15,10,1,1.3540934236602733,42.39607920836728
629,989,1,0.91,3.826423320274497e-5,0.29500706468372584,13,35,4,1,13,15,10,1,1.3520724832641184,42.3021943666837
629,990,0.999,0.955,3.6211759432691615e-5,0.29478102300624465,13,35,4,1,14,15,10,1,1.3820369025463828,43.7100366789229
629,991,0.999,0.88,3.2510895661164163e-4,0.2986826274037572,13,35,4,1,10,16,10,1,1.3313155148198341,41.376208640598755
629,992,0.999,0.875,3.251089566115306e-4,0.29889978401524653,13,35,4,1,11,16,10,1,1.3280158131588644,41.21433562286915
629,993,0.999,0.87,3.2510895661164163e-4,0.29905853621542766,13,35,4,1,12,16,10,1,1.324726764280091,41.05165750040357
629,994,0.998,0.864,3.2509830824700714e-4,0.2990658966020292,13,35,4,1,13,16,10,1,1.3200378782444084,40.88376949447557
629,995,0.997,0.91,3.191383661247382e-4,0.29873531839022927,13,35,4,1,14,16,10,1,1.3498551774171925,42.38789781384412
629,996,0.996,0.955,2.5560413310898866e-4,0.29771326396808084,13,35,4,1,15,16,10,1,1.3798699214056374,43.79611417685656
629,997,0.997,0.84,0.0015014637685468735,0.3057723765076855,13,35,4,1,10,17,10,1,1.3036905307625732,40.11506207873794
629,998,0.996,0.834,0.0015014637685468735,0.3060678145135336,13,35,4,1,11,17,10,1,1.299065818193982,39.94110195601155
629,999,0.995,0.826,0.0015014637685468735,0.30624859006018124,13,35,4,1,12,17,10,1,1.2931747755040692,39.69778707973149
629,1000,0.994,0.818,0.0015012735176513914,0.30620930121638634,13,35,4,1,13,17,10,1,1.2873072671277825,39.45224969767828
629,1001,0.993,0.864,0.0014830962718764829,0.30577962446301377,13,35,4,1,14,17,10,1,1.316261752084288,41.02622465010964
629,1002,0.991,0.909,0.0013639524367828892,0.3046563623757311,13,35,4,1,15,17,10,1,1.3447535090119676,42.528768326135776
629,1003,0.989,0.955,9.727940129844459e-4,0.30215319105185057,13,35,4,1,16,17,10,1,1.3748258071479456,43.99801547863047
629,1004,0.991,0.8,0.0047513774220718785,0.3163444413130332,13,35,4,1,10,18,10,1,1.2736094377791018,38.912737090874955
629,1005,0.99,0.792,0.004752047862236153,0.31669865903493954,13,35,4,1,11,18,10,1,1.2678185990117041,38.659808254090095
629,1006,0.988,0.783,0.004752812093653858,0.31687716134907706,13,35,4,1,12,18,10,1,1.260647849321927,38.39718077701106
629,1007,0.986,0.773,0.004751865069070771,0.31676308126382047,13,35,4,1,13,18,10,1,1.2528866668617717,38.095582342166566
629,1008,0.984,0.818,0.0046999869540447214,0.3161842135714925,13,35,4,1,14,18,10,1,1.2796015004680168,39.73677491218343
629,1009,0.981,0.864,0.004464671296148359,0.3148801836459668,13,35,4,1,15,18,10,1,1.3072325730335823,41.37146784456358
629,1010,0.977,0.91,0.003823662436473141,0.3124313469269129,13,35,4,1,16,18,10,1,1.3351513022874972,42.966504891555495
629,1011,0.974,0.955,0.0025117820010792657,0.30796440849705387,13,35,4,1,17,18,10,1,1.3640751445576595,44.435674127353785
629,1012,0.981,0.76,0.01113817527228389,0.3297604104729347,13,35,4,1,10,19,10,1,1.2409516509518008,37.76564842111074
629,1013,0.979,0.75,0.01114231791430953,0.33008401429671463,13,35,4,1,11,19,10,1,1.233264367441142,37.45528663539505
629,1014,0.976,0.739,0.01114551596065072,0.3301608662167108,13,35,4,1,12,19,10,1,1.2242128082976422,37.131990545123664
629,1015,0.973,0.728,0.011137015793004745,0.32986929683386257,13,35,4,1,13,19,10,1,1.2152008064513453,36.80388871247531
629,1016,0.969,0.773,0.011010707811084153,0.32904473599283923,13,35,4,1,14,19,10,1,1.2395523385480745,38.58040127776114
629,1017,0.965,0.819,0.010563176679616149,0.32745672448061314,13,35,4,1,15,19,10,1,1.2656958560412528,40.32142203746041
629,1018,0.96,0.864,0.009542268365670181,0.3247421607057681,13,35,4,1,16,19,10,1,1.2915479085190762,41.98721249581666
629,1019,0.955,0.91,0.007679281424636031,0.3202216692580302,13,35,4,1,17,19,10,1,1.319137976104092,43.61779630330303
629,1020,0.951,0.955,0.004464377398705421,0.31276852264212995,13,35,4,1,18,19,10,1,1.347748492857625,45.12024280251394
629,1021,0.963,0.72,0.022249978268125692,0.34577914373382657,13,35,4,1,10,20,10,1,1.2024013473046344,36.7841255848969
629,1022,0.96,0.708,0.02226703372778649,0.34610189178225104,13,35,4,1,11,20,10,1,1.1928386311651715,36.408774567772355
629,1023,0.956,0.696,0.02228214410681062,0.3461052090096489,13,35,4,1,12,20,10,1,1.182519344450652,36.055871656572485
629,1024,0.951,0.682,0.02224499183453932,0.3456525385760977,13,35,4,1,13,20,10,1,1.170267063537208,35.6458151236678
629,1025,0.946,0.727,0.021956532383946903,0.34456735834613283,13,35,4,1,14,20,10,1,1.1930821430228515,37.54223971999385
629,1026,0.94,0.773,0.021143044709699965,0.34262833236409707,13,35,4,1,15,20,10,1,1.2170164337427822,39.431842744083355
629,1027,0.934,0.819,0.01953900425427857,0.33958118689746475,13,35,4,1,16,20,10,1,1.2422226048498715,41.246670384387336
629,1028,0.929,0.864,0.016736347507130045,0.3351983219556687,13,35,4,1,17,20,10,1,1.2686752933670618,42.92381735809418
629,1029,0.923,0.909,0.012861873860639306,0.32921874405504836,13,35,4,1,18,20,10,1,1.295457448162617,44.562158679586325
629,1030,0.918,0.955,0.007863278873947,0.3200621780306151,13,35,4,1,19,20,10,1,1.3246693927165374,46.13169682152043
629,1031,0.938,0.68,0.04356479787696399,0.36843320367784216,13,35,4,1,10,21,10,1,1.1585525452045755,35.940109922413455
629,1032,0.933,0.667,0.04362002439459012,0.3687212796537016,13,35,4,1,11,21,10,1,1.1468992981077284,35.56090737898988
629,1033,0.927,0.652,0.04366471396059679,0.36860209522250664,13,35,4,1,12,21,10,1,1.1333282843024788,35.12041156706682
629,1034,0.92,0.637,0.0435231633070694,0.36794962558472133,13,35,4,1,13,21,10,1,1.119003574614487,34.69839186161616
629,1035,0.913,0.682,0.04286747316892625,0.36662779896723063,13,35,4,1,14,21,10,1,1.139602123550145,36.75928817029212
629,1036,0.906,0.727,0.04140456425191019,0.36450277981901336,13,35,4,1,15,21,10,1,1.1616217112296068,38.74454247231596
629,1037,0.9,0.773,0.03878120830286136,0.36145208115071203,13,35,4,1,16,21,10,1,1.1863932737503193,40.658915175464436
629,1038,0.893,0.818,0.03503645020741375,0.35732667298237086,13,35,4,1,17,21,10,1,1.2110214696693036,42.49010263041355
629,1039,0.887,0.864,0.030389649395017426,0.35173909354641364,13,35,4,1,18,21,10,1,1.2382507823538818,44.247443091647
629,1040,0.881,0.909,0.023843762813336333,0.343614369795989,13,35,4,1,19,21,10,1,1.2658759812872664,45.8961737412703
629,1041,0.875,0.955,0.014340732067322892,0.33011629072635296,13,35,4,1,20,21,10,1,1.2952412902621657,47.503139779584906
629,1042,0.901,0.64,0.08073508467308566,0.3983998194868702,13,35,4,1,10,22,10,1,1.105170122650807,35.387010790168866
629,1043,0.894,0.625,0.08088400954794028,0.39862550713084777,13,35,4,1,11,22,10,1,1.0908074990574643,34.95759540089068
629,1044,0.886,0.609,0.08093444746493839,0.39839231743329806,13,35,4,1,12,22,10,1,1.0751172029132452,34.50303357168395
629,1045,0.878,0.591,0.08046759318370744,0.39759870165303846,13,35,4,1,13,22,10,1,1.058378476727489,33.94531433105239
629,1046,0.87,0.637,0.07911849862271947,0.39614086653015246,13,35,4,1,14,22,10,1,1.0782713016676275,36.210988032480614
629,1047,0.862,0.682,0.07653482691309232,0.39390956307516933,13,35,4,1,15,22,10,1,1.0991669572908385,38.350456383546074
629,1048,0.855,0.728,0.07281368848010317,0.3907662187860259,13,35,4,1,16,22,10,1,1.1229465704119677,40.41313184193848
629,1049,0.848,0.773,0.06812733390641823,0.3864751855847216,13,35,4,1,17,22,10,1,1.1474462950395543,42.350943205308354
629,1050,0.841,0.818,0.06170923784359694,0.38058897032334194,13,35,4,1,18,22,10,1,1.173202881005668,44.20571518418017
629,1051,0.835,0.864,0.05270046258482486,0.37241082167272876,13,35,4,1,19,22,10,1,1.2015494163787022,45.977878910742824
629,1052,0.83,0.91,0.040511466386858985,0.36100421940509786,13,35,4,1,20,22,10,1,1.231665539016173,47.632434868986486
629,1053,0.825,0.955,0.024572417783925937,0.3430556972894292,13,35,4,1,21,22,10,1,1.2620023771768418,49.177106968902216
629,1054,0.853,0.6,0.13383505026491682,0.4335174218769142,13,35,4,1,10,23,10,1,1.042884940921097,35.122544529394915
629,1055,0.844,0.583,0.13412824368396026,0.4335426203758326,13,35,4,1,11,23,10,1,1.0257801908791182,34.63509878710516
629,1056,0.834,0.565,0.13389646973975233,0.4330592986403018,13,35,4,1,12,23,10,1,1.0073633902420716,34.11599196173882
629,1057,0.825,0.546,0.13264233492291488,0.4319756384131441,13,35,4,1,13,23,10,1,0.9893133982717509,33.497315420468105
629,1058,0.816,0.591,0.13002558379485052,0.43019127642372335,13,35,4,1,14,23,10,1,1.007540073644716,35.914487800955726
629,1059,0.808,0.636,0.1262424809826279,0.4275848313264272,13,35,4,1,15,23,10,1,1.0282801174777232,38.207299355493426
629,1060,0.8,0.682,0.1213029557934372,0.4239850238007935,13,35,4,1,16,23,10,1,1.0512487812121354,40.44759193206093
629,1061,0.793,0.727,0.11463628582547714,0.4191209640967142,13,35,4,1,17,23,10,1,1.0758150398651247,42.513718692198914
629,1062,0.787,0.773,0.10534399833746044,0.41256464598162323,13,35,4,1,18,23,10,1,1.10313099856726,44.48582091048105
629,1063,0.781,0.818,0.09344589131442416,0.40369767527546563,13,35,4,1,19,23,10,1,1.1309664009156064,46.325556972891086
629,1064,0.776,0.864,0.07800009899728344,0.3916195680051645,13,35,4,1,20,23,10,1,1.1613233830419503,48.07146211707039
629,1065,0.771,0.909,0.05729130576790242,0.37500806801758213,13,35,4,1,21,23,10,1,1.191940434753348,49.69589619523374
629,1066,0.768,0.955,0.032318770741181946,0.3511290713796773,13,35,4,1,22,23,10,1,1.2254994900039737,51.19415974527986
629,1067,0.792,0.56,0.1889306913660923,0.46538277014260954,13,35,4,1,10,24,10,1,0.9699814431214652,35.26301172959726
629,1068,0.781,0.542,0.18899141543400821,0.46500898166655336,13,35,4,1,11,24,10,1,0.9506445182085679,34.75995479771076
629,1069,0.771,0.522,0.1878384796992747,0.4640628374594463,13,35,4,1,12,24,10,1,0.9310880731703097,34.09968184864383
629,1070,0.761,0.5,0.1851770183314152,0.4624440868204348,13,35,4,1,13,24,10,1,0.9105608162006533,33.3061234864676
629,1071,0.752,0.546,0.18128785379604917,0.4600332186352244,13,35,4,1,14,24,10,1,0.9293115731550964,35.982044455072554
629,1072,0.744,0.591,0.17603140983720977,0.4566752815578745,13,35,4,1,15,24,10,1,0.9501668274571576,38.46204254215271
629,1073,0.737,0.637,0.16891832381091887,0.4521531533670514,13,35,4,1,16,24,10,1,0.9741344876350493,40.83734094812176
629,1074,0.73,0.682,0.1592445744942954,0.44615341054638313,13,35,4,1,17,24,10,1,0.9990115114451885,43.053017874652035
629,1075,0.724,0.727,0.1471417849311787,0.43824107841768634,13,35,4,1,18,24,10,1,1.0260141324562737,45.11846112585559
629,1076,0.72,0.773,0.13118418180353442,0.4278683508916187,13,35,4,1,19,24,10,1,1.0563754067565185,47.033088876691636
629,1077,0.715,0.819,0.11115637777678666,0.4144087939594454,13,35,4,1,20,24,10,1,1.0871917954068637,48.87852450284771
629,1078,0.712,0.864,0.0873190738513635,0.3972748030307178,13,35,4,1,21,24,10,1,1.1195713465429524,50.508949698216064
629,1079,0.71,0.909,0.0596749107028679,0.3760877635991807,13,35,4,1,22,24,10,1,1.1534214320880292,52.007383935147615
629,1080,0.708,0.955,0.031104487856803642,0.34930378704439735,13,35,4,1,23,24,10,1,1.188818320854789,53.448194766368644
629,1081,0.718,0.52,0.23118383460088987,0.4877587217930306,13,35,4,1,10,25,10,1,0.8865235473466004,35.91333317176399
629,1082,0.707,0.5,0.23029428534867813,0.4868147973075948,13,35,4,1,11,25,10,1,0.8659382195052947,35.26846883429374
629,1083,0.697,0.478,0.22772935507515935,0.4852135809711712,13,35,4,1,12,25,10,1,0.8451585650042245,34.442184211051014
629,1084,0.687,0.455,0.22378587815062878,0.4828349916035929,13,35,4,1,13,25,10,1,0.824010922257709,33.5165029220442
629,1085,0.679,0.5,0.21834918268746695,0.4795305268879073,13,35,4,1,14,25,10,1,0.8432324709117883,36.36707757501068
629,1086,0.672,0.546,0.21093548110989668,0.4751076552517419,13,35,4,1,15,25,10,1,0.8658521813797088,39.0938588862295
629,1087,0.666,0.591,0.20112467028018555,0.46930997231501936,13,35,4,1,16,25,10,1,0.8904139486778045,41.58544552063021
629,1088,0.661,0.637,0.18870261910208486,0.4618014416838745,13,35,4,1,17,25,10,1,0.9179814812946937,43.940722623715395
629,1089,0.657,0.682,0.1724644885995389,0.4521748038696115,13,35,4,1,18,25,10,1,0.9469809924174826,46.06962515433614
629,1090,0.653,0.727,0.15261255412074093,0.4400106407031208,13,35,4,1,19,25,10,1,0.9772092918101014,48.06944262633361
629,1091,0.651,0.773,0.12897446145988078,0.42499277733866403,13,35,4,1,20,25,10,1,1.0106087274509359,49.896810026210076
629,1092,0.649,0.818,0.10234779153075191,0.40708869480758825,13,35,4,1,21,25,10,1,1.0441862860620226,51.5715674021519
629,1093,0.649,0.864,0.07485927869452136,0.3866975318804171,13,35,4,1,22,25,10,1,1.080600296131738,53.087684609165876
629,1094,0.648,0.91,0.04718397749672709,0.36479285400252925,13,35,4,1,23,25,10,1,1.1171409937872658,54.54579154681016
629,1095,0.649,0.955,0.02397025229375105,0.3422783286686196,13,35,4,1,24,25,10,1,1.1546540607472007,55.800711233537676
629,1096,0.635,0.48,0.2758011643730449,0.5096944246087985,13,35,4,1,10,26,10,1,0.7960056532462568,37.08583549095235
629,1097,0.624,0.458,0.2737318575871742,0.5083039075903345,13,35,4,1,11,26,10,1,0.7740413425651114,36.27771429371501
629,1098,0.615,0.435,0.2700458213208151,0.5061400428427911,13,35,4,1,12,26,10,1,0.7532927717693831,35.272421448598394
629,1099,0.607,0.409,0.2646598662331566,0.5030504236397737,13,35,4,1,13,26,10,1,0.7319357895334808,33.97231046225065
629,1100,0.601,0.454,0.2570905053020843,0.49884721355732453,13,35,4,1,14,26,10,1,0.753204487506547,37.06767836150957
629,1101,0.596,0.5,0.24710706425342532,0.49329744825731947,13,35,4,1,15,26,10,1,0.7779562969730369,39.994167447048916
629,1102,0.591,0.546,0.2341004631249105,0.48611974276184067,13,35,4,1,16,26,10,1,0.8046098433402366,42.73353991568394
629,1103,0.588,0.591,0.21735702651916178,0.47700333621749,13,35,4,1,17,26,10,1,0.8336815938954152,45.145790472919224
629,1104,0.586,0.636,0.19695398335105307,0.46567567034012847,13,35,4,1,18,26,10,1,0.8648074930295181,47.34303753867186
629,1105,0.585,0.682,0.17271582014002362,0.4520410720533744,13,35,4,1,19,26,10,1,0.8985260152049022,49.377956039323756
629,1106,0.585,0.727,0.14629558966621647,0.4363695008911028,13,35,4,1,20,26,10,1,0.9331420041987177,51.177174905164975
629,1107,0.585,0.773,0.11895392160318652,0.41944273898908957,13,35,4,1,21,26,10,1,0.9694090983686918,52.8818655393681
629,1108,0.587,0.818,0.09271412191367179,0.40240716986739655,13,35,4,1,22,26,10,1,1.006823221821984,54.33663024815673
629,1109,0.589,0.864,0.07109812909837587,0.3860097375446767,13,35,4,1,23,26,10,1,1.045665816597253,55.717238655403506
629,1110,0.592,0.909,0.05036337423118431,0.36911626098447814,13,35,4,1,24,26,10,1,1.0847787792909667,56.925204844042895
629,1111,0.595,0.955,0.02869953465176278,0.34807925178939025,13,35,4,1,25,26,10,1,1.125188873034212,58.07558109908988
629,1112,0.546,0.44,0.3290081867796636,0.5352441232299592,13,35,4,1,10,27,10,1,0.7012246430353115,38.863979432688986
629,1113,0.538,0.416,0.3252701500542369,0.5331760125429386,13,35,4,1,11,27,10,1,0.6800735254367721,37.71242190658444
629,1114,0.531,0.391,0.3195140507043145,0.5301359760558191,13,35,4,1,12,27,10,1,0.6594255075442563,36.365944125306505
629,1115,0.526,0.364,0.3112595066178282,0.5259451121836209,13,35,4,1,13,27,10,1,0.6396655376053958,34.683823537410305
629,1116,0.522,0.409,0.3003133176780136,0.5204044471151998,13,35,4,1,14,27,10,1,0.6631477964978848,38.07958350182186
629,1117,0.519,0.454,0.2858097867240179,0.5133067421406415,13,35,4,1,15,27,10,1,0.6895484029420995,41.178108551909155
629,1118,0.518,0.5,0.26769258306132293,0.5044670351316556,13,35,4,1,16,27,10,1,0.7199472202877097,43.98701711938915
629,1119,0.517,0.546,0.24576450043171993,0.4937829993105455,13,35,4,1,17,27,10,1,0.7519341726507713,46.56271455321585
629,1120,0.518,0.591,0.2208916163155894,0.48132820027565326,13,35,4,1,18,27,10,1,0.7858784893353424,48.76606545402629
629,1121,0.519,0.636,0.19443272094253128,0.4674514332878208,13,35,4,1,19,27,10,1,0.8208879338862278,50.78425699446001
629,1122,0.522,0.682,0.16784146281766377,0.452803702387089,13,35,4,1,20,27,10,1,0.8588410795950553,52.569705054817824
629,1123,0.525,0.727,0.14372887280840108,0.4381889307730569,13,35,4,1,21,27,10,1,0.8967463409459778,54.16522463998945
629,1124,0.529,0.773,0.12311244744015326,0.4241495160458516,13,35,4,1,22,27,10,1,0.9366803083229625,55.61434125469819
629,1125,0.533,0.818,0.10370604761822999,0.4103512080824251,13,35,4,1,23,27,10,1,0.9763262774298355,56.91216706791233
629,1126,0.538,0.864,0.08363797928263283,0.39514256824573313,13,35,4,1,24,27,10,1,1.0178113774172501,58.09008977918353
629,1127,0.544,0.909,0.059589039463454285,0.3759670959369863,13,35,4,1,25,27,10,1,1.0593474406444752,59.10117309151457
629,1128,0.55,0.955,0.0317213007552849,0.35066841006019467,13,35,4,1,26,27,10,1,1.102054898814029,60.06166154454618
629,1129,0.457,0.4,0.386317103112613,0.5624232246666796,13,35,4,1,10,28,10,1,0.6073293999140829,41.19479997659175
629,1130,0.452,0.375,0.37990750461549294,0.5593829104335766,13,35,4,1,11,28,10,1,0.5873065638999789,39.68066224390458
629,1131,0.449,0.348,0.3707104234366235,0.5551899202605515,13,35,4,1,12,28,10,1,0.5680712983420303,37.77767734127851
629,1132,0.447,0.318,0.3581626457413559,0.5496917651328881,13,35,4,1,13,28,10,1,0.5485736049063973,35.428404346243354
629,1133,0.447,0.364,0.3420003689912252,0.5427533265429096,13,35,4,1,14,28,10,1,0.5764590184913408,39.15653515992252
629,1134,0.448,0.409,0.32214105306344265,0.5342832739899135,13,35,4,1,15,28,10,1,0.6066176720142598,42.39440515157527
629,1135,0.45,0.455,0.2991011757459331,0.5242725635723096,13,35,4,1,16,28,10,1,0.6399414035675454,45.31654804727301
629,1136,0.452,0.5,0.2739727688144603,0.512841444346336,13,35,4,1,17,28,10,1,0.674020771193292,47.88641854386461
629,1137,0.456,0.546,0.2479229082654284,0.5002793647369469,13,35,4,1,18,28,10,1,0.7113733197133556,50.132554439872976
629,1138,0.46,0.591,0.22298632272455,0.4870434439244633,13,35,4,1,19,28,10,1,0.748919888906684,52.10488666961065
629,1139,0.465,0.637,0.20083589002700264,0.47366691228300783,13,35,4,1,20,28,10,1,0.7886659622425708,53.87114263313798
629,1140,0.471,0.682,0.18071459470997908,0.46055031768549726,13,35,4,1,21,28,10,1,0.8288335176620212,55.37042726368226
629,1141,0.477,0.727,0.16164021331708933,0.4476657800169612,13,35,4,1,22,28,10,1,0.8695159573003821,56.730276743931455
629,1142,0.484,0.773,0.14155211597445438,0.434347942494305,13,35,4,1,23,28,10,1,0.9120224777931737,57.94800238372247
629,1143,0.492,0.819,0.11816715421043944,0.4195017500321766,13,35,4,1,24,28,10,1,0.9554187563576507,59.00538952394438
629,1144,0.499,0.864,0.0930741938943388,0.402277815040048,13,35,4,1,25,28,10,1,0.9977459596510526,59.991577070605906
629,1145,0.508,0.91,0.0665584798316241,0.3818837002647798,13,35,4,1,26,28,10,1,1.0421919209051662,60.82792102832548
629,1146,0.516,0.955,0.03643257733049965,0.3558816086490544,13,35,4,1,27,28,10,1,1.085486526862494,61.617020360271006
629,1147,0.375,0.36,0.4585455335989973,0.5980891120705127,13,35,4,1,10,29,10,1,0.5198317035349037,43.830860672092584
629,1148,0.375,0.333,0.44738418526975565,0.5939279077129739,13,35,4,1,11,29,10,1,0.5015117147186096,41.60507645788172
629,1149,0.376,0.304,0.43249328312941093,0.5884886555089239,13,35,4,1,12,29,10,1,0.4835204235603704,38.95590783775889
629,1150,0.379,0.273,0.41387869971334745,0.5816894152951873,13,35,4,1,13,29,10,1,0.46708671571775623,35.76583300021815
629,1151,0.382,0.318,0.3921604423446461,0.5734990833946303,13,35,4,1,14,29,10,1,0.49703923386388726,39.776052403731576
629,1152,0.387,0.363,0.36821091850150833,0.5639598351881494,13,35,4,1,15,29,10,1,0.5306015454180284,43.16716049405794
629,1153,0.392,0.409,0.3431880859675218,0.5532084299957349,13,35,4,1,16,29,10,1,0.5665200790792856,46.21583276595865
629,1154,0.398,0.454,0.3188566371605285,0.5414883398158853,13,35,4,1,17,29,10,1,0.6037549171642415,48.76051070575694
629,1155,0.405,0.5,0.29615531376111104,0.5291393049223609,13,35,4,1,18,29,10,1,0.6434477445760456,50.99252744787896
629,1156,0.412,0.545,0.27520227985716306,0.5165461314546678,13,35,4,1,19,29,10,1,0.683204947288879,52.912057407464005
629,1157,0.42,0.591,0.25556763160957463,0.5040321655255355,13,35,4,1,20,29,10,1,0.7250386196610494,54.600118429878684
629,1158,0.428,0.636,0.23594784170599714,0.49171213167866246,13,35,4,1,21,29,10,1,0.7666028958985219,56.0611824615918
629,1159,0.437,0.682,0.21477541549065304,0.4793677530615015,13,35,4,1,22,29,10,1,0.8099956790008204,57.349775934668685
629,1160,0.446,0.727,0.19223601151726233,0.4664766877194696,13,35,4,1,23,29,10,1,0.8529038632812024,58.47171454260489
629,1161,0.456,0.773,0.1687592675712567,0.45248315876381895,13,35,4,1,24,29,10,1,0.8974770192043916,59.46324404725133
629,1162,0.465,0.818,0.14363522899697123,0.4370367297533334,13,35,4,1,25,29,10,1,0.9409298592350016,60.3835166230711
629,1163,0.475,0.864,0.11733249290265924,0.41951191914024843,13,35,4,1,26,29,10,1,0.9859619668121078,61.19938991024352
629,1164,0.486,0.909,0.08734679139688373,0.397714920931294,13,35,4,1,27,29,10,1,1.0307652497052857,61.86865763593896
629,1165,0.496,0.955,0.04848653624322641,0.366653963048136,13,35,4,1,28,29,10,1,1.0761231342183848,62.553911104408954
629,1166,0.308,0.32,0.5212464172249417,0.6338183210483549,13,35,4,1,10,30,10,1,0.44414412075361304,46.09469059185304
629,1167,0.313,0.291,0.5028589059771256,0.6281052102122161,13,35,4,1,11,30,10,1,0.427375712927162,42.913989808085134
629,1168,0.318,0.261,0.48171421137016646,0.6211008817944702,13,35,4,1,12,30,10,1,0.4113939717594316,39.377599372910275
629,1169,0.325,0.227,0.4586145891014044,0.6128190185472235,13,35,4,1,13,30,10,1,0.3964265379613227,34.9328181329227
629,1170,0.332,0.273,0.4348139580924415,0.6033345557829777,13,35,4,1,14,30,10,1,0.42982903578050663,39.43009027476639
629,1171,0.34,0.318,0.4114995619933651,0.5927910090001212,13,35,4,1,15,30,10,1,0.46553624993119497,43.08504898595743
629,1172,0.349,0.364,0.38907293979113866,0.5814003882552103,13,35,4,1,16,30,10,1,0.5042786927880257,46.20520327225458
629,1173,0.358,0.409,0.36787861006075273,0.5694308648880847,13,35,4,1,17,30,10,1,0.543548525892583,48.80415863855809
629,1174,0.368,0.454,0.3476751008090142,0.5571760107569201,13,35,4,1,18,30,10,1,0.5844142366506826,50.97271984485809
629,1175,0.377,0.5,0.3276135092213991,0.5448991603644686,13,35,4,1,19,30,10,1,0.626202044072039,52.98370655772472
629,1176,0.388,0.546,0.3072251445306342,0.5327525008177203,13,35,4,1,20,30,10,1,0.6698208715768718,54.60153417170301
629,1177,0.398,0.591,0.28639200817788324,0.5206922161706244,13,35,4,1,21,30,10,1,0.7125201751529566,56.042301351528025
629,1178,0.409,0.636,0.26477460349520754,0.5084368397968917,13,35,4,1,22,30,10,1,0.7561593747352472,57.255668320021016
629,1179,0.42,0.682,0.2420183930162234,0.4955284037564929,13,35,4,1,23,30,10,1,0.8009519336389669,58.37375220247717
629,1180,0.431,0.727,0.21839171181271055,0.4814738449588605,13,35,4,1,24,30,10,1,0.8451567901874775,59.338531707634324
629,1181,0.442,0.773,0.1929786365514906,0.46574651874127493,13,35,4,1,25,30,10,1,0.8904453941708048,60.23915665318154
629,1182,0.454,0.818,0.163087203708152,0.4474703522609613,13,35,4,1,26,30,10,1,0.9355426232940967,60.96918982792425
629,1183,0.465,0.864,0.12795194407965438,0.4253640120866544,13,35,4,1,27,30,10,1,0.981183469082108,61.71110917056311
629,1184,0.477,0.909,0.08834058066306238,0.39879436517450007,13,35,4,1,28,30,10,1,1.0265524828278387,62.31164610884658
629,1185,0.489,0.955,0.04888723494073821,0.36703168125580965,13,35,4,1,29,30,10,1,1.072914721681085,62.88565221811776
629,1186,0.261,0.28,0.5799322361616144,0.6766101887643381,13,35,4,1,10,31,10,1,0.3827806160191501,47.011409546769904
629,1187,0.27,0.25,0.5581980306883179,0.6692426015219716,13,35,4,1,11,31,10,1,0.367967389859482,42.797401838234194
629,1188,0.28,0.217,0.5361893736856491,0.6606617225212303,13,35,4,1,12,31,10,1,0.3542442660086399,37.77568430595466
629,1189,0.29,0.182,0.5142817261585235,0.650965053932494,13,35,4,1,13,31,10,1,0.34237990595243756,32.1118148742343
629,1190,0.3,0.227,0.49280895018152393,0.6403002142165531,13,35,4,1,14,31,10,1,0.37620340243012157,37.11357838609736
629,1191,0.311,0.273,0.47183684833004724,0.6288591632348731,13,35,4,1,15,31,10,1,0.4138236339311712,41.27709818641198
629,1192,0.322,0.318,0.451113621593332,0.6168654343846263,13,35,4,1,16,31,10,1,0.4525571787078402,44.641906040676425
629,1193,0.333,0.364,0.43063170586289234,0.6045523559792747,13,35,4,1,17,31,10,1,0.49334065309885017,47.54662751849938
629,1194,0.345,0.409,0.4103704841101705,0.5921298714891463,13,35,4,1,18,31,10,1,0.5350756955796067,49.85167288936501
629,1195,0.356,0.454,0.39007685466283726,0.5797384043165987,13,35,4,1,19,31,10,1,0.576933271704796,51.89855199656061
629,1196,0.368,0.5,0.3693445859746818,0.5673941862507303,13,35,4,1,20,31,10,1,0.6208252572181644,53.64693170795307
629,1197,0.38,0.546,0.34804188493963695,0.5549462282534766,13,35,4,1,21,31,10,1,0.6652187610102409,55.16321429220441
629,1198,0.392,0.591,0.32588355268424507,0.5420779355381928,13,35,4,1,22,31,10,1,0.7091861532771209,56.444376762691476
629,1199,0.404,0.637,0.3019177938459765,0.5283804222136013,13,35,4,1,23,31,10,1,0.7543109438421267,57.61619317191819
629,1200,0.416,0.682,0.27504705837667986,0.5134620756397507,13,35,4,1,24,31,10,1,0.798861690156688,58.61803352642938
629,1201,0.428,0.727,0.24502092674381049,0.49698323420821866,13,35,4,1,25,31,10,1,0.8436308434380525,59.51379430392026
629,1202,0.44,0.773,0.21168129451454432,0.47862340716597884,13,35,4,1,26,31,10,1,0.8894543271017349,60.35099775930919
629,1203,0.452,0.818,0.17753676135968277,0.4582171426411652,13,35,4,1,27,31,10,1,0.9345736996085434,61.07639828636837
629,1204,0.464,0.864,0.14263887236423511,0.43565443404744886,13,35,4,1,28,31,10,1,0.9807099469262051,61.76255446183274
629,1205,0.476,0.91,0.10356566437372572,0.4092339165724107,13,35,4,1,29,31,10,1,1.026974196365225,62.38697217691553
629,1206,0.488,0.955,0.05755595019777593,0.37504144402632045,13,35,4,1,30,31,10,1,1.0724593232379491,62.93320544803009
629,1207,0.236,0.24,0.642521646959094,0.7269600039610522,13,35,4,1,10,32,10,1,0.3365947117825828,45.481465805838354
629,1208,0.247,0.208,0.6214159892988224,0.7172766688212688,13,35,4,1,11,32,10,1,0.32291330105772975,40.10090754621224
629,1209,0.259,0.174,0.6001725248004507,0.7065376426347559,13,35,4,1,12,32,10,1,0.31202083263782243,33.893784994676565
629,1210,0.271,0.136,0.5789843583857368,0.6949083469802009,13,35,4,1,13,32,10,1,0.30321114755232864,26.649558165228306
629,1211,0.283,0.182,0.5580180277221913,0.6825786082655869,13,35,4,1,14,32,10,1,0.33647139551528,32.74545766119761
629,1212,0.295,0.227,0.5373018080239077,0.6697504335631161,13,35,4,1,15,32,10,1,0.3722284244922733,37.577977086812865
629,1213,0.307,0.273,0.5167411150763945,0.6566220368033551,13,35,4,1,16,32,10,1,0.4108259972299708,41.64512126071265
629,1214,0.319,0.318,0.496298192242441,0.6433672779443576,13,35,4,1,17,32,10,1,0.45042757464435945,44.91005379521899
629,1215,0.331,0.364,0.4757998569403328,0.6301098145545234,13,35,4,1,18,32,10,1,0.49199288612743175,47.718477280595344
629,1216,0.343,0.409,0.45478187277272797,0.6168927593936336,13,35,4,1,19,32,10,1,0.5337883475685845,50.01576670588417
629,1217,0.355,0.455,0.43260591708229346,0.6036499750754516,13,35,4,1,20,32,10,1,0.5771048431611019,52.03794076318467
629,1218,0.367,0.5,0.40885819376688803,0.5901956009212572,13,35,4,1,21,32,10,1,0.6202330207268878,53.72133094768745
629,1219,0.38,0.546,0.38336600716316493,0.5762521005205723,13,35,4,1,22,32,10,1,0.6652187610102409,55.16321429220441
629,1220,0.392,0.591,0.355800334968695,0.5615233787489364,13,35,4,1,23,32,10,1,0.7091861532771209,56.444376762691476
629,1221,0.404,0.637,0.3269034135839646,0.5457741000794649,13,35,4,1,24,32,10,1,0.7543109438421267,57.61619317191819
629,1222,0.417,0.682,0.2970804112429727,0.5288442887634865,13,35,4,1,25,32,10,1,0.7993828869822021,58.556843498975525
629,1223,0.429,0.728,0.266114530429889,0.510604447078602,13,35,4,1,26,32,10,1,0.845,59.48976259388444
629,1224,0.442,0.773,0.23313566079113845,0.4909105585524909,13,35,4,1,27,32,10,1,0.8904453941708048,60.23915665318154
629,1225,0.455,0.819,0.19694201966699354,0.4693396417313135,13,35,4,1,28,32,10,1,0.936902342829817,60.94539590092286
629,1226,0.468,0.864,0.15771781923137773,0.444634383407593,13,35,4,1,29,32,10,1,0.982608772604845,61.557071375636646
629,1227,0.481,0.91,0.11189631044809112,0.4145575790768953,13,35,4,1,30,32,10,1,1.0293012192745135,62.14034930475773
629,1228,0.494,0.955,0.0589813545650657,0.3750006045446984,13,35,4,1,31,32,10,1,1.0752027715738088,62.64849209403644
629,1229,0.223,0.2,0.6844068328988688,0.7694673056580625,13,35,4,1,10,33,10,1,0.29954799281584243,41.88769139079452
629,1230,0.235,0.166,0.6633517154735497,0.7568428284540266,13,35,4,1,11,33,10,1,0.2877168747223562,35.23673303078894
629,1231,0.247,0.13,0.6424552760554915,0.7434974385629144,13,35,4,1,12,33,10,1,0.27912183719659056,27.758540601060027
629,1232,0.26,0.091,0.6217805791190829,0.7296164919120895,13,35,4,1,13,33,10,1,0.2754650613054222,19.290046219188735
629,1233,0.272,0.136,0.6012146987989408,0.7153800088336204,13,35,4,1,14,33,10,1,0.30410524493997143,26.56505117707799
629,1234,0.285,0.182,0.5805805764363194,0.7009534673306741,13,35,4,1,15,33,10,1,0.33815528977083886,32.56215852346437
629,1235,0.298,0.227,0.559638642180492,0.6864766280831409,13,35,4,1,16,33,10,1,0.37461046434930245,37.298154973704584
629,1236,0.311,0.273,0.5381644943977133,0.6720498569626334,13,35,4,1,17,33,10,1,0.4138236339311712,41.27709818641198
629,1237,0.324,0.318,0.515978997281646,0.6577180035394368,13,35,4,1,18,33,10,1,0.45398237851264667,44.46454101443547
629,1238,0.337,0.363,0.4927721842062941,0.6434534771464682,13,35,4,1,19,33,10,1,0.4953160607127534,47.127151112850804
629,1239,0.35,0.409,0.4686711009923942,0.6291441410795046,13,35,4,1,20,33,10,1,0.5383131059151356,49.44488368834799
629,1240,0.364,0.454,0.4437469793629998,0.6145977168175654,13,35,4,1,21,33,10,1,0.5819037721135686,51.278682612788806
629,1241,0.378,0.5,0.4178128106540566,0.5995730400793338,13,35,4,1,22,33,10,1,0.62680459475023,52.91071945877443
629,1242,0.392,0.546,0.39080890168868077,0.5838340515572816,13,35,4,1,23,33,10,1,0.6721458175128371,54.32359177813802
629,1243,0.406,0.591,0.3624691846682805,0.5671917085759295,13,35,4,1,24,33,10,1,0.7170195255360903,55.51205443549266
629,1244,0.42,0.636,0.3324421353731791,0.5494884660728598,13,35,4,1,25,33,10,1,0.76216533639362,56.56013079421777
629,1245,0.435,0.682,0.3007930992456378,0.5305367264452456,13,35,4,1,26,33,10,1,0.8089184136858303,57.46905106307913
629,1246,0.449,0.727,0.26648868012716564,0.5100532300475624,13,35,4,1,27,33,10,1,0.8544764478907537,58.3002482459626
629,1247,0.465,0.773,0.22846943572821787,0.4875440922244275,13,35,4,1,28,33,10,1,0.9020831447266932,58.970887093786445
629,1248,0.48,0.819,0.18624032150331382,0.46232994360169855,13,35,4,1,29,33,10,1,0.9492950015669522,59.62626044903819
629,1249,0.496,0.864,0.14058902881001478,0.43418165307801726,13,35,4,1,30,33,10,1,0.9962489648677182,60.1409838350769
629,1250,0.512,0.909,0.09582000697268722,0.40398294609490404,13,35,4,1,31,33,10,1,1.0432760900164444,60.60933848387221
629,1251,0.529,0.955,0.05314058961984858,0.3709976741056906,13,35,4,1,32,33,10,1,1.0917261561398994,61.0167607139451
629,1252,0.224,0.16,0.7052789237610864,0.7992848213131093,13,35,4,1,10,34,10,1,0.27527440854536406,35.53767779197438
629,1253,0.239,0.125,0.6834045852657487,0.7832973008822958,13,35,4,1,11,34,10,1,0.2697146640433182,27.61013190297003
629,1254,0.253,0.087,0.6614796343597021,0.7671122411095788,13,35,4,1,12,34,10,1,0.2675406511167976,18.97673673583439
629,1255,0.268,0.045,0.6394389113763022,0.7508459351278549,13,35,4,1,13,34,10,1,0.27175172492552835,9.531645561388583
629,1256,0.283,0.091,0.6173111941420888,0.7345991977839157,13,35,4,1,14,34,10,1,0.2972709202057947,17.825442246246816
629,1257,0.298,0.136,0.5950663217054564,0.7184523056802468,13,35,4,1,15,34,10,1,0.327566787083184,24.53081036751783
629,1258,0.313,0.182,0.5725966884453685,0.702457859243165,13,35,4,1,16,34,10,1,0.362067673232505,30.176701537748848
629,1259,0.329,0.227,0.549751248496389,0.686631929310838,13,35,4,1,17,34,10,1,0.3997123966053593,34.60449572791464
629,1260,0.345,0.273,0.5264130653002352,0.6709443465061392,13,35,4,1,18,34,10,1,0.43994772416731515,38.35472178972559
629,1261,0.36,0.318,0.5023963648426624,0.6553101564312188,13,35,4,1,19,34,10,1,0.4803373814310104,41.455233544405125
629,1262,0.377,0.364,0.47749020944114406,0.6395868186543489,13,35,4,1,20,34,10,1,0.5240467536394058,43.99491399474582
629,1263,0.393,0.409,0.45160722672822085,0.6235847972084575,13,35,4,1,21,34,10,1,0.5672124822321878,46.14290633306664
629,1264,0.41,0.454,0.42474335473383795,0.6070959789055705,13,35,4,1,22,34,10,1,0.6117319674497974,47.91532211664252
629,1265,0.427,0.5,0.39661359099205673,0.5899328589419206,13,35,4,1,23,34,10,1,0.6575173001526271,49.50267316807666
629,1266,0.445,0.546,0.36689339783186514,0.5719537847195089,13,35,4,1,24,34,10,1,0.7043727706264631,50.81933537140795
629,1267,0.463,0.591,0.33523987652128173,0.5530521739071725,13,35,4,1,25,34,10,1,0.7507662752148634,51.92421420544885
629,1268,0.481,0.637,0.30141478040363523,0.5331310670207812,13,35,4,1,26,34,10,1,0.7982042345164551,52.94347181059042
629,1269,0.5,0.682,0.26528847760308427,0.5121016190687284,13,35,4,1,27,34,10,1,0.8456500458227387,53.75344716773059
629,1270,0.52,0.727,0.22757951105172036,0.48989740872106724,13,35,4,1,28,34,10,1,0.8938282832848824,54.4250639355344
629,1271,0.54,0.773,0.18995729262624883,0.4665574753071835,13,35,4,1,29,34,10,1,0.9429363711300991,55.06273682861462
629,1272,0.562,0.818,0.15361248166195463,0.4422808088341098,13,35,4,1,30,34,10,1,0.9924555405659238,55.5093169015879
629,1273,0.585,0.864,0.11798521337531342,0.41669190129483147,13,35,4,1,31,34,10,1,1.043417941191352,55.89872580575286
629,1274,0.609,0.91,0.07679403763836301,0.3871941763044642,13,35,4,1,32,34,10,1,1.0949799084914755,56.20834431892651
629,1275,0.636,0.955,0.03422471771192648,0.350616046449603,13,35,4,1,33,34,10,1,1.1473974899745947,56.33763166427858
629,1276,0.289,0.12,0.6604729867597088,0.7777549425592014,13,35,4,1,10,35,10,1,0.31292331328937445,22.549442442311726
629,1277,0.307,0.083,0.6388503202728419,0.7612644737434757,13,35,4,1,11,35,10,1,0.31802201181679235,15.128707921928136
629,1278,0.324,0.043,0.6172100084512234,0.7447488534122093,13,35,4,1,12,35,10,1,0.3268409399080843,7.559890574927895
629,1279,0.342,0,0.5955028537984002,0.7282663177700417,13,35,4,1,13,35,10,1,0.342,0
629,1280,0.36,0.045,0.5736374680990861,0.7118639906780411,13,35,4,1,14,35,10,1,0.3628015986734347,7.125016348901798
629,1281,0.378,0.091,0.5515194913938395,0.695572800713405,13,35,4,1,15,35,10,1,0.38879943415596685,13.535856369134246
629,1282,0.397,0.136,0.5290721914734028,0.6794014942687515,13,35,4,1,16,35,10,1,0.419648662573825,18.909884120245067
629,1283,0.416,0.182,0.5061990502808894,0.6633301449541622,13,35,4,1,17,35,10,1,0.4540704791108975,23.629377730656817
629,1284,0.435,0.227,0.4827842535660971,0.6473039465187544,13,35,4,1,18,35,10,1,0.4906668931158898,27.557312777078806
629,1285,0.455,0.273,0.45859052800782407,0.6312288658836527,13,35,4,1,19,35,10,1,0.5306166224309223,30.96375653207352
629,1286,0.475,0.318,0.4335051419536997,0.6149723106115561,13,35,4,1,20,35,10,1,0.5716196287742401,33.80126734659906
629,1287,0.495,0.364,0.4073527998564509,0.598373513628625,13,35,4,1,21,35,10,1,0.6144273756921969,36.329035584958056
629,1288,0.517,0.409,0.38000891183216345,0.5812652709749786,13,35,4,1,22,35,10,1,0.6592192351562567,38.34760974977041
629,1289,0.539,0.455,0.351303408431178,0.563500445800444,13,35,4,1,23,35,10,1,0.7053694067649944,40.16958004171006
629,1290,0.561,0.5,0.3211657943916899,0.544966128812107,13,35,4,1,24,35,10,1,0.7514792079625358,41.709519992015146
629,1291,0.585,0.546,0.28966573989445954,0.525573022089032,13,35,4,1,25,35,10,1,0.8002130966186445,43.025065989118026
629,1292,0.609,0.591,0.25719931693519527,0.5052359241482758,13,35,4,1,26,35,10,1,0.8486235914703291,44.140627756355315
629,1293,0.635,0.637,0.2242674111930325,0.48386634822362196,13,35,4,1,27,35,10,1,0.8994409374717164,45.09008762939839
629,1294,0.662,0.682,0.19149546138438878,0.46136404447563784,13,35,4,1,28,35,10,1,0.9504567323134705,45.85255283973276
629,1295,0.692,0.728,0.1591534964589829,0.43761999250063854,13,35,4,1,29,35,10,1,1.0044142571668324,46.452257974983205
629,1296,0.723,0.773,0.12490368752977243,0.4124918426691975,13,35,4,1,30,35,10,1,1.058422410949428,46.91425332588413
629,1297,0.758,0.818,0.08848019488172354,0.38573534899442363,13,35,4,1,31,35,10,1,1.1152076039912926,47.180258449665345
629,1298,0.798,0.864,0.05164047567023966,0.3579040758868616,13,35,4,1,32,35,10,1,1.1761377470347596,47.27408876872702
629,1299,0.844,0.91,0.023245638970472826,0.33253545358069747,13,35,4,1,33,35,10,1,1.2411430215732593,47.15492487253764
629,1300,0.902,0.955,0.006732020408083406,0.31198279174230403,13,35,4,1,34,35,10,1,1.3136319880392682,46.634815395463264
629,1304,1,1,0,0.2928932188134524,13,35,4,1,10,13,1,4,1.4142135623730951,45
629,1305,1,1,0,0.2928932188134524,13,35,4,1,11,13,1,4,1.4142135623730951,45
629,1306,1,1,0,0.2928932188134524,13,35,4,1,12,13,1,4,1.4142135623730951,45
629,1307,1,0.96,6.080424118648509e-7,0.2928984489167731,13,35,4,1,10,14,1,4,1.3862178760930766,43.830860672092584
629,1308,1,0.959,6.628210084125286e-7,0.29290226714732215,13,35,4,1,11,14,1,4,1.385525532063556,43.80102906682782
629,1309,1,0.957,7.285591356875898e-7,0.2929144282183189,13,35,4,1,12,14,1,4,1.3841419724869266,43.7412763666856
629,1310,1,0.955,8.0526397761016e-7,0.29298721688739837,13,35,4,1,13,14,1,4,1.3827599213167845,43.681404157171436
629,1311,1,0.92,2.2446888008786914e-5,0.29299115676355103,13,35,4,1,10,15,1,4,1.3588230201170424,42.61405596961119
629,1312,1,0.917,2.4833209397723266e-5,0.29303916869986313,13,35,4,1,11,15,1,4,1.3567936468011634,42.52082345847564
629,1313,1,0.913,2.7882574018867068e-5,0.29315254176925587,13,35,4,1,12,15,1,4,1.3540934236602733,42.39607920836728
629,1314,1,0.91,3.1612897557486974e-5,0.2934878847043342,13,35,4,1,13,15,1,4,1.3520724832641184,42.3021943666837
629,1315,1,0.955,3.441893512812211e-5,0.2941695581770115,13,35,4,1,14,15,1,4,1.3827599213167845,43.681404157171436
629,1316,1,0.88,1.6861942572132804e-4,0.2934094997191392,13,35,4,1,10,16,1,4,1.332066064427737,41.34777721969367
629,1317,1,0.875,1.8573582513503606e-4,0.2935978776315241,13,35,4,1,11,16,1,4,1.3287682265918312,41.18592516570965
629,1318,1,0.87,2.0772312868366782e-4,0.2939725957393594,13,35,4,1,12,16,1,4,1.3254810447531868,41.023269024922435
629,1319,0.999,0.864,2.3516598774542263e-4,0.29476784086274976,13,35,4,1,13,16,1,4,1.320794079332581,40.85537625889571
629,1320,0.999,0.91,2.631633794801802e-4,0.29603535805895587,13,35,4,1,14,16,1,4,1.3513330455516879,42.33073093011519
629,1321,0.998,0.955,2.5916545769855137e-4,0.2970566263835578,13,35,4,1,15,16,1,4,1.3813142292758733,43.738699167651745
629,1322,0.999,0.84,6.896172534096578e-4,0.2944461707533639,13,35,4,1,10,17,1,4,1.3052206709978202,40.058493726245686
629,1323,0.999,0.834,7.60603367640833e-4,0.29488916987338143,13,35,4,1,11,17,1,4,1.3013673578202274,39.85630524032165
629,1324,0.999,0.826,8.508311600420315e-4,0.29566884554318673,13,35,4,1,12,17,1,4,1.2962549903471923,39.58485553044823
629,1325,0.998,0.818,9.574984701722355e-4,0.2970225024513631,13,35,4,1,13,17,1,4,1.2903983880957075,39.33939226269854
629,1326,0.997,0.864,0.0010706083345852768,0.2989299016655983,13,35,4,1,14,17,1,4,1.3192820016963773,40.91219527258994
629,1327,0.996,0.909,0.0011702920095401081,0.3011027947988023,13,35,4,1,15,17,1,4,1.3484424348113642,42.38515925361078
629,1328,0.993,0.955,0.0010377575968499864,0.301954299633413,13,35,4,1,16,17,1,4,1.3777060644419041,43.88246226080229
629,1329,0.998,0.8,0.0019369739390984186,0.2963728211710416,13,35,4,1,10,18,1,4,1.2790637200702708,38.71577480968507
629,1330,0.998,0.792,0.0021218945095515807,0.29717389844827913,13,35,4,1,11,18,1,4,1.2740753509898854,38.43506499089726
629,1331,0.997,0.783,0.0023596279042472634,0.29846236551324423,13,35,4,1,12,18,1,4,1.2677136900735908,38.1445342435261
629,1332,0.996,0.773,0.0026393226822868376,0.30043828586984345,13,35,4,1,13,18,1,4,1.2607715891469002,37.8151967724363
629,1333,0.995,0.818,0.0029530227328560255,0.3030564368970007,13,35,4,1,14,18,1,4,1.2880795782869938,39.42398456437962
629,1334,0.993,0.864,0.003307031847727071,0.3062464767550207,13,35,4,1,15,18,1,4,1.316261752084288,41.02622465010964
629,1335,0.989,0.91,0.003483836814072827,0.30877446294774813,13,35,4,1,16,18,1,4,1.3439572165809446,42.61782088776455
629,1336,0.983,0.955,0.002817333375126463,0.30842752169163445,13,35,4,1,17,18,1,4,1.370515961235038,44.17225479169973
629,1337,0.997,0.76,0.004301151789503965,0.2993820526367731,13,35,4,1,10,19,1,4,1.253638305094416,37.31779745546713
629,1338,0.996,0.75,0.0047118173080477055,0.3006178489749707,13,35,4,1,11,19,1,4,1.2468023099112384,36.98018774930181
629,1339,0.995,0.739,0.005234801302977488,0.30247785577869535,13,35,4,1,12,19,1,4,1.239413571008483,36.60177347659559
629,1340,0.993,0.728,0.005850499233307049,0.305113987212586,13,35,4,1,13,19,1,4,1.231272918568422,36.24633272336121
629,1341,0.991,0.773,0.006540199567583338,0.3084881936431222,13,35,4,1,14,19,1,4,1.2568253657529354,37.954949795286474
629,1342,0.988,0.819,0.0073364957514937545,0.3126751011822424,13,35,4,1,15,19,1,4,1.2833179652759483,39.65694424142484
629,1343,0.983,0.864,0.007989850571553658,0.31662738207594876,13,35,4,1,16,19,1,4,1.3087341212026222,41.31359668850904
629,1344,0.976,0.91,0.00782248033764188,0.31880106724970736,13,35,4,1,17,19,1,4,1.3344197240748505,42.99576939148192
629,1345,0.966,0.955,0.005584709069664129,0.31590380416198527,13,35,4,1,18,19,1,4,1.3583743961073471,44.67191739392047
629,1346,0.994,0.72,0.008005719939291334,0.3034462381732571,13,35,4,1,10,20,1,4,1.227369545002645,35.91754574051073
629,1347,0.993,0.708,0.008659270552799025,0.30514128658233086,13,35,4,1,11,20,1,4,1.2195544268297336,35.488525004907714
629,1348,0.991,0.696,0.009458836282200123,0.30756890761188826,13,35,4,1,12,20,1,4,1.2109900907934796,35.08116928970661
629,1349,0.989,0.682,0.010372229252357479,0.31083244475971616,13,35,4,1,13,20,1,4,1.201351322469826,34.58958101144036
629,1350,0.986,0.727,0.011411079247443223,0.31490829383397256,13,35,4,1,14,20,1,4,1.2250408156465644,36.40218738580551
629,1351,0.982,0.773,0.012685454220942916,0.31993713152577674,13,35,4,1,15,20,1,4,1.2497411732034758,38.208726083196865
629,1352,0.976,0.819,0.013977484975296606,0.32491208250885284,13,35,4,1,16,20,1,4,1.2741024291633698,40.0013352288222
629,1353,0.967,0.864,0.014694538427884596,0.328416559007244,13,35,4,1,17,20,1,4,1.2967594225607153,41.78031014461035
629,1354,0.955,0.909,0.013663345281464734,0.32841034844934824,13,35,4,1,18,20,1,4,1.3184483304248218,43.5863352913317
629,1355,0.94,0.955,0.009481555992345125,0.32303645672383796,13,35,4,1,19,20,1,4,1.3400093283257397,45.453519125957975
629,1356,0.991,0.68,0.012715827788523981,0.3085379270571684,13,35,4,1,10,21,1,4,1.2018656330888242,34.456962692631464
629,1357,0.989,0.667,0.013690218327168213,0.3106997099273643,13,35,4,1,11,21,1,4,1.1928998281498746,33.996459148250494
629,1358,0.987,0.652,0.014918139700815902,0.3136846649745616,13,35,4,1,12,21,1,4,1.182908703155066,33.44825793440478
629,1359,0.984,0.637,0.01639095856720263,0.3175600860507166,13,35,4,1,13,21,1,4,1.1721881248332113,32.917312815270506
629,1360,0.98,0.682,0.01816574771681556,0.3223300092066814,13,35,4,1,14,21,1,4,1.1939530979062787,34.83476581226566
629,1361,0.974,0.727,0.020446398913437247,0.3281956211565106,13,35,4,1,15,21,1,4,1.21540322527135,36.73790167840824
629,1362,0.966,0.773,0.023009851521178404,0.3342349561001424,13,35,4,1,16,21,1,4,1.2372085515385027,38.6670407432606
629,1363,0.956,0.818,0.025371161399891817,0.3393246455939969,13,35,4,1,17,21,1,4,1.2581971228706572,40.55190174386677
629,1364,0.942,0.864,0.02654185043876034,0.3423235923115332,13,35,4,1,18,21,1,4,1.2782253322478005,42.52696835191235
629,1365,0.925,0.909,0.02480668829580146,0.34202340647706664,13,35,4,1,19,21,1,4,1.296883186721148,44.50015855191332
629,1366,0.905,0.955,0.017894914585218857,0.33581043140262046,13,35,4,1,20,21,1,4,1.3156937333589456,46.53983828862361
629,1367,0.987,0.64,0.019114841038817665,0.3148601833516024,13,35,4,1,10,22,1,4,1.1763371115458356,32.96056860917212
629,1368,0.984,0.625,0.020665517507902464,0.3175276890587869,13,35,4,1,11,22,1,4,1.165710512949077,32.42218610938692
629,1369,0.981,0.609,0.0226370234749107,0.321115704372795,13,35,4,1,12,22,1,4,1.154660989208521,31.83180798181906
629,1370,0.977,0.591,0.025019567379728436,0.3256741721739729,13,35,4,1,13,22,1,4,1.1418449982375016,31.170288937068825
629,1371,0.972,0.637,0.027918755203421797,0.3312541118837876,13,35,4,1,14,22,1,4,1.1621329528070357,33.23882131334668
629,1372,0.965,0.682,0.03174547033042152,0.3381462285537513,13,35,4,1,15,22,1,4,1.1816721203447258,35.25021490590902
629,1373,0.956,0.728,0.03634643269060078,0.3455538014210199,13,35,4,1,16,22,1,4,1.2016322232696657,37.28949971454917
629,1374,0.944,0.773,0.041032458626059753,0.35263256583743485,13,35,4,1,17,22,1,4,1.2201086017236333,39.31253531154062
629,1375,0.928,0.818,0.04466028395338262,0.35857158779603127,13,35,4,1,18,22,1,4,1.237056183041013,41.39506472481876
629,1376,0.909,0.864,0.045744438180608804,0.36180707648935484,13,35,4,1,19,22,1,4,1.2541040626678472,43.54610453489112
629,1377,0.887,0.91,0.04312021422597512,0.36085313507125893,13,35,4,1,20,22,1,4,1.270774960408018,45.73329492280161
629,1378,0.861,0.955,0.030543754563573167,0.3503011301207142,13,35,4,1,21,22,1,4,1.2858250269768434,47.96310622334037
629,1379,0.981,0.6,0.027848836857209958,0.32269928030475326,13,35,4,1,10,23,1,4,1.149939563629324,31.450823014127717
629,1380,0.978,0.583,0.030181540776698212,0.325943375438732,13,35,4,1,11,23,1,4,1.13858376942586,30.79978351825997
629,1381,0.974,0.565,0.03315243911427379,0.3302255018860475,13,35,4,1,12,23,1,4,1.1260111011886162,30.117254440338876
629,1382,0.969,0.546,0.036802174623780326,0.3355940165003072,13,35,4,1,13,23,1,4,1.1122396324533665,29.39984564476416
629,1383,0.963,0.591,0.04127568962072958,0.3421613685489644,13,35,4,1,14,23,1,4,1.1298893751159889,31.537738764184468
629,1384,0.954,0.636,0.04698457891578234,0.3503269235978619,13,35,4,1,15,23,1,4,1.1465653055975487,33.69006752597979
629,1385,0.944,0.682,0.05383471922216776,0.3594108538054388,13,35,4,1,16,23,1,4,1.164585763265205,35.84651609590659
629,1386,0.93,0.727,0.061733568956551466,0.3687443824944898,13,35,4,1,17,23,1,4,1.1804359364234893,38.01546637158311
629,1387,0.912,0.773,0.06973936265336311,0.37750589197452766,13,35,4,1,18,23,1,4,1.1955220616952245,40.28420093540202
629,1388,0.891,0.818,0.07479468007863976,0.38378376055443997,13,35,4,1,19,23,1,4,1.209547436027211,42.5540954541531
629,1389,0.866,0.864,0.07577337473396539,0.3869184639597911,13,35,4,1,20,23,1,4,1.223295548916941,44.933762134118034
629,1390,0.839,0.909,0.06781606168140031,0.38261033264112,13,35,4,1,21,23,1,4,1.2370133386508004,47.29322808145385
629,1391,0.809,0.955,0.04407029837961607,0.3639593377919337,13,35,4,1,22,23,1,4,1.251601374240217,49.73138358424638
629,1392,0.975,0.56,0.03918236859183,0.3321270178896528,13,35,4,1,10,24,1,4,1.124377605611211,29.871292078071868
629,1393,0.971,0.542,0.042534995188159064,0.3360119435589908,13,35,4,1,11,24,1,4,1.1120274277192987,29.169705955662515
629,1394,0.966,0.522,0.046752218020155945,0.3410668948366169,13,35,4,1,12,24,1,4,1.0980163933202456,28.385575510873615
629,1395,0.96,0.5,0.051827878596766075,0.3473465154929606,13,35,4,1,13,24,1,4,1.0824047302187847,27.512002623851455
629,1396,0.952,0.546,0.05801693670869179,0.3550256204694141,13,35,4,1,14,24,1,4,1.0974607054468966,29.835539100261556
629,1397,0.942,0.591,0.06614478265898938,0.3645998606896711,13,35,4,1,15,24,1,4,1.1120454127417638,32.10368870986851
629,1398,0.93,0.637,0.07630888865647001,0.3754521443043164,13,35,4,1,16,24,1,4,1.1272395486319666,34.409046703397294
629,1399,0.914,0.682,0.0878559327634344,0.38694218481345555,13,35,4,1,17,24,1,4,1.140403437385209,36.7292208129231
629,1400,0.895,0.727,0.09905207320439713,0.398008173540672,13,35,4,1,18,24,1,4,1.1530628777304384,39.08662791834314
629,1401,0.872,0.773,0.1074865113654756,0.40643992656333316,13,35,4,1,19,24,1,4,1.1652952415589792,41.55595815459751
629,1402,0.845,0.819,0.11194693878248851,0.41186733375660645,13,35,4,1,20,24,1,4,1.176769306193869,44.10482628978893
629,1403,0.815,0.864,0.10643405696589103,0.41039016389044936,13,35,4,1,21,24,1,4,1.1877377656705204,46.67164773575196
629,1404,0.783,0.909,0.0853875762509505,0.3971168241571572,13,35,4,1,22,24,1,4,1.1997374712827802,49.258846122170354
629,1405,0.751,0.955,0.04634796229426219,0.36671227744182955,13,35,4,1,23,24,1,4,1.214918104235837,51.818934385962656
629,1406,0.967,0.52,0.053019570470583255,0.34273538331849085,13,35,4,1,10,25,1,4,1.0979476308094116,28.268946379624413
629,1407,0.962,0.5,0.05743000554369604,0.3472657660107601,13,35,4,1,11,25,1,4,1.084178952018531,27.46317877283496
629,1408,0.957,0.478,0.06293046039679806,0.35309013144504775,13,35,4,1,12,25,1,4,1.0697350139169979,26.541098093392733
629,1409,0.949,0.455,0.06966273586376259,0.3602678911522722,13,35,4,1,13,25,1,4,1.0524381216964729,25.615484320642167
629,1410,0.94,0.5,0.07801676235321797,0.36901994575782504,13,35,4,1,14,25,1,4,1.0647065323364933,28.009176708013836
629,1411,0.929,0.546,0.08883864226411642,0.37989130454561126,13,35,4,1,15,25,1,4,1.077569951325667,30.443977789433248
629,1412,0.915,0.591,0.10165448902791885,0.3922494338066286,13,35,4,1,16,25,1,4,1.0892685619258458,32.858483592090515
629,1413,0.897,0.637,0.11582658572875915,0.4053445980349827,13,35,4,1,17,25,1,4,1.1001718047650557,35.38027220030115
629,1414,0.876,0.682,0.12966448124484053,0.41777623955611876,13,35,4,1,18,25,1,4,1.1101801655587258,37.90214233740976
629,1415,0.851,0.727,0.13969906369859797,0.42719162194062066,13,35,4,1,19,25,1,4,1.119254215984912,40.506903001383286
629,1416,0.822,0.773,0.14509854875210715,0.43334113855900036,13,35,4,1,20,25,1,4,1.128367404704691,43.24036960672836
629,1417,0.791,0.818,0.14086971579440377,0.4325696385594686,13,35,4,1,21,25,1,4,1.1378949863673713,45.96136784755241
629,1418,0.757,0.864,0.11972079947840042,0.4206534962428643,13,35,4,1,22,25,1,4,1.1487144989073657,48.77653768168
629,1419,0.723,0.91,0.07920564804632779,0.3941231263262618,13,35,4,1,23,25,1,4,1.1622516939114351,51.53266542229849
629,1420,0.69,0.955,0.03556718071066367,0.35626128659777423,13,35,4,1,24,25,1,4,1.1781871667948178,54.151396017660666
629,1421,0.959,0.48,0.06866513384209383,0.3538714976718911,13,35,4,1,10,26,1,4,1.0724182952561,26.588944328117115
629,1422,0.953,0.458,0.07421010715935006,0.35898593895668385,13,35,4,1,11,26,1,4,1.0573424232480222,25.66836303764131
629,1423,0.946,0.435,0.08116135590765805,0.36549108304053457,13,35,4,1,12,26,1,4,1.0412209179612173,24.69443151503897
629,1424,0.937,0.409,0.08961098837874792,0.37344467155765293,13,35,4,1,13,26,1,4,1.0223746866975922,23.581243511082004
629,1425,0.927,0.454,0.09987076500207492,0.38308962121209744,13,35,4,1,14,26,1,4,1.0322039527147724,26.09338947000082
629,1426,0.914,0.5,0.11251805889308253,0.3949656316940985,13,35,4,1,15,26,1,4,1.0418234015417391,28.68068580455453
629,1427,0.898,0.546,0.12726780970953233,0.40836628839940836,13,35,4,1,16,26,1,4,1.0509614645647098,31.300346664972217
629,1428,0.879,0.591,0.1432030805298279,0.42236855621063696,13,35,4,1,17,26,1,4,1.0592081948323475,33.91510870775765
629,1429,0.856,0.636,0.15768168838197194,0.4352823215686338,13,35,4,1,18,26,1,4,1.0664108026459598,36.612003905808784
629,1430,0.829,0.682,0.16792406663276693,0.4448093346321871,13,35,4,1,19,26,1,4,1.07348265006939,39.443376929046515
629,1431,0.798,0.727,0.17327348003697018,0.45080153180313554,13,35,4,1,20,26,1,4,1.0795059054956577,42.33438366507822
629,1432,0.765,0.773,0.16762535811982304,0.4498637146275789,13,35,4,1,21,26,1,4,1.0875449416001162,45.298024773916865
629,1433,0.73,0.818,0.14572075538079587,0.4382551269799738,13,35,4,1,22,26,1,4,1.0963685511724603,48.25362258272929
629,1434,0.694,0.864,0.10815109338475726,0.4140180644823671,13,35,4,1,23,26,1,4,1.1082111712124183,51.22715061394723
629,1435,0.661,0.909,0.06796594822563984,0.38415676329930293,13,35,4,1,24,26,1,4,1.1239225951995093,53.976374621662366
629,1436,0.631,0.955,0.03789937106184593,0.35811738566936313,13,35,4,1,25,26,1,4,1.14463356581921,56.54594476931871
629,1437,0.949,0.44,0.08553999915249233,0.3651472966732603,13,35,4,1,10,27,1,4,1.0460406301860363,24.874605666705992
629,1438,0.942,0.416,0.09218708946114329,0.370767020527344,13,35,4,1,11,27,1,4,1.0297669639292182,23.826904657722825
629,1439,0.934,0.391,0.10041238126451746,0.3778470126231259,13,35,4,1,12,27,1,4,1.0125398757579873,22.715626246800806
629,1440,0.924,0.364,0.1101304912580392,0.3864388051935781,13,35,4,1,13,27,1,4,0.9931122796542192,21.501434324047903
629,1441,0.912,0.409,0.1216209101967084,0.3967899210294641,13,35,4,1,14,27,1,4,0.9995123811139109,24.154560656949258
629,1442,0.898,0.454,0.13560637391673025,0.40940265994221703,13,35,4,1,15,27,1,4,1.006240527905729,26.819697409350844
629,1443,0.88,0.5,0.15151961832072947,0.4234824437859729,13,35,4,1,16,27,1,4,1.0121264743103997,29.60445074600491
629,1444,0.859,0.546,0.16778008846990633,0.43795063448167515,13,35,4,1,17,27,1,4,1.0178393782910937,32.44097072356673
629,1445,0.835,0.591,0.18211217602180352,0.45095214605376355,13,35,4,1,18,27,1,4,1.0229887584915094,35.29026573642044
629,1446,0.806,0.636,0.19198155387722016,0.46038145177685064,13,35,4,1,19,27,1,4,1.0267093064738433,38.27633142792343
629,1447,0.774,0.682,0.19637052495652918,0.4662348148205395,13,35,4,1,20,27,1,4,1.0316006979447039,41.38446892886803
629,1448,0.738,0.727,0.19087554940689733,0.4654620376255102,13,35,4,1,21,27,1,4,1.0359406353647878,44.569800866288894
629,1449,0.702,0.773,0.17192229628276268,0.45491335948713985,13,35,4,1,22,27,1,4,1.0441901167890835,47.75583919048708
629,1450,0.665,0.818,0.1395841899241026,0.4339310526598458,13,35,4,1,23,27,1,4,1.054205387958153,50.890323018323734
629,1451,0.631,0.864,0.10595365413152402,0.4102536339541266,13,35,4,1,24,27,1,4,1.0698864425722947,53.858444687583805
629,1452,0.6,0.909,0.07957041290642175,0.3926013123936969,13,35,4,1,25,27,1,4,1.0891652767142368,56.57255452868482
629,1453,0.577,0.955,0.04584362611662418,0.36617041140155704,13,35,4,1,26,27,1,4,1.1157750669377766,58.860111900043385
629,1454,0.938,0.4,0.10291297304013869,0.3764125992951677,13,35,4,1,10,28,1,4,1.0197274145574395,23.095301813642656
629,1455,0.93,0.375,0.11043490109248,0.3824702858717959,13,35,4,1,11,28,1,4,1.0027586948014962,21.960564020096466
629,1456,0.921,0.348,0.11949062092970131,0.39003899496747785,13,35,4,1,12,28,1,4,0.9845531981564023,20.69908003535146
629,1457,0.91,0.318,0.13006994826279905,0.39916294401983166,13,35,4,1,13,28,1,4,0.9639626548782894,19.261995805531868
629,1458,0.897,0.364,0.1424822434026065,0.4100860761673142,13,35,4,1,14,28,1,4,0.9680418379388362,22.087171603228345
629,1459,0.881,0.409,0.15728364037301545,0.4232636991689943,13,35,4,1,15,28,1,4,0.9713094254664679,24.902857993371427
629,1460,0.862,0.455,0.17346092298102767,0.43782583201047043,13,35,4,1,16,28,1,4,0.9747148300913452,27.826984494718495
629,1461,0.839,0.5,0.18961910746436883,0.4525858092371342,13,35,4,1,17,28,1,4,0.9766887938335321,30.79272486242361
629,1462,0.812,0.546,0.2036642803087757,0.46563004147515075,13,35,4,1,18,28,1,4,0.978498850280367,33.91743053697035
629,1463,0.782,0.591,0.2130076347334916,0.47509311579507574,13,35,4,1,19,28,1,4,0.9802066108734423,37.08032804660727
629,1464,0.748,0.637,0.21781255282656442,0.48112971372828084,13,35,4,1,20,28,1,4,0.9824830787346925,40.417857691067674
629,1465,0.711,0.682,0.21502460417239533,0.48102863033272847,13,35,4,1,21,28,1,4,0.9852131749017571,43.807367104795404
629,1466,0.673,0.727,0.20069761063022262,0.47212723837971515,13,35,4,1,22,28,1,4,0.9906856211735385,47.208885074508785
629,1467,0.636,0.773,0.17420010485064585,0.4543872020868356,13,35,4,1,23,28,1,4,1.0010119879402044,50.55353052388715
629,1468,0.601,0.819,0.14316950931050154,0.4347658389656822,13,35,4,1,24,28,1,4,1.015855304657115,53.72796927644572
629,1469,0.57,0.864,0.12034018944691693,0.4206395057736082,13,35,4,1,25,28,1,4,1.035082605399202,56.586276534628496
629,1470,0.547,0.91,0.09108696298633845,0.40125950730928295,13,35,4,1,26,28,1,4,1.0617480868831364,58.98997003305658
629,1471,0.532,0.955,0.051489789981680856,0.37084027655661067,13,35,4,1,27,28,1,4,1.0931829673023634,60.87921688693511
629,1472,0.926,0.36,0.12008171413245294,0.38764478295571214,13,35,4,1,10,29,1,4,0.9935169852599401,21.244533464262112
629,1473,0.917,0.333,0.12817073880733054,0.3940933729958733,13,35,4,1,11,29,1,4,0.9755911028704598,19.95801860883782
629,1474,0.907,0.304,0.1378501232907241,0.402093817162712,13,35,4,1,12,29,1,4,0.9565902989263481,18.52965250446711
629,1475,0.894,0.273,0.14908742989551227,0.4116844376106701,13,35,4,1,13,29,1,4,0.9347539783279877,16.98105335781313
629,1476,0.88,0.318,0.16210258014002854,0.4231040415683338,13,35,4,1,14,29,1,4,0.9356943945541194,19.868012890248096
629,1477,0.862,0.363,0.1771800231849483,0.4367646425160773,13,35,4,1,15,29,1,4,0.9353143856479489,22.83662564246799
629,1478,0.842,0.409,0.19336001718311002,0.4517421847884022,13,35,4,1,16,29,1,4,0.9360795906331897,25.90808106542051
629,1479,0.817,0.454,0.20948354276177683,0.46678749799380514,13,35,4,1,17,29,1,4,0.9346683903930848,29.06055814452107
629,1480,0.789,0.5,0.22324904382436972,0.47999447068298506,13,35,4,1,18,29,1,4,0.9340883255881106,32.36298953510568
629,1481,0.757,0.545,0.2329877149344517,0.48973199652846644,13,35,4,1,19,29,1,4,0.9327775726291879,35.75189331744389
629,1482,0.721,0.591,0.2399981300298185,0.4963084749835456,13,35,4,1,20,29,1,4,0.932267129099809,39.34129736560801
629,1483,0.683,0.636,0.2406836714569177,0.49730559736420776,13,35,4,1,21,29,1,4,0.9332657713641919,42.95923975303825
629,1484,0.644,0.682,0.23152870913989865,0.49039760434207436,13,35,4,1,22,29,1,4,0.9380085287458745,46.641511228610476
629,1485,0.606,0.727,0.2086695115196905,0.47568959976417013,13,35,4,1,23,29,1,4,0.9464486251244701,50.18667785535879
629,1486,0.57,0.773,0.18188752799082641,0.459239011493247,13,35,4,1,24,29,1,4,0.9604316737800769,53.59542644255417
629,1487,0.54,0.818,0.16286533621549693,0.44820079417593395,13,35,4,1,25,29,1,4,0.9801652921829052,56.56933434403309
629,1488,0.517,0.864,0.140977083356142,0.4339120734549917,13,35,4,1,26,29,1,4,1.0068689090442708,59.104557258854804
629,1489,0.503,0.909,0.11069108849403164,0.4138085902634354,13,35,4,1,27,29,1,4,1.0388888294711807,61.04181727878815
629,1490,0.5,0.955,0.06877442688531676,0.38523310552129963,13,35,4,1,28,29,1,4,1.0779726341609976,62.36523492363795
629,1491,0.913,0.32,0.13664147331960852,0.39894551163570724,13,35,4,1,10,30,1,4,0.9674549085099523,19.315200462236916
629,1492,0.903,0.291,0.14519569539253807,0.40576409513198985,13,35,4,1,11,30,1,4,0.9487307310296216,17.862010125238523
629,1493,0.891,0.261,0.15536550081715939,0.41417418911932036,13,35,4,1,12,30,1,4,0.9284406281502334,16.326853510565012
629,1494,0.878,0.227,0.16705985123083,0.42421143458511223,13,35,4,1,13,30,1,4,0.9068698914397809,14.495948335923654
629,1495,0.862,0.273,0.18037175460372068,0.4361126024843631,13,35,4,1,14,30,1,4,0.9041974341923339,17.573272442001393
629,1496,0.843,0.318,0.19554245554729854,0.4502577343993118,13,35,4,1,15,30,1,4,0.900984461575226,20.667689231661036
629,1497,0.821,0.364,0.21184910663673484,0.4656906471725929,13,35,4,1,16,30,1,4,0.8980740503989634,23.910666915661892
629,1498,0.795,0.409,0.22798712917993902,0.48113563455003083,13,35,4,1,17,30,1,4,0.8940391490309583,27.224253169142447
629,1499,0.765,0.454,0.24206482188543554,0.4947300910725222,13,35,4,1,18,30,1,4,0.8895734933101368,30.687607814796333
629,1500,0.731,0.5,0.2534233231983076,0.5050526562092188,13,35,4,1,19,30,1,4,0.8856415753565321,34.37191432817569
629,1501,0.694,0.546,0.2631143600862663,0.5125663669733131,13,35,4,1,20,30,1,4,0.8830356731185892,38.193669642824176
629,1502,0.655,0.591,0.26802226113457706,0.515107762877419,13,35,4,1,21,30,1,4,0.8822165267098548,42.05962265970055
629,1503,0.615,0.636,0.26316682983703665,0.5105774355759836,13,35,4,1,22,30,1,4,0.8847152084145496,45.96170932985876
629,1504,0.576,0.682,0.24552878477245577,0.4989671430854209,13,35,4,1,23,30,1,4,0.8926925562588723,49.81640716148095
629,1505,0.54,0.727,0.2242471680485847,0.4855888464990873,13,35,4,1,24,30,1,4,0.9056097393469219,53.39582734160114
629,1506,0.51,0.773,0.21295037169279074,0.4776385044773108,13,35,4,1,25,30,1,4,0.9260826097060672,56.58448337419314
629,1507,0.487,0.818,0.19739292075585924,0.4672439635578741,13,35,4,1,26,30,1,4,0.9519942226715453,59.2323550801582
629,1508,0.475,0.864,0.1707711279209131,0.4516016303077617,13,35,4,1,27,30,1,4,0.9859619668121078,61.19938991024352
629,1509,0.473,0.909,0.13152961556236542,0.42899110467401,13,35,4,1,28,30,1,4,1.0246999560847068,62.50969366899281
629,1510,0.483,0.955,0.06998983816292093,0.38583889137896465,13,35,4,1,29,30,1,4,1.0701934404583127,63.1715768481584
629,1511,0.9,0.28,0.15255113530832376,0.41040283643860986,13,35,4,1,10,31,1,4,0.9425497334358544,17.281498371816646
629,1512,0.888,0.25,0.16148870946586358,0.4175889055681211,13,35,4,1,11,31,1,4,0.9225204604777067,15.723584878702907
629,1513,0.875,0.217,0.17202539100996483,0.4264100970070678,13,35,4,1,12,31,1,4,0.9015065168926956,13.92834193915369
629,1514,0.86,0.182,0.1840040637527547,0.43690314000042585,13,35,4,1,13,31,1,4,0.8790472114738775,11.949082439024057
629,1515,0.843,0.227,0.19748600048810816,0.4493076624409956,13,35,4,1,14,31,1,4,0.8730280636955493,15.070925551736162
629,1516,0.822,0.273,0.21286867122619335,0.46398470076098985,13,35,4,1,15,31,1,4,0.8661483706617475,18.37219333924045
629,1517,0.799,0.318,0.2294240139964704,0.47996365086201853,13,35,4,1,16,31,1,4,0.8599563942433361,21.702431775241752
629,1518,0.771,0.364,0.2458846295672381,0.49596627642799096,13,35,4,1,17,31,1,4,0.8526060051395369,25.27265838514959
629,1519,0.74,0.409,0.26105937235778287,0.5101885589871635,13,35,4,1,18,31,1,4,0.8455063571611984,28.929547455535086
629,1520,0.705,0.454,0.27467812427239224,0.5213888779885821,13,35,4,1,19,31,1,4,0.8385350320648506,32.78038630679733
629,1521,0.667,0.5,0.2876014042628562,0.5301812776213848,13,35,4,1,20,31,1,4,0.8336000239923221,36.85615105793286
629,1522,0.626,0.546,0.2968205246538944,0.5346057901307721,13,35,4,1,21,31,1,4,0.8306575708437263,41.095082556305634
629,1523,0.585,0.591,0.2966412005361083,0.5326539929053948,13,35,4,1,22,31,1,4,0.8315683976679248,45.292322869228556
629,1524,0.546,0.637,0.2852735419537602,0.5239647483790649,13,35,4,1,23,31,1,4,0.8389785456136528,49.39870535499553
629,1525,0.509,0.682,0.27122854452295075,0.5131860406557978,13,35,4,1,24,31,1,4,0.8510023501730181,53.26475728723619
629,1526,0.479,0.727,0.264484214697452,0.5075784261421621,13,35,4,1,25,31,1,4,0.8706147253521502,56.62022834183526
629,1527,0.458,0.773,0.2510505659675125,0.4993789234767787,13,35,4,1,26,31,1,4,0.8984948525172529,59.35339571750418
629,1528,0.447,0.818,0.22633242713760393,0.4857978476701966,13,35,4,1,27,31,1,4,0.9321657577920356,61.34539119759979
629,1529,0.447,0.864,0.19455580955537932,0.4669646265190338,13,35,4,1,28,31,1,4,0.9727820927628139,62.64471232049282
629,1530,0.458,0.91,0.14164919175779256,0.4344910576772162,13,35,4,1,29,31,1,4,1.0187561042761903,63.284038426909106
629,1531,0.477,0.955,0.08300221334063007,0.3956141567245244,13,35,4,1,30,31,1,4,1.0674989461353113,63.4589520806351
629,1532,0.885,0.24,0.16784221318001025,0.42214780057059165,13,35,4,1,10,32,1,4,0.9169651029346755,15.172915345525261
629,1533,0.872,0.208,0.1770899947857958,0.4297169392021859,13,35,4,1,11,32,1,4,0.8964641654857153,13.416183481840903
629,1534,0.858,0.174,0.1878977648885345,0.4389731882491805,13,35,4,1,12,32,1,4,0.875465590414609,11.463953015692551
629,1535,0.842,0.136,0.20008043505142947,0.44995852141050474,13,35,4,1,13,32,1,4,0.8529126567240047,9.175183080048017
629,1536,0.823,0.182,0.21382322165401235,0.4629215566088012,13,35,4,1,14,32,1,4,0.8428837405004322,12.469823527684724
629,1537,0.801,0.227,0.22955318389050283,0.4782180252260724,13,35,4,1,15,32,1,4,0.832544293115988,15.822504630262674
629,1538,0.776,0.273,0.2464827402392048,0.49487713139679457,13,35,4,1,16,32,1,4,0.8226208117960547,19.382082272571882
629,1539,0.747,0.318,0.26374604271764424,0.5116343889333295,13,35,4,1,17,32,1,4,0.8118700634953847,23.05959083604378
629,1540,0.714,0.364,0.28074745915736976,0.5267489858585713,13,35,4,1,18,32,1,4,0.8014312197562558,27.012665347938544
629,1541,0.678,0.409,0.2968695260825651,0.5391318061903542,13,35,4,1,19,32,1,4,0.7918112148738485,31.100263437454593
629,1542,0.638,0.455,0.31340563820616885,0.5495487977429189,13,35,4,1,20,32,1,4,0.7836255483328756,35.49517981763397
629,1543,0.597,0.5,0.3268063029448681,0.5561956879389857,13,35,4,1,21,32,1,4,0.7787226720726705,39.94687904197982
629,1544,0.555,0.546,0.3323112401810542,0.5570312621264195,13,35,4,1,22,32,1,4,0.7785505763917975,44.531652560887515
629,1545,0.515,0.591,0.3278786525542643,0.5511732491347305,13,35,4,1,23,32,1,4,0.7839043308975912,48.93096273785998
629,1546,0.479,0.637,0.31903589327802606,0.5427429970213223,13,35,4,1,24,32,1,4,0.7970006273523252,53.058213082579464
629,1547,0.449,0.682,0.31511547372289495,0.5391960985861641,13,35,4,1,25,32,1,4,0.8165323018717632,56.64078078442328
629,1548,0.429,0.728,0.30486928300886906,0.5328564592380368,13,35,4,1,26,32,1,4,0.845,59.48976259388444
629,1549,0.419,0.773,0.28654665618259967,0.5214299129963793,13,35,4,1,27,32,1,4,0.8792553667734988,61.54035941075406
629,1550,0.421,0.819,0.2616355546177618,0.5061504374769666,13,35,4,1,28,32,1,4,0.9208702405876736,62.79495459206218
629,1551,0.434,0.864,0.2167844337967718,0.47934038204615126,13,35,4,1,29,32,1,4,0.9668774482839073,63.32894380138922
629,1552,0.455,0.91,0.1670387427698664,0.45001849204170297,13,35,4,1,30,32,1,4,1.0174109297624043,63.43494882292201
629,1553,0.478,0.955,0.09422578040613849,0.4040964087972646,13,35,4,1,31,32,1,4,1.067946159691583,63.41095561682321
629,1554,0.869,0.2,0.182579803140129,0.4343003046267765,13,35,4,1,10,33,1,4,0.8917180047526235,12.960904897295283
629,1555,0.855,0.166,0.19208767936986793,0.4422818815644507,13,35,4,1,11,33,1,4,0.8709655561501843,10.987397153735236
629,1556,0.84,0.13,0.20311667249346754,0.45201385816796236,13,35,4,1,12,33,1,4,0.85,8.797410709991064
629,1557,0.822,0.091,0.21556593151864534,0.46354773660380755,13,35,4,1,13,33,1,4,0.8270217651307612,6.317239772436151
629,1558,0.802,0.136,0.22968922721918617,0.4771478127685167,13,35,4,1,14,33,1,4,0.8134494452638099,9.624435945422517
629,1559,0.779,0.182,0.24588467478780196,0.4931779413091597,13,35,4,1,15,33,1,4,0.7999781247009197,13.150296874072238
629,1560,0.752,0.227,0.26347161671257546,0.5106784238464431,13,35,4,1,16,33,1,4,0.7855144810886684,16.797054273498475
629,1561,0.722,0.273,0.282023306365901,0.5284094996704216,13,35,4,1,17,33,1,4,0.7718892407593203,20.712424517592044
629,1562,0.688,0.318,0.30118823249581517,0.5446925977662226,13,35,4,1,18,33,1,4,0.7579366728164035,24.806819028290903
629,1563,0.65,0.363,0.32016123311660416,0.5585679496333904,13,35,4,1,19,33,1,4,0.7444924445553494,29.18167867894115
629,1564,0.61,0.409,0.3404555188739987,0.5709559493456546,13,35,4,1,20,33,1,4,0.7344256259145646,33.84152882596211
629,1565,0.568,0.454,0.3582853617421382,0.5801573221210929,13,35,4,1,21,33,1,4,0.727145102438296,38.635196666465916
629,1566,0.525,0.5,0.36990861608812453,0.5839686588221242,13,35,4,1,22,33,1,4,0.725,43.60281897270362
629,1567,0.485,0.546,0.3723998323078004,0.5808408933800032,13,35,4,1,23,33,1,4,0.7303019923292008,48.3860066415821
629,1568,0.448,0.591,0.3673260694893782,0.574510306771668,13,35,4,1,24,33,1,4,0.7416097356426761,52.836518135354495
629,1569,0.419,0.636,0.36696263164068044,0.5727637845747913,13,35,4,1,25,33,1,4,0.761614732000373,56.622907035076594
629,1570,0.4,0.682,0.36262300536403924,0.5679276865925811,13,35,4,1,26,33,1,4,0.7906478356385984,59.60793943105627
629,1571,0.392,0.727,0.3500261000933508,0.5581153013031276,13,35,4,1,27,33,1,4,0.8259497563411469,61.666356131284076
629,1572,0.396,0.773,0.3317660181969321,0.5447011595710929,13,35,4,1,28,33,1,4,0.8685303679204315,62.87440037903469
629,1573,0.41,0.819,0.2899984854728891,0.519570941920876,13,35,4,1,29,33,1,4,0.915893552766914,63.406972370305006
629,1574,0.432,0.864,0.239199699139936,0.49171531781539324,13,35,4,1,30,33,1,4,0.9659813662799092,63.43494882292201
629,1575,0.456,0.909,0.16515130606377826,0.4500544410923303,13,35,4,1,31,33,1,4,1.0169646011538453,63.35936076715292
629,1576,0.491,0.955,0.07854957163658494,0.3924542008619589,13,35,4,1,32,33,1,4,1.0738277329255377,62.790666922597616
629,1577,0.852,0.16,0.19685703809050514,0.44690438642175523,13,35,4,1,10,34,1,4,0.8668933037000573,10.63589557603571
629,1578,0.838,0.125,0.206598569002013,0.45533297012799434,13,35,4,1,11,34,1,4,0.8472715031204578,8.483952611133319
629,1579,0.821,0.087,0.21789169808245124,0.46558709314994584,13,35,4,1,12,34,1,4,0.8255967538695873,6.048963699995475
629,1580,0.802,0.045,0.2307128190086235,0.47773177321561333,13,35,4,1,13,34,1,4,0.8032614767309585,3.2114830574703195
629,1581,0.781,0.091,0.24532699518019185,0.4920532806854294,13,35,4,1,14,34,1,4,0.7862836638262302,6.645980924194948
629,1582,0.756,0.136,0.2621113562487416,0.5089353853851655,13,35,4,1,15,34,1,4,0.7681354047301817,10.1981008456234
629,1583,0.728,0.182,0.2806721145212109,0.5274378950303431,13,35,4,1,16,34,1,4,0.7504052238624143,14.036243467926479
629,1584,0.697,0.227,0.3009510358646945,0.546352436936659,13,35,4,1,17,34,1,4,0.7330334235217382,18.039470861952324
629,1585,0.661,0.273,0.32244468919589786,0.5640580018448491,13,35,4,1,18,34,1,4,0.7151573253487655,22.441143616762393
629,1586,0.623,0.318,0.3445137054345283,0.5797036337792295,13,35,4,1,19,34,1,4,0.699466225060224,27.041283901295458
629,1587,0.581,0.364,0.3686046987281686,0.5943605390625178,13,35,4,1,20,34,1,4,0.6856070303023445,32.06739160326049
629,1588,0.538,0.409,0.39134827284040585,0.6063688260168971,13,35,4,1,21,34,1,4,0.6758143236126326,37.242933851392024
629,1589,0.495,0.454,0.4093524492228112,0.6132078520860185,13,35,4,1,22,34,1,4,0.6716703060281882,42.52616752195786
629,1590,0.454,0.5,0.41777378734635173,0.6125190554749502,13,35,4,1,23,34,1,4,0.6753636057709951,47.76055149551519
629,1591,0.418,0.546,0.4164148208731877,0.6078221221608772,13,35,4,1,24,34,1,4,0.6876336233780311,52.563495897067185
629,1592,0.39,0.591,0.42125170844759163,0.6073759544947779,13,35,4,1,25,34,1,4,0.7080826222977089,56.579240852715685
629,1593,0.371,0.637,0.42179909061268195,0.6033474612149303,13,35,4,1,26,34,1,4,0.737163482546443,59.78272604261568
629,1594,0.365,0.682,0.41378981446673,0.5941303683763473,13,35,4,1,27,34,1,4,0.7735302191899164,61.84472834527248
629,1595,0.371,0.727,0.3973034030318753,0.5808703984874095,13,35,4,1,28,34,1,4,0.8161923792832178,62.96403521172711
629,1596,0.387,0.773,0.3532663719339987,0.5553878149721272,13,35,4,1,29,34,1,4,0.8644639957800441,63.405307967049424
629,1597,0.409,0.818,0.30291172301580693,0.5275480511411483,13,35,4,1,30,34,1,4,0.914551802797414,63.43494882292201
629,1598,0.435,0.864,0.23478033892683414,0.4886245936444875,13,35,4,1,31,34,1,4,0.9673267286703081,63.27601502942251
629,1599,0.477,0.91,0.14919153080622194,0.4394565203218809,13,35,4,1,32,34,1,4,1.0274380759929038,62.33755830438345
629,1600,0.551,0.955,0.067638830362447,0.38611498838170166,13,35,4,1,33,34,1,4,1.1025543070524917,60.01662937931518
629,1601,0.835,0.12,0.21077327845270177,0.4599110865144984,13,35,4,1,10,35,1,4,0.8435786863120712,8.178128981225617
629,1602,0.819,0.083,0.2207818726186328,0.4688177302394796,13,35,4,1,11,35,1,4,0.8231949951256993,5.786775079145295
629,1603,0.801,0.043,0.23242857435002073,0.47963526091001785,13,35,4,1,12,35,1,4,0.8021533519221871,3.0728538215968433
629,1604,0.781,0,0.245712552667686,0.4924455165806363,13,35,4,1,13,35,1,4,0.781,0
629,1605,0.759,0.045,0.2609116693574042,0.5075618622967357,13,35,4,1,14,35,1,4,0.7603328218615846,3.393011069088745
629,1606,0.733,0.091,0.2784846684538129,0.5253971241649957,13,35,4,1,15,35,1,4,0.7386271048370754,7.076909072622225
629,1607,0.704,0.136,0.2982963031809033,0.5450362204907946,13,35,4,1,16,35,1,4,0.7170160388722138,10.933816785755788
629,1608,0.671,0.182,0.32057021359502236,0.5653051313693909,13,35,4,1,17,35,1,4,0.6952445612876091,15.175611554060152
629,1609,0.634,0.227,0.3445786092946924,0.5846328825973486,13,35,4,1,18,35,1,4,0.6734129490884475,19.6996103070329
629,1610,0.594,0.273,0.36988146960134727,0.6022576320314981,13,35,4,1,19,35,1,4,0.6537315962992764,24.683320487960245
629,1611,0.552,0.318,0.39782941356914614,0.6193859860593247,13,35,4,1,20,35,1,4,0.6370463091487149,29.94568344039517
629,1612,0.508,0.364,0.42580883959235505,0.6343109790518601,13,35,4,1,21,35,1,4,0.62494799783662,35.622939305695645
629,1613,0.464,0.409,0.4502312345587032,0.6440104906274469,13,35,4,1,22,35,1,4,0.6185280915205065,41.39506472481876
629,1614,0.423,0.455,0.4636937453566543,0.6451898881528733,13,35,4,1,23,35,1,4,0.6212519617675264,47.08730497277654
629,1615,0.388,0.5,0.4666329939978786,0.6413809616933251,13,35,4,1,24,35,1,4,0.6328854556710874,52.18853714273665
629,1616,0.36,0.546,0.4763341700448789,0.6414555888301312,13,35,4,1,25,35,1,4,0.654,56.60151153201276
629,1617,0.343,0.591,0.48042238662382164,0.637233124915684,13,35,4,1,26,35,1,4,0.6833227641459049,59.870309850806336
629,1618,0.338,0.637,0.47466032686750714,0.6273328445735404,13,35,4,1,27,35,1,4,0.7211192689146505,62.049030972109826
629,1619,0.346,0.682,0.4571710175010083,0.6125793890356068,13,35,4,1,28,35,1,4,0.7647483246140524,63.09988960431289
629,1620,0.364,0.728,0.41317220499123364,0.5850558151729057,13,35,4,1,29,35,1,4,0.8139287438099234,63.43494882292201
629,1621,0.387,0.773,0.3640951227330954,0.5551799702228691,13,35,4,1,30,35,1,4,0.8644639957800441,63.405307967049424
629,1622,0.416,0.818,0.2867465314218499,0.5140649396246888,13,35,4,1,31,35,1,4,0.9177036558715455,63.044048010298816
629,1623,0.468,0.864,0.1855393044331034,0.4619414316134701,13,35,4,1,32,35,1,4,0.982608772604845,61.557071375636646
629,1624,0.564,0.91,0.09310165893621791,0.40644957033167306,13,35,4,1,33,35,1,4,1.070605436190196,58.21018405412417
629,1625,0.73,0.955,0.018801648919420266,0.3406707281562217,13,35,4,1,34,35,1,4,1.202050331724924,52.60577957438185
629,1629,1,1,0,0.2928932188134524,13,35,4,1,10,13,4,4,1.4142135623730951,45
629,1630,1,1,0,0.2928932188134524,13,35,4,1,11,13,4,4,1.4142135623730951,45
629,1631,1,1,0,0.2928932188134524,13,35,4,1,12,13,4,4,1.4142135623730951,45
629,1632,1,0.96,7.199484526321243e-7,0.29290988508417093,13,35,4,1,10,14,4,4,1.3862178760930766,43.830860672092584
629,1633,1,0.959,7.574875331428643e-7,0.2929221901099053,13,35,4,1,11,14,4,4,1.385525532063556,43.80102906682782
629,1634,1,0.957,7.984561714025062e-7,0.29295622749040284,13,35,4,1,12,14,4,4,1.3841419724869266,43.7412763666856
629,1635,1,0.955,8.390509321776207e-7,0.2930716308813279,13,35,4,1,13,14,4,4,1.3827599213167845,43.681404157171436
629,1636,1,0.92,2.901341460437301e-5,0.29317192318651564,13,35,4,1,10,15,4,4,1.3588230201170424,42.61405596961119
629,1637,1,0.917,3.0930695233855054e-5,0.293305781233243,13,35,4,1,11,15,4,4,1.3567936468011634,42.52082345847564
629,1638,1,0.913,3.301869902583299e-5,0.29356297406410636,13,35,4,1,12,15,4,4,1.3540934236602733,42.39607920836728
629,1639,1,0.91,3.501243410120036e-5,0.29402798273573005,13,35,4,1,13,15,4,4,1.3520724832641184,42.3021943666837
629,1640,1,0.955,3.586571065694599e-5,0.2945317249766449,13,35,4,1,14,15,4,4,1.3827599213167845,43.681404157171436
629,1641,1,0.88,2.2836013230465024e-4,0.29424731009476157,13,35,4,1,10,16,4,4,1.332066064427737,41.34777721969367
629,1642,1,0.875,2.4371690132662938e-4,0.2947003178344596,13,35,4,1,11,16,4,4,1.3287682265918312,41.18592516570965
629,1643,0.999,0.87,2.597292578523369e-4,0.2953840870992821,13,35,4,1,12,16,4,4,1.324726764280091,41.05165750040357
629,1644,0.999,0.864,2.767188515649943e-4,0.2963089783874572,13,35,4,1,13,16,4,4,1.320794079332581,40.85537625889571
629,1645,0.999,0.91,2.934569024097833e-4,0.29731396808074084,13,35,4,1,14,16,4,4,1.3513330455516879,42.33073093011519
629,1646,0.998,0.955,2.711948491973537e-4,0.29772292350427987,13,35,4,1,15,16,4,4,1.3813142292758733,43.738699167651745
629,1647,0.999,0.84,9.836478202221999e-4,0.2966642727703752,13,35,4,1,10,17,4,4,1.3052206709978202,40.058493726245686
629,1648,0.999,0.834,0.0010459567115044255,0.29757700006327525,13,35,4,1,11,17,4,4,1.3013673578202274,39.85630524032165
629,1649,0.998,0.826,0.001111921618048295,0.2987840234256903,13,35,4,1,12,17,4,4,1.2954844653642128,39.61303806488329
629,1650,0.998,0.818,0.001182641720005484,0.3002854948746533,13,35,4,1,13,17,4,4,1.2903983880957075,39.33939226269854
629,1651,0.997,0.864,0.0012611583572463836,0.30199360435958467,13,35,4,1,14,17,4,4,1.3192820016963773,40.91219527258994
629,1652,0.995,0.909,0.0013048228555078145,0.30330128642107024,13,35,4,1,15,17,4,4,1.3477039734303673,42.41381815999662
629,1653,0.992,0.955,0.0010935417238856493,0.3029079211805854,13,35,4,1,16,17,4,4,1.3769854755951494,43.91130523841521
629,1654,0.997,0.8,0.002860101484084554,0.30080055966968366,13,35,4,1,10,18,4,4,1.2782836148523535,38.74380933674647
629,1655,0.996,0.792,0.0030414372601856865,0.3022656945453178,13,35,4,1,11,18,4,4,1.2725093319893572,38.491043559497435
629,1656,0.996,0.783,0.0032374302206245043,0.30408198035882406,13,35,4,1,12,18,4,4,1.2669273854487477,38.17246685287294
629,1657,0.995,0.773,0.003460385455113957,0.30626065378880474,13,35,4,1,13,18,4,4,1.2599817458995188,37.84307733140419
629,1658,0.993,0.818,0.003709813273538698,0.30869994120612276,13,35,4,1,14,18,4,4,1.2865352696292474,39.480548759385
629,1659,0.991,0.864,0.003936742679373273,0.3108547596154504,13,35,4,1,15,18,4,4,1.3147535890804787,41.083435686597724
629,1660,0.987,0.91,0.0039008703977648773,0.3118116132783362,13,35,4,1,16,18,4,4,1.3424861265577384,42.67561702905185
629,1661,0.981,0.955,0.002965853162772758,0.30974216432966617,13,35,4,1,17,18,4,4,1.3690821743051071,44.23057814167079
629,1662,0.994,0.76,0.00666962082678435,0.3068658418524438,13,35,4,1,10,19,4,4,1.251253771223088,37.40107731410282
629,1663,0.993,0.75,0.007081521736856611,0.30895324542087754,13,35,4,1,11,19,4,4,1.2444070877329492,37.06327707384731
629,1664,0.992,0.739,0.007526199683496881,0.31145436993468245,13,35,4,1,12,19,4,4,1.2370064672425929,36.68462495445342
629,1665,0.99,0.728,0.008011355446624235,0.31438683892062647,13,35,4,1,13,19,4,4,1.2288547513843937,36.329035584958056
629,1666,0.987,0.773,0.008535021314085678,0.31762490746373506,13,35,4,1,14,19,4,4,1.2536738012736806,38.067385153767155
629,1667,0.984,0.819,0.00903685854448033,0.3206654151615983,13,35,4,1,15,19,4,4,1.2802409929384388,39.7711901905933
629,1668,0.978,0.864,0.009265269368973317,0.3226785676191579,13,35,4,1,16,19,4,4,1.3049827585067935,41.458524135919596
629,1669,0.971,0.91,0.008542932120245483,0.3222698176199461,13,35,4,1,17,19,4,4,1.3307670720302633,43.142574106829265
629,1670,0.963,0.955,0.00577905468944695,0.3169127347617403,13,35,4,1,18,19,4,4,1.3562426036664679,44.76102003231743
629,1671,0.989,0.72,0.012138579193307963,0.31455017446412137,13,35,4,1,10,20,4,4,1.2233237510978032,36.054921086334744
629,1672,0.987,0.708,0.012830172018241548,0.31723749934695034,13,35,4,1,11,20,4,4,1.2146740303472368,35.6528285001568
629,1673,0.985,0.696,0.013605667357565965,0.3203755531249203,13,35,4,1,12,20,4,4,1.2060849887134821,35.24498864503698
629,1674,0.983,0.682,0.014479360697166488,0.3239625625187996,13,35,4,1,13,20,4,4,1.1964167334169145,34.75270068166397
629,1675,0.979,0.727,0.015474017063484724,0.3278226919395699,13,35,4,1,14,20,4,4,1.2194137935910025,36.59737590142778
629,1676,0.974,0.773,0.01652651841034425,0.33144868058636023,13,35,4,1,15,20,4,4,1.243464917076473,38.43672860201411
629,1677,0.967,0.819,0.017373610612183454,0.3340979262672582,13,35,4,1,16,20,4,4,1.2672213697693073,40.26290871493276
629,1678,0.958,0.864,0.01729909238514904,0.33488182560150204,13,35,4,1,17,20,4,4,1.29006201401328,42.046634232476954
629,1679,0.948,0.909,0.015083260877133298,0.3322126370528251,13,35,4,1,18,20,4,4,1.3133868432415485,43.79687293447504
629,1680,0.935,0.955,0.00993382826331446,0.3248132023209245,13,35,4,1,19,20,4,4,1.336506640462366,45.60628191551735
629,1681,0.982,0.68,0.02040953274667956,0.32390029077513915,13,35,4,1,10,21,4,4,1.1944555244964126,34.70122107113643
629,1682,0.98,0.667,0.021743091904255163,0.327234647908931,13,35,4,1,11,21,4,4,1.1854488601369526,34.23968261857017
629,1683,0.977,0.652,0.023252707550596607,0.3310803222736186,13,35,4,1,12,21,4,4,1.1745777964868909,33.71712574333687
629,1684,0.973,0.637,0.024981087186835005,0.33543626431702855,13,35,4,1,13,21,4,4,1.162969475093822,33.21181670089238
629,1685,0.968,0.682,0.026993632809846346,0.3401346708047912,13,35,4,1,14,21,4,4,1.1841233043902142,35.16643603579289
629,1686,0.961,0.727,0.02925110159813704,0.34475430236299376,13,35,4,1,15,21,4,4,1.205010373399333,37.10763810513703
629,1687,0.952,0.773,0.03142475125505806,0.3487293355721439,13,35,4,1,16,21,4,4,1.2263086887077004,39.075728028241095
629,1688,0.941,0.818,0.032695381994415906,0.35131446044202097,13,35,4,1,17,21,4,4,1.2468380007041813,41.00004091377394
629,1689,0.928,0.864,0.03161538814026521,0.3510478080597812,13,35,4,1,18,21,4,4,1.2679432163941728,42.95459151111277
629,1690,0.914,0.909,0.027530295185899,0.3478544382856338,13,35,4,1,19,21,4,4,1.2890605106045254,44.84285343981601
629,1691,0.898,0.955,0.01875633615152328,0.3378935167745165,13,35,4,1,20,21,4,4,1.3108886298995808,46.7619157727086
629,1692,0.973,0.64,0.03333302076693756,0.3356905775715857,13,35,4,1,10,22,4,4,1.1646153871557767,33.335299431335336
629,1693,0.969,0.625,0.03578323058101318,0.3398689714037093,13,35,4,1,11,22,4,4,1.1530767537332456,32.82180729139499
629,1694,0.965,0.609,0.03857373047277779,0.3446762009659967,13,35,4,1,12,22,4,4,1.1410985934615816,32.25553504520805
629,1695,0.96,0.591,0.04169665839712067,0.35012876251875025,13,35,4,1,13,22,4,4,1.1273335797358295,31.617491050107446
629,1696,0.953,0.637,0.04514926821822751,0.3560811879219219,13,35,4,1,14,22,4,4,1.1462887943271538,33.759382492785086
629,1697,0.945,0.682,0.048964852031128436,0.36215528625519,13,35,4,1,15,22,4,4,1.1653964990508596,35.81772475846658
629,1698,0.934,0.728,0.05283933733077517,0.36777556653447807,13,35,4,1,16,22,4,4,1.1842043742530257,37.93439267388857
629,1699,0.921,0.773,0.05592650032376756,0.3720223915331864,13,35,4,1,17,22,4,4,1.2024017631390933,40.00690779139015
629,1700,0.905,0.818,0.05688871224540182,0.3736772368810938,13,35,4,1,18,22,4,4,1.2198971268102896,42.10940048283249
629,1701,0.888,0.864,0.05519294591195234,0.3730739460567688,13,35,4,1,19,22,4,4,1.2389673119174693,44.21517539700811
629,1702,0.87,0.91,0.048509248555439366,0.3680386693643808,13,35,4,1,20,22,4,4,1.2589678312014172,46.28732894152504
629,1703,0.851,0.955,0.032168705691489885,0.35318957745391133,13,35,4,1,21,22,4,4,1.279150499354943,48.29578486919451
629,1704,0.961,0.6,0.051818955384870136,0.3507529028666706,13,35,4,1,10,23,4,4,1.1329258581213513,31.978579420970217
629,1705,0.956,0.583,0.05573018221958004,0.35603814150188373,13,35,4,1,11,23,4,4,1.1197432741481415,31.376201795152276
629,1706,0.95,0.565,0.0602720021710752,0.3621090525457269,13,35,4,1,12,23,4,4,1.105316696698281,30.741508695961944
629,1707,0.943,0.546,0.06555379503342074,0.3689890592417395,13,35,4,1,13,23,4,4,1.0896627918764594,30.07097782999185
629,1708,0.935,0.591,0.07166783588905223,0.3765203779184446,13,35,4,1,14,23,4,4,1.1061220547480282,32.29638945651286
629,1709,0.924,0.636,0.07829155043260438,0.38428271424119065,13,35,4,1,15,23,4,4,1.121727239572972,34.54009090707087
629,1710,0.912,0.682,0.08483788545715676,0.3915855672219334,13,35,4,1,16,23,4,4,1.1388011239896105,36.789397832970565
629,1711,0.896,0.727,0.09029989754229029,0.3974212876979355,13,35,4,1,17,23,4,4,1.153839243569051,39.05531967010498
629,1712,0.878,0.773,0.09323844574877549,0.40096913757976804,13,35,4,1,18,23,4,4,1.1697918618284193,41.36101425651581
629,1713,0.859,0.818,0.09370050957755993,0.40249929706450527,13,35,4,1,19,23,4,4,1.1861724157979732,43.59948772589711
629,1714,0.838,0.864,0.08897319354348765,0.3996076681927424,13,35,4,1,20,23,4,4,1.2036361576489798,45.875190602356234
629,1715,0.817,0.909,0.07485784595214584,0.3898493340159973,13,35,4,1,21,23,4,4,1.2221988381601416,48.05111709614495
629,1716,0.796,0.955,0.045495356527008646,0.36609349469624175,13,35,4,1,22,23,4,4,1.243238110741462,50.18852820955659
629,1717,0.946,0.56,0.07689426081440565,0.3690401035923262,13,35,4,1,10,24,4,4,1.0993252475950872,30.6240975435553
629,1718,0.94,0.542,0.08300577235851558,0.3755723807908017,13,35,4,1,11,24,4,4,1.0850640534088298,29.9675661042842
629,1719,0.933,0.522,0.08981863376805566,0.3830175642043856,13,35,4,1,12,24,4,4,1.0690991534932577,29.22638160965155
629,1720,0.924,0.5,0.09738612231348343,0.39136425806659614,13,35,4,1,13,24,4,4,1.0506074433393284,28.418952152260424
629,1721,0.914,0.546,0.10571179898773286,0.40037843333541734,13,35,4,1,14,24,4,4,1.0646652055928192,30.853004518892494
629,1722,0.901,0.591,0.11464115343408932,0.40952075791603026,13,35,4,1,15,24,4,4,1.077535150238729,33.26238496596062
629,1723,0.885,0.637,0.12357051561556964,0.41796178923283434,13,35,4,1,16,24,4,4,1.0904100146275253,35.74535881242997
629,1724,0.867,0.682,0.13108659399372447,0.42470030435926476,13,35,4,1,17,24,4,4,1.1030924711917856,38.18931688822152
629,1725,0.847,0.727,0.13549386943462693,0.42917706923044063,13,35,4,1,18,24,4,4,1.1162159289313156,40.64026757229392
629,1726,0.825,0.773,0.13699340153249406,0.43139201070946764,13,35,4,1,19,24,4,4,1.1305547310944304,43.13621427742399
629,1727,0.802,0.819,0.13235827246164467,0.42916760119179354,13,35,4,1,20,24,4,4,1.1462831238398303,45.600859065215886
629,1728,0.779,0.864,0.1185944114565537,0.42034784733149255,13,35,4,1,21,24,4,4,1.1633301337109772,47.96153578229728
629,1729,0.757,0.909,0.08930558659356735,0.4006522101596064,13,35,4,1,22,24,4,4,1.1829327960623968,50.21303344637515
629,1730,0.736,0.955,0.04670672743670523,0.3671244012488467,13,35,4,1,23,24,4,4,1.2057035290650848,52.379255063642525
629,1731,0.928,0.52,0.1068837781989439,0.3890049487180326,13,35,4,1,10,25,4,4,1.0637593712865707,29.26386459854104
629,1732,0.92,0.5,0.11467922931565577,0.3966276629652986,13,35,4,1,11,25,4,4,1.047091209016674,28.523118606312032
629,1733,0.911,0.478,0.12332452438825703,0.40518289338740754,13,35,4,1,12,25,4,4,1.028788122015413,27.685912552388306
629,1734,0.901,0.455,0.13278214656878162,0.4145778773382093,13,35,4,1,13,25,4,4,1.0093691098899351,26.793522281410826
629,1735,0.888,0.5,0.14281527565273278,0.42445991645858827,13,35,4,1,14,25,4,4,1.0190897899596483,29.38225462297971
629,1736,0.873,0.546,0.1529390808044212,0.4341620793531701,13,35,4,1,15,25,4,4,1.0296819897424643,32.02307801280602
629,1737,0.856,0.591,0.1624969013475821,0.44278354313344215,13,35,4,1,16,25,4,4,1.0402004614496188,34.62199668099297
629,1738,0.835,0.637,0.17038745892684548,0.4494234884579522,13,35,4,1,17,25,4,4,1.050235211750206,37.33907750688202
629,1739,0.812,0.682,0.17512523659577917,0.4536896176929115,13,35,4,1,18,25,4,4,1.0604093549191276,40.02694948161477
629,1740,0.788,0.727,0.17629845257927934,0.45535003760247017,13,35,4,1,19,25,4,4,1.0721347863025432,42.69428668390459
629,1741,0.763,0.773,0.16997518629359698,0.4523797633143203,13,35,4,1,20,25,4,4,1.0861390334575036,45.373014127797966
629,1742,0.738,0.818,0.15303764884493953,0.44258197140162436,13,35,4,1,21,25,4,4,1.1017113959653861,47.94320691288398
629,1743,0.714,0.864,0.12126669338568596,0.422607478249191,13,35,4,1,22,25,4,4,1.1208443246053394,50.43005107301194
629,1744,0.693,0.91,0.07901473279914206,0.39281662840039666,13,35,4,1,23,25,4,4,1.1438308441373664,52.70933308003393
629,1745,0.674,0.955,0.03533633149340165,0.3561576321507197,13,35,4,1,24,25,4,4,1.168888788550904,54.787118274613185
629,1746,0.907,0.48,0.13813710401104617,0.408714147296397,13,35,4,1,10,26,4,4,1.0261817577797805,27.888563024604057
629,1747,0.898,0.458,0.14717357641676887,0.4170675424678949,13,35,4,1,11,26,4,4,1.0080515859815906,27.02259425982631
629,1748,0.887,0.435,0.15677156219828925,0.42626309017425346,13,35,4,1,12,26,4,4,0.9879240861523724,26.124123597446843
629,1749,0.875,0.409,0.16676444451065864,0.4361151153285838,13,35,4,1,13,26,4,4,0.96587059174612,25.052730213177263
629,1750,0.86,0.454,0.17703464544823644,0.4461695288827495,13,35,4,1,14,26,4,4,0.9724793056924143,27.829885883502293
629,1751,0.843,0.5,0.18728090456052615,0.45569529157719757,13,35,4,1,15,26,4,4,0.9801270325830218,30.673019288910726
629,1752,0.822,0.546,0.19660061140877383,0.4638222201288784,13,35,4,1,16,26,4,4,0.9868130522039116,33.593447416027594
629,1753,0.799,0.591,0.20355099360199247,0.4698063819795917,13,35,4,1,17,26,4,4,0.9938219156368007,36.48939192493407
629,1754,0.774,0.636,0.20677375459672398,0.4733711973718102,13,35,4,1,18,26,4,4,1.0017844079441445,39.4101310401722
629,1755,0.747,0.682,0.20639983494283276,0.4741500989085734,13,35,4,1,19,26,4,4,1.011500370736462,42.39561905707885
629,1756,0.72,0.727,0.19910473942364937,0.4702865702256531,13,35,4,1,20,26,4,4,1.0231954847437512,45.27717161573949
629,1757,0.694,0.773,0.1816638615461531,0.45977031966416093,13,35,4,1,21,26,4,4,1.0388286672979332,48.082480389940756
629,1758,0.669,0.818,0.15058376052174294,0.4404048524043641,13,35,4,1,22,26,4,4,1.0567331735116485,50.72203779668156
629,1759,0.647,0.864,0.10998521856169385,0.4139908781009425,13,35,4,1,23,26,4,4,1.0794002964609561,53.17256725615494
629,1760,0.629,0.909,0.07006360509391385,0.3859825788636333,13,35,4,1,24,26,4,4,1.1054058078371038,55.31795913120173
629,1761,0.615,0.955,0.03945708334334164,0.36020889311917936,13,35,4,1,25,26,4,4,1.1358917201916738,57.219312923219356
629,1762,0.883,0.44,0.167810437782833,0.4275779038808595,13,35,4,1,10,27,4,4,0.986554103939566,26.48713312060637
629,1763,0.872,0.416,0.17710443327032233,0.43639235959698297,13,35,4,1,11,27,4,4,0.9661469867468406,25.504139486813763
629,1764,0.859,0.391,0.1868323524608746,0.4459258782714245,13,35,4,1,12,27,4,4,0.9438018859909107,24.47409987383621
629,1765,0.845,0.364,0.1968739776510472,0.4559273889733547,13,35,4,1,13,27,4,4,0.9200657585194657,23.304890539203114
629,1766,0.828,0.409,0.20691629567979974,0.4658968234398575,13,35,4,1,14,27,4,4,0.9235069030602857,26.28759194395547
629,1767,0.808,0.454,0.21655507921298,0.47511718084792964,13,35,4,1,15,27,4,4,0.9268117392437366,29.330813011327493
629,1768,0.785,0.5,0.22514374744981547,0.48282049615004663,13,35,4,1,16,27,4,4,0.9307120929696788,32.49479994485373
629,1769,0.76,0.546,0.2318436627113667,0.4884340839009267,13,35,4,1,17,27,4,4,0.9357969865307325,35.69426214118224
629,1770,0.732,0.591,0.23600677543456394,0.491782612097615,13,35,4,1,18,27,4,4,0.9408001913265112,38.916610327108174
629,1771,0.703,0.636,0.23695248295812632,0.4924663942464017,13,35,4,1,19,27,4,4,0.9480005274260136,42.135460614410974
629,1772,0.674,0.682,0.2311208910064798,0.4888124158926215,13,35,4,1,20,27,4,4,0.9588534820294496,45.33802427593755
629,1773,0.647,0.727,0.2156469408494398,0.4789907719548152,13,35,4,1,21,27,4,4,0.9732101520226759,48.3322367186485
629,1774,0.622,0.773,0.18686695645886753,0.4613444487044722,13,35,4,1,22,27,4,4,0.9921758916643763,51.1778556414627
629,1775,0.6,0.818,0.14859133119808154,0.43807582731920336,13,35,4,1,23,27,4,4,1.0144574904844461,53.74008957794487
629,1776,0.583,0.864,0.11224268454643893,0.41606034201523645,13,35,4,1,24,27,4,4,1.0422979420492011,55.989762477763456
629,1777,0.57,0.909,0.08343649007099307,0.39645333477405176,13,35,4,1,25,27,4,4,1.0729310322662868,57.909709059890815
629,1778,0.563,0.955,0.04673579453798571,0.366801532519727,13,35,4,1,26,27,4,4,1.108600018040772,59.47942599296591
629,1779,0.856,0.4,0.19475692075052242,0.4458342311503031,13,35,4,1,10,28,4,4,0.944847077573932,25.046200779642785
629,1780,0.843,0.375,0.20420992127831794,0.455005964676364,13,35,4,1,11,28,4,4,0.9226451105381743,23.981404714898904
629,1781,0.829,0.348,0.2139634828222423,0.46479795485932685,13,35,4,1,12,28,4,4,0.8990800854206481,22.771829783770148
629,1782,0.812,0.318,0.2238143359218142,0.4749276447371844,13,35,4,1,13,28,4,4,0.8720481638074815,21.386583578108414
629,1783,0.793,0.364,0.23372721755476655,0.48489410148431267,13,35,4,1,14,28,4,4,0.8725508581165915,24.65589874408161
629,1784,0.771,0.409,0.2437738936528019,0.49403597422763756,13,35,4,1,15,28,4,4,0.8727668646322453,27.945051631807583
629,1785,0.745,0.455,0.25376507053692066,0.5017014739560198,13,35,4,1,16,28,4,4,0.8729547525502109,31.414008792111094
629,1786,0.717,0.5,0.2623199716496184,0.507456666141406,13,35,4,1,17,28,4,4,0.8741218450536515,34.88999408233308
629,1787,0.687,0.546,0.26892790279094403,0.5111819237360095,13,35,4,1,18,28,4,4,0.8775448706476496,38.47626660904959
629,1788,0.657,0.591,0.2728509969017736,0.5124197891140665,13,35,4,1,19,28,4,4,0.8837024386070235,41.97275481772001
629,1789,0.627,0.637,0.2695804344918149,0.5094956357671263,13,35,4,1,20,28,4,4,0.893810941978224,45.453279938089764
629,1790,0.598,0.682,0.25424349797787893,0.5004253185368069,13,35,4,1,21,28,4,4,0.9070435491198866,48.7546517281195
629,1791,0.573,0.727,0.22472734291324037,0.48364838038816493,13,35,4,1,22,28,4,4,0.9256662465489384,51.75586161181841
629,1792,0.552,0.773,0.1877595445542205,0.4621975050571694,13,35,4,1,23,28,4,4,0.9498594632891753,54.4693342970266
629,1793,0.536,0.819,0.15604748004239366,0.44362625433125136,13,35,4,1,24,28,4,4,0.9788038618640611,56.79699169230478
629,1794,0.526,0.864,0.12930583501388193,0.4274431567588408,13,35,4,1,25,28,4,4,1.0115196488452411,58.66709977579915
629,1795,0.521,0.91,0.09412314884420814,0.4037645186661376,13,35,4,1,26,28,4,4,1.0485900056742865,60.20767721205548
629,1796,0.521,0.955,0.05244820994362087,0.37185891279664685,13,35,4,1,27,28,4,4,1.0878722351452859,61.38533699022947
629,1797,0.826,0.36,0.2198510878685036,0.46398592493587876,13,35,4,1,10,29,4,4,0.9010416194604997,23.549274379866993
629,1798,0.811,0.333,0.22942868123281368,0.47354291772592005,13,35,4,1,11,29,4,4,0.8767040549695205,22.323258753964172
629,1799,0.795,0.304,0.23937253265168046,0.48366821312062835,13,35,4,1,12,29,4,4,0.8511409988950127,20.926351069674027
629,1800,0.776,0.273,0.24975084494722388,0.4940729074595348,13,35,4,1,13,29,4,4,0.8226208117960547,19.382082272571882
629,1801,0.755,0.318,0.2609782538784319,0.5042798030809712,13,35,4,1,14,29,4,4,0.8192368399919525,22.840439159769073
629,1802,0.73,0.363,0.2730593319147414,0.5136943713986001,13,35,4,1,15,29,4,4,0.8152723471331528,26.439333815445224
629,1803,0.702,0.409,0.2853755330769413,0.5217655987244589,13,35,4,1,16,29,4,4,0.8124561526630222,30.225979588912725
629,1804,0.672,0.454,0.2968107438273979,0.5281524930415726,13,35,4,1,17,29,4,4,0.810987052917616,34.04277306768275
629,1805,0.64,0.5,0.30663935194232095,0.5327354311159356,13,35,4,1,18,29,4,4,0.8121576201698781,37.99873244250467
629,1806,0.608,0.545,0.31249189963298774,0.5349309058055618,13,35,4,1,19,29,4,4,0.8165102571309194,41.87246461561433
629,1807,0.577,0.591,0.31023824039164605,0.532899161304706,13,35,4,1,20,29,4,4,0.825960047459924,45.686731593823744
629,1808,0.548,0.636,0.2953349339825694,0.5244302792408941,13,35,4,1,21,29,4,4,0.8395236744726143,49.25065457465119
629,1809,0.524,0.682,0.26624677263866725,0.5084349383805313,13,35,4,1,22,29,4,4,0.8600581375697809,52.463902383972844
629,1810,0.504,0.727,0.23214961284385027,0.489295909689918,13,35,4,1,23,29,4,4,0.8846157357858835,55.26797923887752
629,1811,0.49,0.773,0.20715746446267214,0.47421788450079305,13,35,4,1,24,29,4,4,0.9152207384013978,57.62963818997505
629,1812,0.482,0.818,0.18581374636898473,0.46098558976249515,13,35,4,1,25,29,4,4,0.9494461543447316,59.491619410149575
629,1813,0.48,0.864,0.15436689575958207,0.4423534552687346,13,35,4,1,26,29,4,4,0.988380493534752,60.94539590092286
629,1814,0.484,0.909,0.1168638903383955,0.41917408782234145,13,35,4,1,27,29,4,4,1.029823771331775,61.96678588338966
629,1815,0.493,0.955,0.0709448395606812,0.3868353617642608,13,35,4,1,28,29,4,4,1.0747436903745935,62.69584327053922
629,1816,0.794,0.32,0.2440078476786145,0.4827964043104428,13,35,4,1,10,30,4,4,0.8560584092221746,21.950552176430794
629,1817,0.777,0.291,0.25418518863213935,0.49288405204380337,13,35,4,1,11,30,4,4,0.8297047667694817,20.53179817087728
629,1818,0.758,0.261,0.2651732478228471,0.5035460476161675,13,35,4,1,12,30,4,4,0.801676368617661,18.999977640829467
629,1819,0.737,0.227,0.2773489881352358,0.5145043234176527,13,35,4,1,13,30,4,4,0.7711666486564367,17.11911635906593
629,1820,0.714,0.273,0.2907519827447741,0.5253174293360809,13,35,4,1,14,30,4,4,0.7644115383744544,20.92450174492117
629,1821,0.687,0.318,0.3055214697572598,0.5354557536221551,13,35,4,1,15,30,4,4,0.7570290615293445,24.8385734568518
629,1822,0.657,0.364,0.3210091906058228,0.5444471089304537,13,35,4,1,16,30,4,4,0.7510958660517312,28.987920821850818
629,1823,0.624,0.409,0.33547838996761736,0.5520017713042962,13,35,4,1,17,30,4,4,0.7460944980362741,33.24278614023348
629,1824,0.591,0.454,0.3478704461555352,0.5579485018145777,13,35,4,1,18,30,4,4,0.7452496226097669,37.53109172852039
629,1825,0.557,0.5,0.3561948983664479,0.5615075159244363,13,35,4,1,19,30,4,4,0.7484978289881675,41.91324579076327
629,1826,0.526,0.546,0.35632751904250937,0.5605745270866666,13,35,4,1,20,30,4,4,0.7581503808612116,46.06882711185
629,1827,0.497,0.591,0.3434300542049481,0.5528030411499709,13,35,4,1,21,30,4,4,0.7721981610959715,49.937924893161195
629,1828,0.474,0.636,0.31804229666284367,0.5378707608235258,13,35,4,1,22,30,4,4,0.7932036308540198,53.30346273136305
629,1829,0.456,0.682,0.28883306168436995,0.5211288181398592,13,35,4,1,23,30,4,4,0.8204023403184563,56.23245344144546
629,1830,0.445,0.727,0.2687089569529658,0.5085419715590316,13,35,4,1,24,30,4,4,0.8523813700451224,58.52901038183068
629,1831,0.44,0.773,0.24829628844111318,0.4964558186046558,13,35,4,1,25,30,4,4,0.8894543271017349,60.35099775930919
629,1832,0.442,0.818,0.2162791621438902,0.47929815169903567,13,35,4,1,26,30,4,4,0.9297784682385368,61.61577142079931
629,1833,0.45,0.864,0.17999702550102392,0.45872310069930744,13,35,4,1,27,30,4,4,0.9741642571969061,62.487997376148556
629,1834,0.463,0.909,0.13522664953599406,0.43075413961722175,13,35,4,1,28,30,4,4,1.020122541658599,63.00793864401155
629,1835,0.48,0.955,0.07065255231825551,0.3866155576507734,13,35,4,1,29,30,4,4,1.0688428322255803,63.3150833502756
629,1836,0.758,0.28,0.2685864613163228,0.5027853338757555,13,35,4,1,10,31,4,4,0.8080618788186954,20.273884044138885
629,1837,0.74,0.25,0.28017009999615905,0.5136006277971583,13,35,4,1,11,31,4,4,0.7810889834071404,18.666914274220215
629,1838,0.719,0.217,0.2931343956951399,0.5250491573213707,13,35,4,1,12,31,4,4,0.7510326224605693,16.794237787264045
629,1839,0.696,0.182,0.3075698790299467,0.5368722134774717,13,35,4,1,13,31,4,4,0.7194025298815677,14.654380288620922
629,1840,0.67,0.227,0.3238357365652036,0.5486649334363368,13,35,4,1,14,31,4,4,0.7074100649552564,18.716687086179785
629,1841,0.641,0.273,0.3418996813661854,0.5599491446549132,13,35,4,1,15,31,4,4,0.6967137145198162,23.06901113522065
629,1842,0.609,0.318,0.36063462299334326,0.570298774268057,13,35,4,1,16,31,4,4,0.6870262003737557,27.572099837060726
629,1843,0.575,0.364,0.3781895198449752,0.5794204057105168,13,35,4,1,17,31,4,4,0.6805299405610307,32.33558887337742
629,1844,0.539,0.409,0.3944144161846378,0.5870129236074961,13,35,4,1,18,31,4,4,0.6766106709179216,37.19168551603263
629,1845,0.505,0.454,0.40615880049141206,0.5919932596117796,13,35,4,1,19,31,4,4,0.679073633709924,41.9558553516657
629,1846,0.473,0.5,0.40960185826099027,0.5919015211119772,13,35,4,1,20,31,4,4,0.6882797396407946,46.589505817350705
629,1847,0.446,0.546,0.3983710054389352,0.5843790492216816,13,35,4,1,21,31,4,4,0.7050049645215274,50.75633826112338
629,1848,0.425,0.591,0.3733924230070541,0.5700206535548085,13,35,4,1,22,31,4,4,0.7279464266001997,54.27932768648773
629,1849,0.41,0.637,0.3463696971083414,0.5547432116404294,13,35,4,1,23,31,4,4,0.757541418009603,57.23296293987039
629,1850,0.402,0.682,0.32818244201720015,0.54320697719454,13,35,4,1,24,31,4,4,0.7916615438430745,59.483081909141156
629,1851,0.401,0.727,0.3077171243534791,0.5313295945795296,13,35,4,1,25,31,4,4,0.830258995735668,61.11966890903596
629,1852,0.407,0.773,0.2799079168272143,0.5154858155693839,13,35,4,1,26,31,4,4,0.8736005952378924,62.23229549548668
629,1853,0.418,0.818,0.24867789082727687,0.49747193975450954,13,35,4,1,27,31,4,4,0.9186119964381044,62.93285649984726
629,1854,0.435,0.864,0.2049010171583826,0.4725733043001399,13,35,4,1,28,31,4,4,0.9673267286703081,63.27601502942251
629,1855,0.455,0.91,0.14661704473397252,0.438205421544541,13,35,4,1,29,31,4,4,1.0174109297624043,63.43494882292201
629,1856,0.477,0.955,0.0850832767404398,0.3971744611650322,13,35,4,1,30,31,4,4,1.0674989461353113,63.4589520806351
629,1857,0.72,0.24,0.2948025503094063,0.5245898393979438,13,35,4,1,10,32,4,4,0.758946638440411,18.43494882292201
629,1858,0.7,0.208,0.3084015180887155,0.5363921610483383,13,35,4,1,11,32,4,4,0.7302492725090521,16.548940854971335
629,1859,0.678,0.174,0.32367174332395776,0.5489413095974582,13,35,4,1,12,32,4,4,0.6999714279883145,14.393592968490516
629,1860,0.652,0.136,0.34098856568564917,0.5620030761423077,13,35,4,1,13,32,4,4,0.6660330322138686,11.782325134462315
629,1861,0.624,0.182,0.3605495078954921,0.5752062180480637,13,35,4,1,14,32,4,4,0.65,16.260204708311957
629,1862,0.593,0.227,0.3820207087196624,0.5881074862422362,13,35,4,1,15,32,4,4,0.6349629910475098,20.94681221909394
629,1863,0.559,0.273,0.4043333028883791,0.6002922646845906,13,35,4,1,16,32,4,4,0.6221012779282808,26.02959219151346
629,1864,0.523,0.318,0.4260954255208922,0.6114065052359681,13,35,4,1,17,32,4,4,0.612089045809513,31.30088107239706
629,1865,0.487,0.364,0.44663371327441936,0.6209390443393127,13,35,4,1,18,32,4,4,0.6080008223678649,36.77566125135647
629,1866,0.452,0.409,0.4624373188018207,0.6274124835482473,13,35,4,1,19,32,4,4,0.6095777226900603,42.140913767078835
629,1867,0.421,0.455,0.46688903359135214,0.6279963104110708,13,35,4,1,20,32,4,4,0.6198919260645359,47.2226931296444
629,1868,0.395,0.5,0.4540358711323411,0.6205241200963649,13,35,4,1,21,32,4,4,0.6372009102316161,51.69126443255228
629,1869,0.376,0.546,0.42929552122204684,0.6066219170581206,13,35,4,1,22,32,4,4,0.6629419280751521,55.446965073249665
629,1870,0.364,0.591,0.4081097991054191,0.5925645762718944,13,35,4,1,23,32,4,4,0.6941015775806881,58.370866502485065
629,1871,0.361,0.637,0.3945636010910025,0.5819944246249038,13,35,4,1,24,32,4,4,0.7321816714450041,60.45894833102759
629,1872,0.364,0.682,0.37586618114234116,0.5708590965957854,13,35,4,1,25,32,4,4,0.7730588593373728,61.9100740814218
629,1873,0.374,0.728,0.35209046193713367,0.5565834476430381,13,35,4,1,26,32,4,4,0.8184497541083386,62.808790369386806
629,1874,0.39,0.773,0.32493854807306666,0.5399480138753301,13,35,4,1,27,32,4,4,0.8658111803389928,63.22778523364865
629,1875,0.41,0.819,0.282365473108244,0.516181823464473,13,35,4,1,28,32,4,4,0.915893552766914,63.406972370305006
629,1876,0.432,0.864,0.23043731978239057,0.4869105780219626,13,35,4,1,29,32,4,4,0.9659813662799092,63.43494882292201
629,1877,0.455,0.91,0.1704838426187898,0.4525418312788625,13,35,4,1,30,32,4,4,1.0174109297624043,63.43494882292201
629,1878,0.479,0.955,0.09328087510036498,0.40343393298621766,13,35,4,1,31,32,4,4,1.0683941220354967,63.36299936784108
629,1879,0.68,0.2,0.3232412229711906,0.5487649387440137,13,35,4,1,10,33,4,4,0.7088018058667741,16.389540334034784
629,1880,0.658,0.166,0.339147870133224,0.5618641304005498,13,35,4,1,11,33,4,4,0.6786162391219356,14.15910771029307
629,1881,0.634,0.13,0.3572510174202438,0.5758807964323303,13,35,4,1,12,33,4,4,0.6471908528401804,11.587728016097326
629,1882,0.607,0.091,0.37780821813334675,0.5906084160693987,13,35,4,1,13,33,4,4,0.613783349399444,8.52614982171087
629,1883,0.577,0.136,0.4008408765660012,0.6057037693145917,13,35,4,1,14,33,4,4,0.5928110997611297,13.262656794028947
629,1884,0.544,0.182,0.42613764148882005,0.6207383776501763,13,35,4,1,15,33,4,4,0.5736375162068813,18.498119447284886
629,1885,0.508,0.227,0.45292250229090436,0.6352681265252041,13,35,4,1,16,33,4,4,0.556410819449083,24.077498596505706
629,1886,0.47,0.273,0.47931860577117313,0.648809576288957,13,35,4,1,17,33,4,4,0.5435338075961789,30.15020752585798
629,1887,0.433,0.318,0.5046228915195543,0.6605426314787122,13,35,4,1,18,33,4,4,0.5372271400441344,36.29397287113754
629,1888,0.399,0.363,0.5227008262531458,0.668488543579418,13,35,4,1,19,33,4,4,0.5394163512538344,42.29512401426435
629,1889,0.369,0.409,0.5262796269816916,0.6694355563000247,13,35,4,1,20,33,4,4,0.5508556979826931,47.94320691288398
629,1890,0.345,0.454,0.5131024415549712,0.6615887155715985,13,35,4,1,21,33,4,4,0.5702113643202843,52.76836600610775
629,1891,0.329,0.5,0.4922511495294023,0.6476561468982107,13,35,4,1,22,33,4,4,0.5985323717226998,56.655083597184344
629,1892,0.322,0.546,0.47759499436967423,0.6341249891133321,13,35,4,1,23,33,4,4,0.6338769596696192,59.47029410006589
629,1893,0.322,0.591,0.46732678814263706,0.6237320864362454,13,35,4,1,24,33,4,4,0.6730267453823807,61.41671726998458
629,1894,0.331,0.636,0.4504334003011209,0.61233825519526075,13,35,4,1,25,33,4,4,0.7169776844504995,62.505716349739195
629,1895,0.345,0.682,0.42829569419867586,0.5976553694076563,13,35,4,1,26,33,4,4,0.7642964084699078,63.16674350511332
629,1896,0.364,0.727,0.3986304140131979,0.5794914885947715,13,35,4,1,27,33,4,4,0.8130344396149526,63.403432995785266
629,1897,0.387,0.773,0.3506147043736352,0.5541661027834636,13,35,4,1,28,33,4,4,0.8644639957800441,63.405307967049424
629,1898,0.409,0.819,0.2980852663652219,0.5248338424593446,13,35,4,1,29,33,4,4,0.9154463392247522,63.46293894258746
629,1899,0.434,0.864,0.23588440355639018,0.4908585327966387,13,35,4,1,30,33,4,4,0.9668774482839073,63.32894380138922
629,1900,0.464,0.909,0.1609009263121879,0.44647400520467273,13,35,4,1,31,33,4,4,1.0205767976982427,62.95791347830599
629,1901,0.501,0.955,0.07959631706729997,0.3930095970129923,13,35,4,1,32,33,4,4,1.0784368317152377,62.31816715552419
629,1902,0.638,0.16,0.35408658314987895,0.5755398450214134,13,35,4,1,10,34,4,4,0.6577567939595912,14.078496984981257
629,1903,0.614,0.125,0.37273422492331654,0.5902588612312496,13,35,4,1,11,34,4,4,0.6265947653787095,11.50719415929147
629,1904,0.588,0.087,0.39397620915197407,0.6061209018375827,13,35,4,1,12,34,4,4,0.5944013795407947,8.41637438781572
629,1905,0.559,0.045,0.4179918994672658,0.6229484036161774,13,35,4,1,13,34,4,4,0.5608083451590213,4.6024367539269715
629,1906,0.528,0.091,0.44484554366799234,0.6404174971477501,13,35,4,1,14,34,4,4,0.5357844715928225,9.778773126851602
629,1907,0.493,0.136,0.47468426829260235,0.6580884938974145,13,35,4,1,15,34,4,4,0.5114147045207049,15.422161318738674
629,1908,0.455,0.182,0.5062673586848259,0.6754346641631088,13,35,4,1,16,34,4,4,0.4900499974492399,21.80140948635181
629,1909,0.417,0.227,0.5377578846847139,0.691750473354135,13,35,4,1,17,34,4,4,0.47478205526325445,28.56230387001481
629,1910,0.379,0.273,0.5665554700588342,0.7057678352995908,13,35,4,1,18,34,4,4,0.46708671571775623,35.76583300021815
629,1911,0.345,0.318,0.5855571251762526,0.7148516720610338,13,35,4,1,19,34,4,4,0.4692003836315567,42.667976318376944
629,1912,0.317,0.364,0.588755290268456,0.7153820040592811,13,35,4,1,20,34,4,4,0.4826851976184892,48.94807368453645
629,1913,0.296,0.409,0.5766856893218842,0.706150576746136,13,35,4,1,21,34,4,4,0.5048732514205917,54.10612462178265
629,1914,0.284,0.454,0.5597969981413484,0.6910815628935998,13,35,4,1,22,34,4,4,0.5355109709427063,57.97193437840903
629,1915,0.282,0.5,0.5496064058702255,0.6768322828166958,13,35,4,1,23,34,4,4,0.574041810323952,60.577001718456515
629,1916,0.287,0.546,0.5385031728792267,0.6653071752937609,13,35,4,1,24,34,4,4,0.6168346618016858,62.271742577680875
629,1917,0.301,0.591,0.5193915313521629,0.6522391571023709,13,35,4,1,25,34,4,4,0.663236006260215,63.009971063892266
629,1918,0.319,0.637,0.49394624566201084,0.6355452870817508,13,35,4,1,26,34,4,4,0.7124113979997794,63.39898160886866
629,1919,0.341,0.682,0.4582156824742145,0.6148361653197729,13,35,4,1,27,34,4,4,0.7624991803274284,63.43494882292201
629,1920,0.364,0.727,0.4103759592092131,0.587987455928553,13,35,4,1,28,34,4,4,0.8130344396149526,63.403432995785266
629,1921,0.389,0.773,0.36088806345296753,0.558433609817256,13,35,4,1,29,34,4,4,0.8653611962643114,63.28689804257768
629,1922,0.42,0.818,0.29936875878740743,0.5243885209369556,13,35,4,1,30,34,4,4,0.9195237897955658,62.82188508559745
629,1923,0.46,0.864,0.22043714999266972,0.48091599918201233,13,35,4,1,31,34,4,4,0.9788237839366185,61.968832128748446
629,1924,0.511,0.91,0.1398931196403701,0.4346827299469489,13,35,4,1,32,34,4,4,1.043657510872221,60.684114027040785
629,1925,0.581,0.955,0.06295860493330174,0.38108351112111605,13,35,4,1,33,34,4,4,1.1178488269886944,58.684632174534805
629,1926,0.594,0.12,0.38750921831443097,0.6047157024362881,13,35,4,1,10,35,4,4,0.606,11.421186274999284
629,1927,0.569,0.083,0.4091435984629793,0.6213430666868645,13,35,4,1,11,35,4,4,0.5750217387195026,8.299199097377423
629,1928,0.541,0.043,0.43374919982491433,0.6393861125107562,13,35,4,1,12,35,4,4,0.5427061820174891,4.544454621062324
629,1929,0.51,0,0.46143884109496347,0.6586961607516622,13,35,4,1,13,35,4,4,0.51,0
629,1930,0.477,0.045,0.49263197669130576,0.6789578727335417,13,35,4,1,14,35,4,4,0.4791179395514219,5.389311759973409
629,1931,0.44,0.091,0.5273113411608048,0.6996888197743595,13,35,4,1,15,35,4,4,0.44931169581928315,11.685063164661708
629,1932,0.401,0.136,0.5639282408663596,0.7202111472057027,13,35,4,1,16,35,4,4,0.4234347647513133,18.734475934900516
629,1933,0.362,0.182,0.5999500530745658,0.7394669881991247,13,35,4,1,17,35,4,4,0.4051765047482393,26.6915317211053
629,1934,0.325,0.227,0.6310480474026428,0.7555258316163693,13,35,4,1,18,35,4,4,0.3964265379613227,34.9328181329227
629,1935,0.292,0.273,0.6504792785383262,0.7648405603547656,13,35,4,1,19,35,4,4,0.39974116625636646,43.07396508192645
629,1936,0.266,0.318,0.6529454089775708,0.7633533310261671,13,35,4,1,20,35,4,4,0.414584128977461,50.08826019753761
629,1937,0.249,0.364,0.6410351335504225,0.7508546162365839,13,35,4,1,21,35,4,4,0.44101814021647684,55.62529851257076
629,1938,0.242,0.409,0.6278512114290586,0.7328105617095767,13,35,4,1,22,35,4,4,0.4752315225234959,59.38774690779984
629,1939,0.245,0.455,0.6179170432356311,0.7160181088039879,13,35,4,1,23,35,4,4,0.5167688071081691,61.69924423399363
629,1940,0.256,0.5,0.6027131585520416,0.7015305578616134,13,35,4,1,24,35,4,4,0.5617259118110896,62.88755357204426
629,1941,0.274,0.546,0.5809142206871443,0.6849473947400818,13,35,4,1,25,35,4,4,0.610894426230916,63.3510604794784
629,1942,0.296,0.591,0.5533887692216777,0.6643989704198079,13,35,4,1,26,35,4,4,0.6609818454390407,63.396183078151886
629,1943,0.319,0.637,0.5115003821991675,0.6395299929148959,13,35,4,1,27,35,4,4,0.7124113979997794,63.39898160886866
629,1944,0.345,0.682,0.45834107904813526,0.6091077036218022,13,35,4,1,28,35,4,4,0.7642964084699078,63.16674350511332
629,1945,0.377,0.728,0.39664171890052125,0.5756156946421387,13,35,4,1,29,35,4,4,0.8198249813222331,62.62229722866828
629,1946,0.42,0.773,0.32172415012720057,0.5363563714799171,13,35,4,1,30,35,4,4,0.8797323456597467,61.48310135322682
629,1947,0.478,0.818,0.23314225809821032,0.48941457955026135,13,35,4,1,31,35,4,4,0.9474217645800628,59.70003163415451
629,1948,0.556,0.864,0.15362672446592052,0.44267097274858835,13,35,4,1,32,35,4,4,1.027439535933867,57.23796868680096
629,1949,0.659,0.91,0.0746060390447093,0.388211198362836,13,35,4,1,33,35,4,4,1.1235572971593393,54.08885268011285
629,1950,0.797,0.955,0.016031736589105394,0.33372851579019036,13,35,4,1,34,35,4,4,1.243878611440843,50.153145285791055
629,1954,1,1,0,0.2928932188134524,13,35,4,1,10,13,7,4,1.4142135623730951,45
629,1955,1,1,0,0.2928932188134524,13,35,4,1,11,13,7,4,1.4142135623730951,45
629,1956,1,1,0,0.2928932188134524,13,35,4,1,12,13,7,4,1.4142135623730951,45
629,1957,1,0.96,7.677806928008124e-7,0.29292565980593843,13,35,4,1,10,14,7,4,1.3862178760930766,43.830860672092584
629,1958,1,0.959,7.955493177558282e-7,0.29294812107860724,13,35,4,1,11,14,7,4,1.385525532063556,43.80102906682782
629,1959,1,0.957,8.251230750877525e-7,0.2930016205473779,13,35,4,1,12,14,7,4,1.3841419724869266,43.7412763666856
629,1960,1,0.955,8.502049367864473e-7,0.29311847065444896,13,35,4,1,13,14,7,4,1.3827599213167845,43.681404157171436
629,1961,1,0.92,3.207027961493747e-5,0.29338903478698175,13,35,4,1,10,15,7,4,1.3588230201170424,42.61405596961119
629,1962,1,0.917,3.349453292389448e-5,0.29359376869676135,13,35,4,1,11,15,7,4,1.3567936468011634,42.52082345847564
629,1963,1,0.913,3.486260490170867e-5,0.293914874541795,13,35,4,1,12,15,7,4,1.3540934236602733,42.39607920836728
629,1964,1,0.91,3.610433958378678e-5,0.294343823027708,13,35,4,1,13,15,7,4,1.3520724832641184,42.3021943666837
629,1965,1,0.955,3.618548333250704e-5,0.29465096846521377,13,35,4,1,14,15,7,4,1.3827599213167845,43.681404157171436
629,1966,1,0.88,2.5741567293136036e-4,0.29510927388150276,13,35,4,1,10,16,7,4,1.332066064427737,41.34777721969367
629,1967,0.999,0.875,2.6882099954450567e-4,0.29567543683766273,13,35,4,1,11,16,7,4,1.3280158131588644,41.21433562286915
629,1968,0.999,0.87,2.8116947072098775e-4,0.2963789507187775,13,35,4,1,12,16,7,4,1.324726764280091,41.05165750040357
629,1969,0.999,0.864,2.931418473827163e-4,0.2971694375775775,13,35,4,1,13,16,7,4,1.320794079332581,40.85537625889571
629,1970,0.998,0.91,3.0332758954820793e-4,0.297874581069108,13,35,4,1,14,16,7,4,1.3505939434189687,42.359298733468776
629,1971,0.997,0.955,2.6977898180691184e-4,0.29780830345776765,13,35,4,1,15,16,7,4,1.3805919020478137,43.76739165605964
629,1972,0.998,0.84,0.0011240703956918452,0.2986575398634753,13,35,4,1,10,17,7,4,1.3044554419373626,40.08676131367132
629,1973,0.998,0.834,0.0011727302340182044,0.29967980577806197,13,35,4,1,11,17,7,4,1.30059986160233,39.88453746411934
629,1974,0.998,0.826,0.0012245830670589708,0.3008752304491551,13,35,4,1,12,17,7,4,1.2954844653642128,39.61303806488329
629,1975,0.997,0.818,0.0012810092575694654,0.30219859227215307,13,35,4,1,13,17,7,4,1.289625139333132,39.36755589406566
629,1976,0.996,0.864,0.0013380953828057152,0.30340814369472635,13,35,4,1,14,17,7,4,1.318526450246638,40.94065363520075
629,1977,0.994,0.909,0.0013405408387291429,0.30397442301730593,13,35,4,1,15,17,7,4,1.3469658496042132,42.44250848315578
629,1978,0.991,0.955,0.001068977263387283,0.3028174511225433,13,35,4,1,16,17,7,4,1.3762652360646184,43.94017841208559
629,1979,0.996,0.8,0.0033417516010464388,0.3044390824152985,13,35,4,1,10,18,7,4,1.2775038160412673,38.77187809554532
629,1980,0.995,0.792,0.003499750764855647,0.30600403874060056,13,35,4,1,11,18,7,4,1.2717267788326232,38.519084529902734
629,1981,0.994,0.783,0.003669815486756267,0.3077724761895789,13,35,4,1,12,18,7,4,1.2653556812216873,38.228436183904414
629,1982,0.993,0.773,0.003849904361182821,0.30966173429416044,13,35,4,1,13,18,7,4,1.2584029561313022,37.89894341253113
629,1983,0.991,0.818,0.004040008801072248,0.31140757268857666,13,35,4,1,14,18,7,4,1.284992217875268,39.53724885724714
629,1984,0.988,0.864,0.004159643435974858,0.31256718398855077,13,35,4,1,15,18,7,4,1.3124938095092107,41.169498623868115
629,1985,0.984,0.91,0.003946688840131274,0.31236888032628807,13,35,4,1,16,18,7,4,1.3402820598665044,42.762548981804834
629,1986,0.979,0.955,0.002863930036876572,0.30937432905618656,13,35,4,1,17,18,7,4,1.367649808978892,44.289023718587615
629,1987,0.991,0.76,0.0078986615218678,0.312697085626665,13,35,4,1,10,19,7,4,1.2488718909479866,37.48467501685073
629,1988,0.99,0.75,0.008242894442753612,0.3148793808954744,13,35,4,1,11,19,7,4,1.242014492669067,37.14668669802178
629,1989,0.989,0.739,0.008605526308684608,0.31728438644530066,13,35,4,1,12,19,7,4,1.23460196014748,36.76779932937692
629,1990,0.986,0.728,0.008983789286341026,0.3197928561435295,13,35,4,1,13,19,7,4,1.2256345295396993,36.43981338415838
629,1991,0.983,0.773,0.0093698029599254,0.32212305853975653,13,35,4,1,14,19,7,4,1.2505270888709288,38.18038679341138
629,1992,0.979,0.819,0.009666922230808339,0.3238195208013728,13,35,4,1,15,19,7,4,1.2764019743011994,39.91477146267538
629,1993,0.974,0.864,0.009544396837724012,0.32417489004735744,13,35,4,1,16,19,7,4,1.3019877111555238,41.57506681750201
629,1994,0.967,0.91,0.008435410537467436,0.32226488085045235,13,35,4,1,17,19,7,4,1.3278512717921387,43.26059878992683
629,1995,0.959,0.955,0.005420092904152907,0.3158056512767645,13,35,4,1,18,19,7,4,1.3534053347020618,44.88025977826629
629,1996,0.984,0.72,0.014528527606222919,0.3227996039394907,13,35,4,1,10,20,7,4,1.2192850364045316,36.1932073055647
629,1997,0.982,0.708,0.015193393777455988,0.3255180524275858,13,35,4,1,11,20,7,4,1.210614719884076,35.79075909758812
629,1998,0.98,0.696,0.015913087032402018,0.3284267691458761,13,35,4,1,12,20,7,4,1.2020049916701676,35.38252518993913
629,1999,0.976,0.682,0.016697520240091857,0.3313677049251543,13,35,4,1,13,20,7,4,1.1906720791217034,34.944713937520866
629,2000,0.972,0.727,0.017532760282410798,0.3340511850216604,13,35,4,1,14,20,7,4,1.2138010545390048,36.794371863899435
629,2001,0.966,0.773,0.01828127514449218,0.33607945612697465,13,35,4,1,15,20,7,4,1.2372085515385027,38.6670407432606
629,2002,0.959,0.819,0.01854307983588044,0.3369612177767798,13,35,4,1,16,20,7,4,1.261127273513661,40.497810507959024
629,2003,0.95,0.864,0.017652473634350963,0.3359479075124514,13,35,4,1,17,20,7,4,1.2841323919284957,42.28569440759705
629,2004,0.94,0.909,0.01460250336107094,0.33170593751256117,13,35,4,1,18,20,7,4,1.3076241814833496,44.0394793021958
629,2005,0.93,0.955,0.0093735202477635,0.32368025903609476,13,35,4,1,19,20,7,4,1.3330135033074497,45.759846425610505
629,2006,0.974,0.68,0.02559162582971397,0.3351953102851646,13,35,4,1,10,21,7,4,1.1878872000320568,34.920894439836495
629,2007,0.971,0.667,0.026987038630353677,0.33859360415823736,13,35,4,1,11,21,7,4,1.178019524456195,34.48597841594605
629,2008,0.967,0.652,0.0285396002620818,0.34221881418364264,13,35,4,1,12,21,7,4,1.1662731241008686,33.98982867899491
629,2009,0.962,0.637,0.03022665171051453,0.3459233540109067,13,35,4,1,13,21,7,4,1.1537820418085905,33.5110187978408
629,2010,0.956,0.682,0.03205058070660771,0.34945700596829976,13,35,4,1,14,21,7,4,1.1743338537230372,35.5036474379203
629,2011,0.949,0.727,0.03377772789013289,0.3524660695512366,13,35,4,1,15,21,7,4,1.1954622536910147,37.454625973129716
629,2012,0.939,0.773,0.034895750785141066,0.3544235155730193,13,35,4,1,16,21,7,4,1.2162442188968463,39.461764351079026
629,2013,0.928,0.818,0.034568845034052775,0.3545151809878002,13,35,4,1,17,21,7,4,1.237056183041013,41.39506472481876
629,2014,0.917,0.864,0.03177198262982284,0.352316728881921,13,35,4,1,18,21,7,4,1.2599146796509675,43.29546300301346
629,2015,0.904,0.909,0.026880940284378707,0.3473976836786996,13,35,4,1,19,21,7,4,1.281989469535534,45.1580133321948
629,2016,0.891,0.955,0.01759868357649408,0.3359757188561615,13,35,4,1,20,21,7,4,1.306103364975376,46.98562392073837
629,2017,0.96,0.64,0.04363429149798548,0.3513996273110247,13,35,4,1,10,22,7,4,1.1537764081484765,33.69006752597979
629,2018,0.956,0.625,0.046091420335625743,0.35579939898311963,13,35,4,1,11,22,7,4,1.1421738046374554,33.17528199960569
629,2019,0.951,0.609,0.04878850485697439,0.3604995500908247,13,35,4,1,12,22,7,4,1.1292838438585757,32.634627241461196
629,2020,0.944,0.591,0.05172393486185367,0.36533285495518564,13,35,4,1,13,22,7,4,1.1137400953543874,32.04900804367207
629,2021,0.936,0.637,0.0548622287074646,0.37000571572014784,13,35,4,1,14,22,7,4,1.1321947712297562,34.23746277685754
629,2022,0.926,0.682,0.05798492878688388,0.37407305450010886,13,35,4,1,15,22,7,4,1.1500434774390054,36.37168603323038
629,2023,0.914,0.728,0.06050570573084091,0.3769286841590377,13,35,4,1,16,22,7,4,1.1684947582252991,38.53728338443004
629,2024,0.901,0.773,0.06143980588864506,0.3780239364102329,13,35,4,1,17,22,7,4,1.187152054287908,40.62746905136689
629,2025,0.887,0.818,0.05990405627448836,0.3774150796914758,13,35,4,1,18,22,7,4,1.2066039118119916,42.68254975718253
629,2026,0.872,0.864,0.056004394392024315,0.37460636576449857,13,35,4,1,19,22,7,4,1.2275504062970286,44.73596601874089
629,2027,0.857,0.91,0.04682734652867404,0.3667366531259645,13,35,4,1,20,22,7,4,1.2500195998463386,46.71803403861421
629,2028,0.843,0.955,0.03014094568063741,0.3508416511882345,13,35,4,1,21,22,7,4,1.2738422194290782,48.564430819868114
629,2029,0.942,0.6,0.07051045288099567,0.3725969390858257,13,35,4,1,10,23,7,4,1.1168545115636146,32.49479994485373
629,2030,0.936,0.583,0.07499500136831216,0.37826738046535713,13,35,4,1,11,23,7,4,1.1027170988063983,31.917261344258915
629,2031,0.929,0.565,0.07973133651449671,0.3842678635326543,13,35,4,1,12,23,7,4,1.0873205599086224,31.30716560937649
629,2032,0.921,0.546,0.08469642563228019,0.39036779666790666,13,35,4,1,13,23,7,4,1.070680624649573,30.660898432707572
629,2033,0.91,0.591,0.08980160476155952,0.3961947525480317,13,35,4,1,14,23,7,4,1.085071887019473,33.00173110458842
629,2034,0.898,0.636,0.09467138881119697,0.40125155557668823,13,35,4,1,15,23,7,4,1.100409014866745,35.307672729001624
629,2035,0.884,0.682,0.09858110778413598,0.40502127777049357,13,35,4,1,16,23,7,4,1.1165034706618695,37.64994246932034
629,2036,0.868,0.727,0.10050768939291477,0.4072161811710956,13,35,4,1,17,23,7,4,1.1322336331340805,39.94811373036513
629,2037,0.852,0.773,0.1003789257203953,0.40778129550073683,13,35,4,1,18,23,7,4,1.1504055806540578,42.21673496967064
629,2038,0.835,0.818,0.09718972792872949,0.4057468925448917,13,35,4,1,19,23,7,4,1.1689093206917294,44.41077198201333
629,2039,0.819,0.864,0.08778784383627669,0.39942047385553403,13,35,4,1,20,23,7,4,1.1904860351973894,46.531607792011016
629,2040,0.802,0.909,0.07108688664826768,0.38667352123049703,13,35,4,1,21,23,7,4,1.2122231642729817,48.578419146655754
629,2041,0.787,0.955,0.04157266193507281,0.3620932388492949,13,35,4,1,22,23,7,4,1.2374950504951525,50.50861885870229
629,2042,0.92,0.56,0.10627118774432776,0.3979442332129788,13,35,4,1,10,24,7,4,1.077032961426901,31.328692867804172
629,2043,0.912,0.542,0.11246825089168022,0.40477322109321245,13,35,4,1,11,24,7,4,1.0608996182485881,30.722941547370457
629,2044,0.903,0.522,0.11901097134371552,0.4118266972995933,13,35,4,1,12,24,7,4,1.043021092787677,30.031051201714376
629,2045,0.892,0.5,0.1258299474407788,0.41879045755632294,13,35,4,1,13,24,7,4,1.0225771364547518,29.272292183499694
629,2046,0.879,0.546,0.1326217935966718,0.42523092072678825,13,35,4,1,14,24,7,4,1.0347738883446953,31.84691341683565
629,2047,0.864,0.591,0.13881907430134688,0.4306632079898708,13,35,4,1,15,24,7,4,1.0467936759457424,34.37321217321408
629,2048,0.848,0.637,0.14349875556169267,0.4346847519536836,13,35,4,1,16,24,7,4,1.0606003017159669,36.91311527258125
629,2049,0.83,0.682,0.14570486525575288,0.43709293909953373,13,35,4,1,17,24,7,4,1.0742550907489339,39.409492155910094
629,2050,0.812,0.727,0.1457034119542192,0.43764015242218857,13,35,4,1,18,24,7,4,1.0898958665854275,41.838727550902156
629,2051,0.793,0.773,0.14172518139652368,0.4353196506870801,13,35,4,1,19,24,7,4,1.1074195230354213,44.26829291601696
629,2052,0.775,0.819,0.13113188302312573,0.42870023437158844,13,35,4,1,20,24,7,4,1.1275575373345699,46.58116329499239
629,2053,0.757,0.864,0.11135644333117334,0.4156598304346937,13,35,4,1,21,24,7,4,1.1487144989073657,48.77653768168
629,2054,0.741,0.909,0.08099116928902672,0.39399400077440416,13,35,4,1,22,24,7,4,1.172758287116318,50.81371717933489
629,2055,0.727,0.955,0.04182428869361987,0.3620472359666138,13,35,4,1,23,24,7,4,1.2002308111359248,52.71955805243221
629,2056,0.893,0.52,0.14589961132583706,0.4239985884021755,13,35,4,1,10,25,7,4,1.0333677951242723,30.21253541852359
629,2057,0.883,0.5,0.1530710363619261,0.4314008791084415,13,35,4,1,11,25,7,4,1.0147359262389402,29.52076986876413
629,2058,0.872,0.478,0.1603353151094853,0.4387909148619986,13,35,4,1,12,25,7,4,0.9944184229990914,28.730017298806164
629,2059,0.858,0.455,0.16765292798844422,0.4458023868226275,13,35,4,1,13,25,7,4,0.9711791801722275,27.937142826538604
629,2060,0.843,0.5,0.17486616189930393,0.45199983721084236,13,35,4,1,14,25,7,4,0.9801270325830218,30.673019288910726
629,2061,0.825,0.546,0.18125513032969143,0.45696279207122903,13,35,4,1,15,25,7,4,0.9893133982717509,33.497315420468105
629,2062,0.806,0.591,0.18562318749860451,0.46037950143535467,13,35,4,1,16,25,7,4,0.9994583533094313,36.25075582794784
629,2063,0.786,0.637,0.18706495168890902,0.46204020857524175,13,35,4,1,17,25,7,4,1.0117138923628557,39.022434928052604
629,2064,0.766,0.682,0.18554309314049344,0.46153441332679657,13,35,4,1,18,25,7,4,1.025612012410151,41.67993267016637
629,2065,0.746,0.727,0.17834143495856225,0.4578062090741092,13,35,4,1,19,25,7,4,1.0416549332672504,44.260991553402256
629,2066,0.726,0.773,0.16428647248587314,0.44940306796083684,13,35,4,1,20,25,7,4,1.0604739506465963,46.79587705407612
629,2067,0.708,0.818,0.14010038990759832,0.434480520819865,13,35,4,1,21,25,7,4,1.0818447208356659,49.12297082670747
629,2068,0.692,0.864,0.10694721743243174,0.4121830827193327,13,35,4,1,22,25,7,4,1.1069598005347798,51.307857787991914
629,2069,0.678,0.91,0.06908675140371268,0.38418455064620327,13,35,4,1,23,25,7,4,1.1348057102429472,53.311864879982934
629,2070,0.666,0.955,0.03139530508197197,0.3518165442283354,13,35,4,1,24,25,7,4,1.1642942068051356,55.10876737605334
629,2071,0.861,0.48,0.18260558439049057,0.44769027562143204,13,35,4,1,10,26,7,4,0.9857590983602434,29.139285946245046
629,2072,0.849,0.458,0.18990398165364464,0.4550564630497297,13,35,4,1,11,26,7,4,0.9646579704745096,28.345005815106756
629,2073,0.835,0.435,0.19711420503903,0.4621645113018453,13,35,4,1,12,26,7,4,0.9415147370062775,27.51762481787846
629,2074,0.819,0.409,0.2040633294316332,0.4686516067310379,13,35,4,1,13,26,7,4,0.9154463392247522,26.53706105741254
629,2075,0.801,0.454,0.2105483775966306,0.4741322531775738,13,35,4,1,14,26,7,4,0.9207154826546581,29.544196375030808
629,2076,0.781,0.5,0.2156781961083789,0.47826832921144335,13,35,4,1,15,26,7,4,0.9273408219203985,32.62756943327962
629,2077,0.759,0.546,0.21849320838193864,0.480811133299642,13,35,4,1,16,26,7,4,0.9349850266180738,35.73001650089106
629,2078,0.737,0.591,0.21899417730030268,0.4815276793124762,13,35,4,1,17,26,7,4,0.94469571820772,38.72611182121865
629,2079,0.715,0.636,0.21639626625306885,0.47992385270269156,13,35,4,1,18,26,7,4,0.9569331220101016,41.653428524181656
629,2080,0.694,0.682,0.20778109045662563,0.47497420522075606,13,35,4,1,19,26,7,4,0.9730159299826494,44.50034017113631
629,2081,0.674,0.727,0.19211420437026205,0.4653788764486404,13,35,4,1,20,26,7,4,0.9913652202896771,47.166473192490905
629,2082,0.656,0.773,0.16663644854588067,0.4498615584611422,13,35,4,1,21,26,7,4,1.01383677187208,49.68067653076652
629,2083,0.64,0.818,0.13240448616693734,0.4284904208064031,13,35,4,1,22,26,7,4,1.0386163873153553,51.960512789487424
629,2084,0.626,0.864,0.09559487540021183,0.4035897250794993,13,35,4,1,23,26,7,4,1.0669451719746428,54.07527881124575
629,2085,0.616,0.909,0.06435540035384335,0.3809516579716513,13,35,4,1,24,26,7,4,1.0980605629927704,55.875772209645575
629,2086,0.608,0.955,0.03644290091298852,0.3567242682883943,13,35,4,1,25,26,7,4,1.1321170434190981,57.51716301460693
629,2087,0.824,0.44,0.21455575507015634,0.4693860751751636,13,35,4,1,10,27,7,4,0.9341177655948953,28.101351305961778
629,2088,0.81,0.416,0.22143480903202284,0.4765829808322699,13,35,4,1,11,27,7,4,0.9105800349227958,27.184136685068484
629,2089,0.794,0.391,0.22823422990129683,0.48338499814839964,13,35,4,1,12,27,7,4,0.8850519758748636,26.21763282047334
629,2090,0.775,0.364,0.2351747886466372,0.4894723323904664,13,35,4,1,13,27,7,4,0.8562248536453495,25.15838421446667
629,2091,0.754,0.409,0.24213608527151065,0.4945310479164883,13,35,4,1,14,27,7,4,0.8577861038743867,28.47718911287743
629,2092,0.732,0.454,0.24799182743012382,0.4983009213395815,13,35,4,1,15,27,7,4,0.8613593907307217,31.80795821704606
629,2093,0.708,0.5,0.2515546884037848,0.5005788357696201,13,35,4,1,16,27,7,4,0.8667548673067835,35.230299949468765
629,2094,0.684,0.546,0.2531204153543938,0.501113501819686,13,35,4,1,17,27,7,4,0.8751982632523903,38.59846375985028
629,2095,0.66,0.591,0.2510809201392049,0.49935604155738145,13,35,4,1,18,27,7,4,0.8859350992030962,41.84299991459485
629,2096,0.638,0.636,0.24340743209525917,0.49426658198259477,13,35,4,1,19,27,7,4,0.9008551492887189,44.91005379521899
629,2097,0.618,0.682,0.22705338583841106,0.48455412832032807,13,35,4,1,20,27,7,4,0.9203521065331464,47.81843978084812
629,2098,0.601,0.727,0.200429849427877,0.46918281561692166,13,35,4,1,21,27,7,4,0.9432550026371447,50.41997105833272
629,2099,0.586,0.773,0.16609965132259819,0.44902022202393677,13,35,4,1,22,27,7,4,0.9700128865123391,52.83476590020894
629,2100,0.574,0.818,0.13057568444361434,0.42807498463763505,13,35,4,1,23,27,7,4,0.9992997548283498,54.94221979480352
629,2101,0.565,0.864,0.10347781883865226,0.4102608087748709,13,35,4,1,24,27,7,4,1.0323376385659877,56.81791505928019
629,2102,0.56,0.909,0.07690960954156878,0.3913452163256782,13,35,4,1,25,27,7,4,1.0676520968929908,58.36437195149994
629,2103,0.558,0.955,0.04190582202710402,0.3619750826199758,13,35,4,1,26,27,7,4,1.1060691660108783,59.70254673162997
629,2104,0.783,0.4,0.24419414675507234,0.4905580147218942,13,35,4,1,10,28,7,4,0.8792547981103089,27.060475376767013
629,2105,0.766,0.375,0.2519601366996539,0.49776532200022394,13,35,4,1,11,28,7,4,0.8528663435732472,26.084342754345663
629,2106,0.747,0.348,0.26021276684294115,0.5045447100377237,13,35,4,1,12,28,7,4,0.824083126874953,24.979091121909526
629,2107,0.726,0.318,0.2689113293858143,0.5106231272665842,13,35,4,1,13,28,7,4,0.7925906888173744,23.65421335091024
629,2108,0.703,0.364,0.277773798080054,0.515741199644258,13,35,4,1,14,28,7,4,0.7916470173000085,27.374259791235332
629,2109,0.678,0.409,0.2855674044619775,0.5196768674228872,13,35,4,1,15,28,7,4,0.7918112148738485,31.100263437454593
629,2110,0.652,0.455,0.2913349036030114,0.5222143369489202,13,35,4,1,16,28,7,4,0.7950654061144907,34.909367920683906
629,2111,0.627,0.5,0.29456923162755255,0.5230078207904163,13,35,4,1,17,28,7,4,0.8019532405321398,38.57054518393198
629,2112,0.602,0.546,0.2924879074778379,0.52133440597999,13,35,4,1,18,28,7,4,0.8127238153271996,42.207297634286725
629,2113,0.58,0.591,0.2833150153286924,0.5159551633323678,13,35,4,1,19,28,7,4,0.8280585728075037,45.53820242314885
629,2114,0.561,0.637,0.26403516600457255,0.5055055482687516,13,35,4,1,20,28,7,4,0.8488168235844528,48.629926337711446
629,2115,0.545,0.682,0.2347647695016133,0.4895526509506839,13,35,4,1,21,28,7,4,0.8730114546785742,51.370940819619584
629,2116,0.532,0.727,0.20061921602027133,0.47045795176797633,13,35,4,1,22,28,7,4,0.9008623646262508,53.80428889128122
629,2117,0.522,0.773,0.16975414388569643,0.45277795570920354,13,35,4,1,23,28,7,4,0.9327448740143255,55.96919441838551
629,2118,0.516,0.819,0.14577299165006863,0.4379361440103863,13,35,4,1,24,28,7,4,0.9679963842907678,57.787569869689484
629,2119,0.514,0.864,0.11996374349967931,0.42075001288013303,13,35,4,1,25,28,7,4,1.005331786028871,59.2512726783153
629,2120,0.515,0.91,0.0856755023637461,0.39741098900866034,13,35,4,1,26,28,7,4,1.0456218245618252,60.493000169306924
629,2121,0.519,0.955,0.04742936861588709,0.3669582331826202,13,35,4,1,27,28,7,4,1.0869158201075186,61.47788826091417
629,2122,0.737,0.36,0.2764290988663648,0.512593563982807,13,35,4,1,10,29,7,4,0.8202249691395648,26.033971375182777
629,2123,0.718,0.333,0.28610217871559596,0.5201156001380277,13,35,4,1,11,29,7,4,0.7914625701825703,24.88131864793727
629,2124,0.697,0.304,0.2966290760003819,0.5272425785119556,13,35,4,1,12,29,7,4,0.7604110730387873,23.564661139752936
629,2125,0.673,0.273,0.3079960346126972,0.5337332921437931,13,35,4,1,13,29,7,4,0.7262630377487209,22.079755496751915
629,2126,0.647,0.318,0.3193729623665241,0.5393508896077467,13,35,4,1,14,29,7,4,0.7209251001317682,26.17408108251941
629,2127,0.62,0.363,0.3288640299561564,0.5438613932479341,13,35,4,1,15,29,7,4,0.7184490239397643,30.348284842815012
629,2128,0.592,0.409,0.3357518818779657,0.5469701780700724,13,35,4,1,16,29,7,4,0.7195449951184428,34.639756380996474
629,2129,0.566,0.454,0.3392894332115036,0.5481619596152597,13,35,4,1,17,29,7,4,0.7255839027982911,38.73380190152075
629,2130,0.542,0.5,0.3369049385139168,0.5464864606287765,13,35,4,1,18,29,7,4,0.7374035530155791,42.69182264854109
629,2131,0.521,0.545,0.32573784573132325,0.5405891407130465,13,35,4,1,19,29,7,4,0.7539668427722801,46.289743377777086
629,2132,0.503,0.591,0.3041023418755603,0.5294648215746423,13,35,4,1,20,29,7,4,0.7760734501321379,49.59889943728224
629,2133,0.489,0.636,0.2745790904892429,0.5138368623240235,13,35,4,1,21,29,7,4,0.8022574399779662,52.44447130416847
629,2134,0.478,0.682,0.24391668640268083,0.4970577147624192,13,35,4,1,22,29,7,4,0.8328313154534958,54.97416368525388
629,2135,0.472,0.727,0.22097680618599047,0.48269255515352816,13,35,4,1,23,29,7,4,0.8667831331999948,57.00661481580236
629,2136,0.47,0.773,0.20097338480568983,0.4701286133119683,13,35,4,1,24,29,7,4,0.9046706583061042,58.699532810529824
629,2137,0.471,0.818,0.1751140886008944,0.45502513008869494,13,35,4,1,25,29,7,4,0.9439094236207201,60.066894086112185
629,2138,0.475,0.864,0.14385709128153523,0.4361844751003644,13,35,4,1,26,29,7,4,0.9859619668121078,61.19938991024352
629,2139,0.483,0.909,0.1081444516828588,0.41357592754298633,13,35,4,1,27,29,7,4,1.0293541664558414,62.015917248342056
629,2140,0.494,0.955,0.06446919845157462,0.3810576348777609,13,35,4,1,28,29,7,4,1.0752027715738088,62.64849209403644
629,2141,0.687,0.32,0.3130504888240805,0.5371430498222476,13,35,4,1,10,30,7,4,0.7578713611161199,24.97578850184259
629,2142,0.665,0.291,0.32538667940594324,0.5453914023005791,13,35,4,1,11,30,7,4,0.725882910668105,23.63389739456738
629,2143,0.642,0.261,0.338684233030457,0.5533222476900315,13,35,4,1,12,30,7,4,0.6930259735392318,22.123809987645178
629,2144,0.615,0.227,0.35259235688886914,0.5607043667604825,13,35,4,1,13,30,7,4,0.6555562523536786,20.259390558229097
629,2145,0.587,0.273,0.36602859328500503,0.5672866517913595,13,35,4,1,14,30,7,4,0.6473777876943261,24.94203901217893
629,2146,0.558,0.318,0.37746310673359795,0.572770992670329,13,35,4,1,15,30,7,4,0.6422522868779839,29.678489925135207
629,2147,0.53,0.364,0.38644810179573486,0.5767216568972181,13,35,4,1,16,30,7,4,0.6429587856153768,34.48098576797849
629,2148,0.504,0.409,0.39103070327453837,0.5784051053806059,13,35,4,1,17,30,7,4,0.6490739557246155,39.05960388424968
629,2149,0.481,0.454,0.3892103382485238,0.5766728024761405,13,35,4,1,18,30,7,4,0.6614204411718767,43.345929132744345
629,2150,0.461,0.5,0.37763416932674976,0.5702557929083367,13,35,4,1,19,30,7,4,0.6800889647685808,47.32394368719816
629,2151,0.446,0.546,0.35532755016348194,0.5588014243645147,13,35,4,1,20,30,7,4,0.7050049645215274,50.75633826112338
629,2152,0.435,0.591,0.3270973145059314,0.5439828838145362,13,35,4,1,21,30,7,4,0.7338296805117656,53.64542253425361
629,2153,0.428,0.636,0.30142065867477186,0.5291543355728514,13,35,4,1,22,30,7,4,0.7666028958985219,56.0611824615918
629,2154,0.425,0.682,0.28164746088485404,0.5164105723151278,13,35,4,1,23,30,7,4,0.8035850919473309,58.070194876973545
629,2155,0.427,0.727,0.2603258739321985,0.5040408565210217,13,35,4,1,24,30,7,4,0.8431239529274447,59.5723559454578
629,2156,0.432,0.773,0.2319821352652317,0.48900535423203584,13,35,4,1,25,30,7,4,0.885524138575567,60.80085272518815
629,2157,0.441,0.818,0.20140556562835843,0.4714096651468652,13,35,4,1,26,30,7,4,0.9293035026297921,61.67001382645802
629,2158,0.452,0.864,0.16761188000759508,0.45082238261775975,13,35,4,1,27,30,7,4,0.9750897394599125,62.38376807337826
629,2159,0.467,0.909,0.12102058081361078,0.4215109054658541,13,35,4,1,28,30,7,4,1.0219442254839546,62.80810534912749
629,2160,0.483,0.955,0.06359394572113919,0.38076454659207304,13,35,4,1,29,30,7,4,1.0701934404583127,63.1715768481584
629,2161,0.633,0.28,0.35507396161047455,0.5650642624435589,13,35,4,1,10,31,7,4,0.692162553162189,23.861631024747687
629,2162,0.609,0.25,0.3701789487194741,0.5744156914158381,13,35,4,1,11,31,7,4,0.6583167930411619,22.318592884957795
629,2163,0.583,0.217,0.3863093571480245,0.583526678047387,13,35,4,1,12,31,7,4,0.6220755581117136,20.415905304562063
629,2164,0.554,0.182,0.40344532936543953,0.5921389523712148,13,35,4,1,13,31,7,4,0.5831294881928027,18.186378670862418
629,2165,0.524,0.227,0.41999681364679686,0.5999323361315888,13,35,4,1,14,31,7,4,0.5710560392816103,23.422555400005223
629,2166,0.494,0.273,0.4342773509622605,0.6064735691050425,13,35,4,1,15,31,7,4,0.5644156269984026,28.926425835253614
629,2167,0.466,0.318,0.44593604999633674,0.6111139162548884,13,35,4,1,16,31,7,4,0.5641630969852601,34.309761723500905
629,2168,0.441,0.364,0.4519073266907241,0.6128750082874284,13,35,4,1,17,31,7,4,0.5718190273154611,39.536157186763354
629,2169,0.42,0.409,0.4482515306153715,0.6105072088637775,13,35,4,1,18,31,7,4,0.5862431236270494,44.23978698463229
629,2170,0.403,0.454,0.43258486182485745,0.6030636098969899,13,35,4,1,19,31,7,4,0.6070625997374571,48.405650656985095
629,2171,0.391,0.5,0.40720238222687855,0.5909713584205656,13,35,4,1,20,31,7,4,0.6347290760631658,51.974592511734684
629,2172,0.383,0.546,0.3795998460898561,0.5765148582979902,13,35,4,1,21,31,7,4,0.6669370285116879,54.95167638803234
629,2173,0.381,0.591,0.35849297797373847,0.5626472634372656,13,35,4,1,22,31,7,4,0.7031656988221197,57.19133647060235
629,2174,0.383,0.637,0.34078105397850755,0.5504474609323701,13,35,4,1,23,31,7,4,0.7432751845716363,58.98336320651001
629,2175,0.389,0.682,0.3191410540029965,0.5381726712127177,13,35,4,1,24,31,7,4,0.7851401148839614,60.300376023434545
629,2176,0.398,0.727,0.2941239338347241,0.5239951921712005,13,35,4,1,25,31,7,4,0.8288142131985913,61.30126573154473
629,2177,0.411,0.773,0.26604301324900237,0.5079516240375737,13,35,4,1,26,31,7,4,0.8754713016427209,62.00065821091513
629,2178,0.426,0.818,0.23182205479341866,0.4881275195321737,13,35,4,1,27,31,7,4,0.9222797840135063,62.490293156069306
629,2179,0.444,0.864,0.18436337368304323,0.46092706568327413,13,35,4,1,28,31,7,4,0.9714072266562566,62.801872051490875
629,2180,0.462,0.91,0.1346767766667566,0.4302371286398249,13,35,4,1,29,31,7,4,1.0205606302420254,63.083445383048655
629,2181,0.481,0.955,0.07628699901858238,0.3903509407546343,13,35,4,1,30,31,7,4,1.069292289320371,63.26720758046076
629,2182,0.576,0.24,0.4024070519202928,0.5976457144537897,13,35,4,1,10,32,7,4,0.624,22.61986494804043
629,2183,0.55,0.208,0.4208669947604736,0.608535634561107,13,35,4,1,11,32,7,4,0.5880170065567832,20.71570661228079
629,2184,0.521,0.174,0.4408479086851391,0.619247222638261,13,35,4,1,12,32,7,4,0.5492877205982307,18.467934299711366
629,2185,0.491,0.136,0.46185592165661804,0.6294525811967473,13,35,4,1,13,32,7,4,0.509486996890009,15.481972902167092
629,2186,0.459,0.182,0.4818699699681709,0.6387049320216822,13,35,4,1,14,32,7,4,0.4937661389767427,21.629027066994002
629,2187,0.429,0.227,0.49928204865320447,0.646373235477093,13,35,4,1,15,32,7,4,0.4853555397850116,27.88499687099977
629,2188,0.402,0.273,0.5114991018796704,0.6515596414955391,13,35,4,1,16,32,7,4,0.4859351808626332,34.18060159802124
629,2189,0.378,0.318,0.515096926526551,0.6530919717952696,13,35,4,1,17,32,7,4,0.49397165910606655,40.072890052350985
629,2190,0.36,0.364,0.5065860229844832,0.6498046539258917,13,35,4,1,18,32,7,4,0.5119531228540363,45.31654804727301
629,2191,0.347,0.409,0.4872518263664999,0.6412940408591946,13,35,4,1,19,32,7,4,0.5363674113888726,49.688368102091665
629,2192,0.339,0.455,0.4628093667172264,0.6287509506085162,13,35,4,1,20,32,7,4,0.5674028551214736,53.311864879982934
629,2193,0.336,0.5,0.44190764413407035,0.6147697892331998,13,35,4,1,21,32,7,4,0.6024084992760311,56.098899249642336
629,2194,0.339,0.546,0.42580530586185505,0.6018022847709301,13,35,4,1,22,32,7,4,0.6426795468972076,58.16471756731542
629,2195,0.346,0.591,0.4089806291309719,0.5902499954192684,13,35,4,1,23,32,7,4,0.6848335564208284,59.65322901467293
629,2196,0.357,0.637,0.38882005699797084,0.5784079599228666,13,35,4,1,24,32,7,4,0.7302177757354308,60.7320047851073
629,2197,0.37,0.682,0.3659569942356474,0.564761152047388,13,35,4,1,25,32,7,4,0.775902055674555,61.519195240197206
629,2198,0.387,0.728,0.3397132126148342,0.5486827925099187,13,35,4,1,26,32,7,4,0.8244713457725502,62.00518280900442
629,2199,0.405,0.773,0.30240791568911374,0.5283032326373203,13,35,4,1,27,32,7,4,0.8726706136910994,62.348485601136176
629,2200,0.424,0.819,0.25688761437594587,0.5032655334583418,13,35,4,1,28,32,7,4,0.9222456288863612,62.62919321310182
629,2201,0.443,0.864,0.2105416066942173,0.47602574584323587,13,35,4,1,29,32,7,4,0.9709505651679697,62.85435738808615
629,2202,0.463,0.91,0.15319431779010506,0.44229351968146435,13,35,4,1,30,32,7,4,1.0210137119549374,63.033408102935354
629,2203,0.484,0.955,0.08237211916107456,0.39502767220002855,13,35,4,1,31,32,7,4,1.0706451326186468,63.12382191708036
629,2204,0.516,0.2,0.4560049534018249,0.6360574031178282,13,35,4,1,10,33,7,4,0.553404011550332,21.186176440399137
629,2205,0.488,0.166,0.47856419946124973,0.6489689510532346,13,35,4,1,11,33,7,4,0.5154609587543949,18.786452262795365
629,2206,0.457,0.13,0.5029010704130809,0.6617268926765791,13,35,4,1,12,33,7,4,0.4751305083869063,15.879138885631567
629,2207,0.425,0.091,0.5282405104363537,0.6738768180824186,13,35,4,1,13,33,7,4,0.4346331786690933,12.085549977699888
629,2208,0.392,0.136,0.5510811785582057,0.6847711380367241,13,35,4,1,14,33,7,4,0.4149216793564781,19.133643205905482
629,2209,0.363,0.182,0.5694040122309398,0.6935058744843376,13,35,4,1,15,33,7,4,0.40607019097688024,26.62815223032495
629,2210,0.337,0.227,0.5800787117508864,0.6989006344796798,13,35,4,1,16,33,7,4,0.40632253198659807,33.963833672315864
629,2211,0.317,0.273,0.5802511642254057,0.6996582073626415,13,35,4,1,17,33,7,4,0.41835152682881416,40.73498950622314
629,2212,0.303,0.318,0.5687246365309415,0.6948717092888699,13,35,4,1,18,33,7,4,0.4392413914921954,46.38368696736851
629,2213,0.295,0.363,0.5491837295663731,0.6848063962098234,13,35,4,1,19,33,7,4,0.46775420896021874,50.900199417274834
629,2214,0.292,0.409,0.5292429623175041,0.6713011069182382,13,35,4,1,20,33,7,4,0.5025385557347813,54.47557591574969
629,2215,0.296,0.454,0.51388138445339,0.6570079981933665,13,35,4,1,21,33,7,4,0.5419704789008346,56.89635805026743
629,2216,0.303,0.5,0.4997940728060891,0.6438036745845976,13,35,4,1,22,33,7,4,0.5846443363276514,58.78413694219066
629,2217,0.315,0.546,0.4824231772266008,0.6314960585734578,13,35,4,1,23,33,7,4,0.6303499028317527,60.01836063115067
629,2218,0.33,0.591,0.461402602673326,0.6182961212065401,13,35,4,1,24,33,7,4,0.6768906854138266,60.822073277087796
629,2219,0.348,0.636,0.43643334050905935,0.6027551728706193,13,35,4,1,25,33,7,4,0.7249827584156744,61.31385242626057
629,2220,0.366,0.682,0.4027331194109778,0.5841415332974351,13,35,4,1,26,33,7,4,0.774002583975015,61.77946228380271
629,2221,0.386,0.727,0.35950831455830234,0.5615778536308598,13,35,4,1,27,33,7,4,0.8231190679361036,62.033972619138304
629,2222,0.405,0.773,0.31476375153711933,0.5359251935082432,13,35,4,1,28,33,7,4,0.8726706136910994,62.348485601136176
629,2223,0.426,0.819,0.26487434823275424,0.5080534279098952,13,35,4,1,29,33,7,4,0.9231668321598214,62.51896062614369
629,2224,0.45,0.864,0.20788399017835402,0.47468996023215027,13,35,4,1,30,33,7,4,0.9741642571969061,62.487997376148556
629,2225,0.478,0.909,0.13911214298460073,0.43258594249498894,13,35,4,1,31,33,7,4,1.027017526627467,62.262246039726996
629,2226,0.51,0.955,0.07065686066511456,0.3860655612067051,13,35,4,1,32,33,7,4,1.08264721862664,61.89638251599436
629,2227,0.453,0.16,0.5162063983441063,0.6808108827113741,13,35,4,1,10,34,7,4,0.48042585275981975,19.45326558178309
629,2228,0.423,0.125,0.5433091906192744,0.696219896847933,13,35,4,1,11,34,7,4,0.44108275867460517,16.46284605083365
629,2229,0.391,0.087,0.5723914517525184,0.7114284245206663,13,35,4,1,12,34,7,4,0.40056210504739465,12.544322406717908
629,2230,0.357,0.045,0.6009374434644009,0.7257719177593323,13,35,4,1,13,34,7,4,0.3598249574445886,7.184267392426863
629,2231,0.325,0.091,0.62521511623465,0.7382894901328831,13,35,4,1,14,34,7,4,0.3374996296294264,15.642246457208728
629,2232,0.297,0.136,0.6431273717277217,0.7476877421772747,13,35,4,1,15,34,7,4,0.32665731279124915,24.603633509307652
629,2233,0.275,0.182,0.6516725172277594,0.7524507178307855,13,35,4,1,16,34,7,4,0.32977113275725034,33.4973154204681
629,2234,0.26,0.227,0.6477309989855654,0.7512533985299807,13,35,4,1,17,34,7,4,0.345150691727541,41.12346045400281
629,2235,0.251,0.273,0.6331860802133557,0.7436814139469257,13,35,4,1,18,34,7,4,0.37085037414029937,47.404136053753696
629,2236,0.249,0.318,0.6151195733474915,0.7308386842960402,13,35,4,1,19,34,7,4,0.40388736053508784,51.93838580533624
629,2237,0.252,0.364,0.5989270667495619,0.7151563566708341,13,35,4,1,20,34,7,4,0.4427188724235731,55.30484646876604
629,2238,0.261,0.409,0.5837359370246458,0.69920883758021,13,35,4,1,21,34,7,4,0.48518243991307025,57.45635023337621
629,2239,0.275,0.454,0.5659322194560419,0.684319358986973,13,35,4,1,22,34,7,4,0.5307928032669622,58.79558409689153
629,2240,0.291,0.5,0.5448677576362287,0.6698675178358496,13,35,4,1,23,34,7,4,0.5785162054774265,59.800594824117816
629,2241,0.309,0.546,0.5206539140525582,0.6541306039106747,13,35,4,1,24,34,7,4,0.627373094737095,60.49300016930694
629,2242,0.328,0.591,0.4906214179501329,0.6359518047495971,13,35,4,1,25,34,7,4,0.6759178944220962,60.97009590493079
629,2243,0.348,0.637,0.45336041075942857,0.6149470589972499,13,35,4,1,26,34,7,4,0.7258601793734106,61.35174213423189
629,2244,0.369,0.682,0.41232959155834603,0.590940314899653,13,35,4,1,27,34,7,4,0.7754256895409128,61.58414237740826
629,2245,0.393,0.727,0.3677430206210035,0.5646082326245557,13,35,4,1,28,34,7,4,0.8264248302174856,61.605332206123634
629,2246,0.42,0.773,0.31594906553997226,0.5353315528669351,13,35,4,1,29,34,7,4,0.8797323456597467,61.48310135322682
629,2247,0.453,0.818,0.25261026367190864,0.5001530674172705,13,35,4,1,30,34,7,4,0.9350577522271017,61.022766284316425
629,2248,0.492,0.864,0.18181302688140377,0.46021117894100516,13,35,4,1,31,34,7,4,0.9942635465509132,60.340890764004904
629,2249,0.54,0.91,0.12010556710686737,0.42127116989117586,13,35,4,1,32,34,7,4,1.0581587782558912,59.314826910404875
629,2250,0.598,0.955,0.05346964005786303,0.3716752759216828,13,35,4,1,33,34,7,4,1.126778150302889,57.94610673618715
629,2251,0.389,0.12,0.5825068300994918,0.7314886311281155,13,35,4,1,10,35,7,4,0.4070884424790269,17.144120169735707
629,2252,0.357,0.083,0.6142574281211226,0.7498189728599738,13,35,4,1,11,35,7,4,0.36652148640973287,13.088352134896247
629,2253,0.323,0.043,0.6473102998569014,0.7677918229802271,13,35,4,1,12,35,7,4,0.32584965858505976,7.583023863678119
629,2254,0.289,0,0.6779088816998702,0.7843903853672702,13,35,4,1,13,35,7,4,0.289,0
629,2255,0.259,0.045,0.7028533951002647,0.7981220514934042,13,35,4,1,14,35,7,4,0.26288020085202307,9.85647082136268
629,2256,0.234,0.091,0.7189876966479012,0.8070562647571176,13,35,4,1,15,35,7,4,0.2510717029057636,21.25050550713324
629,2257,0.217,0.136,0.7220259248868672,0.8092403210108078,13,35,4,1,16,35,7,4,0.25609568524284043,32.07652859309861
629,2258,0.207,0.182,0.7125751708532075,0.8035858576109101,13,35,4,1,17,35,7,4,0.2756320010448714,41.32280902015724
629,2259,0.205,0.227,0.6963028882161404,0.7907080397587853,13,35,4,1,18,35,7,4,0.3058659837248987,47.91532211664252
629,2260,0.21,0.273,0.6792346910132038,0.7728952603803215,13,35,4,1,19,35,7,4,0.34442560880399126,52.43140797117251
629,2261,0.22,0.318,0.6621455637849754,0.7531088763962717,13,35,4,1,20,35,7,4,0.3866833329741534,55.32358895403572
629,2262,0.235,0.364,0.6436506904815094,0.7336494948611778,13,35,4,1,21,35,7,4,0.43326781555984517,57.15353535522028
629,2263,0.252,0.409,0.6232179849619396,0.7152362351791104,13,35,4,1,22,35,7,4,0.48040087427064493,58.36124409285906
629,2264,0.271,0.455,0.599726488656604,0.6968990833089483,13,35,4,1,23,35,7,4,0.5295904077681166,59.22178614678042
629,2265,0.29,0.5,0.5692407792905618,0.6770196447036343,13,35,4,1,24,35,7,4,0.578013840664737,59.88626684901757
629,2266,0.311,0.546,0.5302825919629542,0.65466595943155,13,35,4,1,25,35,7,4,0.6283605652807949,60.33428771240287
629,2267,0.336,0.591,0.4850617283809333,0.6295755860463876,13,35,4,1,26,35,7,4,0.6798360096376184,60.38056082230531
629,2268,0.364,0.637,0.4352503195296714,0.6016113589443157,13,35,4,1,27,35,7,4,0.733665455095168,60.25511870305778
629,2269,0.399,0.682,0.3797245912829863,0.5708915352109176,13,35,4,1,28,35,7,4,0.7901423922306663,59.6704881823526
629,2270,0.44,0.728,0.31630400189548835,0.536642234435196,13,35,4,1,29,35,7,4,0.8506374080652697,58.851419013804986
629,2271,0.491,0.773,0.24564954421870444,0.4982918637161432,13,35,4,1,30,35,7,4,0.9157565178583225,57.57679411293422
629,2272,0.552,0.818,0.17904783728933082,0.4586837697982037,13,35,4,1,31,35,7,4,0.9868272391862721,55.98786852762818
629,2273,0.626,0.864,0.1179577808074932,0.4176586714541667,13,35,4,1,32,35,7,4,1.0669451719746428,54.07527881124575
629,2274,0.716,0.91,0.05321781420366156,0.368637364453152,13,35,4,1,33,35,7,4,1.1579101864997994,51.803864759648825
629,2275,0.831,0.955,0.012512234580262627,0.3267651817650208,13,35,4,1,34,35,7,4,1.2659328576192341,48.97160909154921
629,2279,1,1,0,0.2928932188134524,13,35,4,1,10,13,10,4,1.4142135623730951,45
629,2280,1,1,0,0.2928932188134524,13,35,4,1,11,13,10,4,1.4142135623730951,45
629,2281,1,1,0,0.2928932188134524,13,35,4,1,12,13,10,4,1.4142135623730951,45
629,2282,1,0.96,7.939283757085747e-7,0.2929444569460923,13,35,4,1,10,14,10,4,1.3862178760930766,43.830860672092584
629,2283,1,0.959,8.162651485843497e-7,0.2929766837346035,13,35,4,1,11,14,10,4,1.385525532063556,43.80102906682782
629,2284,1,0.957,8.366736630183169e-7,0.2930422642819367,13,35,4,1,12,14,10,4,1.3841419724869266,43.7412763666856
629,2285,1,0.955,8.564496392082788e-7,0.29314474242833943,13,35,4,1,13,14,10,4,1.3827599213167845,43.681404157171436
629,2286,1,0.92,3.372913266197486e-5,0.293610887802249,13,35,4,1,10,15,10,4,1.3588230201170424,42.61405596961119
629,2287,1,0.917,3.4775006328424674e-5,0.2938533577014263,13,35,4,1,11,15,10,4,1.3567936468011634,42.52082345847564
629,2288,1,0.913,3.5756477676285314e-5,0.29417711551012615,13,35,4,1,12,15,10,4,1.3540934236602733,42.39607920836728
629,2289,1,0.91,3.668146633417635e-5,0.2945255898100102,13,35,4,1,13,15,10,4,1.3520724832641184,42.3021943666837
629,2290,1,0.955,3.608712552805038e-5,0.2946828922497078,13,35,4,1,14,15,10,4,1.3827599213167845,43.681404157171436
629,2291,0.999,0.88,2.7387516072630014e-4,0.2958475605821389,13,35,4,1,10,16,10,4,1.3313155148198341,41.376208640598755
629,2292,0.999,0.875,2.834438589904842e-4,0.2964136597191611,13,35,4,1,11,16,10,4,1.3280158131588644,41.21433562286915
629,2293,0.999,0.87,2.924657592395796e-4,0.29704693489301326,13,35,4,1,12,16,10,4,1.324726764280091,41.05165750040357
629,2294,0.999,0.864,3.0137055976353633e-4,0.29768655675529354,13,35,4,1,13,16,10,4,1.320794079332581,40.85537625889571
629,2295,0.998,0.91,3.0714650025498447e-4,0.298111464461857,13,35,4,1,14,16,10,4,1.3505939434189687,42.359298733468776
629,2296,0.997,0.955,2.625162060470032e-4,0.29773819214900843,13,35,4,1,15,16,10,4,1.3805919020478137,43.76739165605964
629,2297,0.998,0.84,0.0012060342854310901,0.3002283324561027,13,35,4,1,10,17,10,4,1.3044554419373626,40.08676131367132
629,2298,0.998,0.834,0.0012474623500916548,0.3012156152989337,13,35,4,1,11,17,10,4,1.30059986160233,39.88453746411934
629,2299,0.997,0.826,0.0012907503281185395,0.3022855776128871,13,35,4,1,12,17,10,4,1.2947142541889312,39.641254137107246
629,2300,0.996,0.818,0.0013361783297126673,0.3033253857550583,13,35,4,1,13,17,10,4,1.2888522025430225,39.395753312241965
629,2301,0.995,0.864,0.001376380747516337,0.30406945979278266,13,35,4,1,14,17,10,4,1.3177712244543816,40.969144624301904
629,2302,0.993,0.909,0.001339860686990213,0.3041001947916815,13,35,4,1,15,17,10,4,1.3462280638881363,42.47123026036525
629,2303,0.991,0.955,0.0010211342105538312,0.30250446135361186,13,35,4,1,16,17,10,4,1.3762652360646184,43.94017841208559
629,2304,0.995,0.8,0.003648153947362731,0.3071967707119626,13,35,4,1,10,18,10,4,1.2767243241984545,38.79998113532084
629,2305,0.994,0.792,0.0037823695915315536,0.3086664347917397,13,35,4,1,11,18,10,4,1.270944530654269,38.5471600246719
629,2306,0.993,0.783,0.003925523825933475,0.3101955044718757,13,35,4,1,12,18,10,4,1.2645702827443004,38.25647300825066
629,2307,0.991,0.773,0.004074708235613289,0.31163805957180113,13,35,4,1,13,18,10,4,1.2568253657529354,37.954949795286474
629,2308,0.989,0.818,0.004211338744264714,0.31274929336459945,13,35,4,1,14,18,10,4,1.2834504275584624,39.59408523688601
629,2309,0.986,0.864,0.0042307411311821586,0.313150349799614,13,35,4,1,15,18,10,4,1.3109889396940007,41.22703866289622
629,2310,0.982,0.91,0.003869163150678201,0.31220916304664037,13,35,4,1,16,18,10,4,1.3388144008786282,42.82066254640459
629,2311,0.978,0.955,0.002700702737272742,0.3087124904130556,13,35,4,1,17,18,10,4,1.3669341608138996,44.31829242421404
629,2312,0.989,0.76,0.008640580000734865,0.3170179544512167,13,35,4,1,10,19,10,4,1.2472854524927324,37.54058412202328
629,2313,0.988,0.75,0.008927586607798355,0.31901351587218585,13,35,4,1,11,19,10,4,1.2404208963089909,37.20247179889837
629,2314,0.986,0.739,0.009224207868337775,0.321028796230275,13,35,4,1,12,19,10,4,1.2322000649245235,36.851298140081816
629,2315,0.983,0.728,0.009528258015982116,0.3228884984869659,13,35,4,1,13,19,10,4,1.22322238370625,36.523279271091425
629,2316,0.98,0.773,0.0098042851940800535,0.3243207219466725,13,35,4,1,14,19,10,4,1.248170260821816,38.2655116917397
629,2317,0.975,0.819,0.009893631600455421,0.3249322073587778,13,35,4,1,15,19,10,4,1.2733365619505315,40.0302592718897
629,2318,0.97,0.864,0.009474997976658961,0.3242172183738985,13,35,4,1,16,19,10,4,1.2989980754412225,41.69214642981176
629,2319,0.964,0.91,0.0080736355356941791,0.32142208310969744,13,35,4,1,17,19,10,4,1.3256681334331002,43.34945774520226
629,2320,0.957,0.955,0.004973974037608131,0.3145125834744069,13,35,4,1,18,19,10,4,1.3519889052799212,44.9400671981004
629,2321,0.98,0.72,0.01614825422366284,0.32869531130546725,13,35,4,1,10,20,10,4,1.2160592090848208,36.304497122575235
629,2322,0.978,0.708,0.016754386559651224,0.33107033357699744,13,35,4,1,11,20,10,4,1.2073723535016032,35.90177085445246
629,2323,0.975,0.696,0.017398902282048434,0.33339157826785004,13,35,4,1,12,20,10,4,1.1979319680182177,35.520997798409766
629,2324,0.971,0.682,0.018070587751366496,0.3354790912181108,13,35,4,1,13,20,10,4,1.1865770097216615,35.083003478118115
629,2325,0.966,0.727,0.01870174472685271,0.33709540794735193,13,35,4,1,14,20,10,4,1.209001654258587,36.96467965948907
629,2326,0.959,0.773,0.019076864404301452,0.33794330519728444,13,35,4,1,15,20,10,4,1.2317507864823956,38.870480260916416
629,2327,0.952,0.819,0.018754478149815235,0.3375960436007812,13,35,4,1,16,20,10,4,1.2558124860025879,40.70521674297732
629,2328,0.944,0.864,0.017224069952910037,0.3352676067180632,13,35,4,1,17,20,10,4,1.2796999648355079,42.46644111160543
629,2329,0.935,0.909,0.013748143126955159,0.33042228601020807,13,35,4,1,18,20,10,4,1.3040345087458385,44.19219546617279
629,2330,0.926,0.955,0.008684331511082166,0.32217840245584806,13,35,4,1,19,20,10,4,1.3302259206615994,45.88327803061464
629,2331,0.967,0.68,0.029391604210718736,0.34335961246765856,13,35,4,1,10,21,10,4,1.1821543892402548,35.11510865541613
629,2332,0.963,0.667,0.030716342340106673,0.3463770511405766,13,35,4,1,11,21,10,4,1.1714341637497174,34.70752709318675
629,2333,0.959,0.652,0.032143874878883705,0.3493644004566697,13,35,4,1,12,21,10,4,1.1596486536878314,34.21079933035749
629,2334,0.953,0.637,0.03361377791868869,0.3521479247720224,13,35,4,1,13,21,10,4,1.1462887943271538,33.759382492785086
629,2335,0.946,0.682,0.03500486698383998,0.3544791487771253,13,35,4,1,14,21,10,4,1.1662075287014744,35.78897345918334
629,2336,0.938,0.727,0.035967535787861826,0.3559984271809634,13,35,4,1,15,21,10,4,1.1867489203702692,37.77759235262672
629,2337,0.929,0.773,0.035943414745088664,0.3562203063086734,13,35,4,1,16,21,10,4,1.20854044202087,39.763080321731756
629,2338,0.919,0.818,0.03428038672068778,0.354768149109998,13,35,4,1,17,21,10,4,1.2303190643081168,41.67221349844094
629,2339,0.908,0.864,0.03080728877978689,0.3516382026794209,13,35,4,1,18,21,10,4,1.2533794317763476,43.57759798632202
629,2340,0.897,0.909,0.025479418211538762,0.34564111921774887,13,35,4,1,19,21,10,4,1.2770630368153328,45.38069725142676
629,2341,0.886,0.955,0.016114723709393042,0.3336168808754789,13,35,4,1,20,21,10,4,1.3026975857811358,47.14641998769346
629,2342,0.949,0.64,0.05086413923175659,0.36303842485825233,13,35,4,1,10,22,10,4,1.1446401181157333,33.99549403666481
629,2343,0.944,0.625,0.05322139612162824,0.36698340982056876,13,35,4,1,11,22,10,4,1.132148841804822,33.50759750748073
629,2344,0.937,0.609,0.05571422459610087,0.3708672237554791,13,35,4,1,12,22,10,4,1.11751957477263,33.02171818491897
629,2345,0.929,0.591,0.05835313165916589,0.3744571965048985,13,35,4,1,13,22,10,4,1.101054948674225,32.46321015388242
629,2346,0.92,0.637,0.06094687164169088,0.3774394938051895,13,35,4,1,14,22,10,4,1.119003574614487,34.69839186161616
629,2347,0.91,0.682,0.06296728142646546,0.37945427083564254,13,35,4,1,15,22,10,4,1.1372000703482217,36.84974436510179
629,2348,0.899,0.728,0.0637338815840488,0.3802255421049717,13,35,4,1,16,22,10,4,1.1567994640386035,39.00015990061207
629,2349,0.887,0.773,0.06253350716293593,0.3797230732349163,13,35,4,1,17,22,10,4,1.1765619405709162,41.07139789457272
629,2350,0.874,0.818,0.05983622842957803,0.37782532933631097,13,35,4,1,18,22,10,4,1.1970797801316335,43.10437774138525
629,2351,0.862,0.864,0.05429571117507215,0.3733115525809477,13,35,4,1,19,22,10,4,1.2204671236866644,45.06639137180702
629,2352,0.849,0.91,0.04372347186643666,0.3639511123139981,13,35,4,1,20,22,10,4,1.2445485125136746,46.98615263924603
629,2353,0.837,0.955,0.027712416600558454,0.3477878934708559,13,35,4,1,21,22,10,4,1.2698795218444938,48.767385936213216
629,2354,0.925,0.6,0.08426829041894646,0.38878987031861056,13,35,4,1,10,23,10,4,1.1025538535599975,32.96940390346213
629,2355,0.918,0.583,0.08821572750498641,0.3937333696206785,13,35,4,1,11,23,10,4,1.0874801147607251,32.418660735381835
629,2356,0.91,0.565,0.0922632608173587,0.3984959629605829,13,35,4,1,12,23,10,4,1.0711325781620125,31.835282432684572
629,2357,0.899,0.546,0.09636137804930445,0.4028076189946772,13,35,4,1,13,23,10,4,1.0518160485560202,31.272046516910503
629,2358,0.888,0.591,0.10015680325471332,0.40637069504966217,13,35,4,1,14,23,10,4,1.0666888018536616,33.64537503932411
629,2359,0.875,0.636,0.10302129582195496,0.4089286508355011,13,35,4,1,15,23,10,4,1.0817213134629455,36.011796472685624
629,2360,0.862,0.682,0.10432388754875943,0.410333321682249,13,35,4,1,16,23,10,4,1.0991669572908385,38.350456383546074
629,2361,0.848,0.727,0.1038704905615182,0.41046160089699857,13,35,4,1,17,23,10,4,1.1169749325745855,40.60685842237221
629,2362,0.834,0.773,0.10142688078490525,0.40883488536264223,13,35,4,1,18,23,10,4,1.1371389536903571,42.82615721592589
629,2363,0.82,0.818,0.09522653233571576,0.4044838928228447,13,35,4,1,19,23,10,4,1.158241770961486,44.93004181802188
629,2364,0.806,0.864,0.08372950715803495,0.3964261368417583,13,35,4,1,20,23,10,4,1.181580297736891,46.98911379433603
629,2365,0.793,0.909,0.06494514416998975,0.38181160434016115,13,35,4,1,21,23,10,4,1.206287693711579,48.898970647600144
629,2366,0.782,0.955,0.03752530585149649,0.3577104166342062,13,35,4,1,22,23,10,4,1.234321270982559,50.68773100244259
629,2367,0.896,0.56,0.12663469373516212,0.41842745450773233,13,35,4,1,10,24,10,4,1.0566058867903396,32.005383208083494
629,2368,0.886,0.542,0.1319710323479757,0.4239398499260558,13,35,4,1,11,24,10,4,1.0386337179198448,31.455716128546694
629,2369,0.875,0.522,0.137292459066909,0.42906172038305745,13,35,4,1,12,24,10,4,1.0188763418590108,30.8190948814304
629,2370,0.863,0.5,0.14241244453545765,0.4335282880530097,13,35,4,1,13,24,10,4,0.9973810706044105,30.08689904978998
629,2371,0.849,0.546,0.14681423512806335,0.43709324995930765,13,35,4,1,14,24,10,4,1.0094141865458401,32.74545766119762
629,2372,0.834,0.591,0.14980411889314094,0.4395685347326478,13,35,4,1,15,24,10,4,1.0221726859978209,35.32264858158557
629,2373,0.818,0.637,0.15073324864214377,0.4408080241541886,13,35,4,1,16,24,10,4,1.0367704664003503,37.908912287399
629,2374,0.803,0.682,0.15000645794414247,0.4405652842703065,13,35,4,1,17,24,10,4,1.0535335780125854,40.34174589032439
629,2375,0.787,0.727,0.14635628775042797,0.43827309886491406,13,35,4,1,18,24,10,4,1.0714000186671644,42.73054904142156
629,2376,0.772,0.773,0.13786604491429777,0.43304644340575293,13,35,4,1,19,24,10,4,1.092480205770338,45.0370846417554
629,2377,0.758,0.819,0.12407250986773355,0.4237275459320248,13,35,4,1,20,24,10,4,1.1159413067003119,47.215155987724955
629,2378,0.745,0.864,0.10150773807305091,0.4087708051529946,13,35,4,1,21,24,10,4,1.1408422327386025,49.22983636641503
629,2379,0.732,0.909,0.07166460943168862,0.38659455710617063,13,35,4,1,22,24,10,4,1.167092541317954,51.156183451958995
629,2380,0.722,0.955,0.03709901128345927,0.35702139396472543,13,35,4,1,23,24,10,4,1.1972088372543865,52.90995593854685
629,2381,0.86,0.52,0.1699937521364251,0.4467703652869408,13,35,4,1,10,25,10,4,1.004987562112089,31.159304508344384
629,2382,0.848,0.5,0.1757162935877633,0.4520993734962344,13,35,4,1,11,25,10,4,0.9844308000057698,30.524564036938578
629,2383,0.835,0.478,0.18139482542172158,0.45682037292714284,13,35,4,1,12,25,10,4,0.9621377240291538,29.789199281797067
629,2384,0.819,0.455,0.18663960705344784,0.4607042863708476,13,35,4,1,13,25,10,4,0.936902342829817,29.054604099077146
629,2385,0.803,0.5,0.19056547530541257,0.4635515966474991,13,35,4,1,14,25,10,4,0.9459434443982367,31.9090770804153
629,2386,0.786,0.546,0.19242089409316476,0.46519236350072435,13,35,4,1,15,25,10,4,0.9570329147944704,34.78602701492951
629,2387,0.768,0.591,0.1920826720399208,0.46542686248504217,13,35,4,1,16,25,10,4,0.96907430055698,37.57940663411867
629,2388,0.751,0.637,0.1890739850462252,0.46389265122817924,13,35,4,1,17,25,10,4,0.9847690084481742,40.30468955834838
629,2389,0.735,0.682,0.18177592914090002,0.4599334017760168,13,35,4,1,18,25,10,4,1.002670933058299,42.857966537210984
629,2390,0.719,0.727,0.16972041407372473,0.4526239315713234,13,35,4,1,19,25,10,4,1.0224920537588544,45.31698586413679
629,2391,0.704,0.773,0.15068617737227985,0.44087834201714726,13,35,4,1,20,25,10,4,1.045535747834573,47.67470315138841
629,2392,0.691,0.818,0.12504475543037008,0.42386132848226843,13,35,4,1,21,25,10,4,1.070796432567834,49.81077283955246
629,2393,0.68,0.864,0.09300446805941154,0.4019836003905245,13,35,4,1,22,25,10,4,1.099498067301621,51.79594401601895
629,2394,0.67,0.91,0.05922232795699922,0.3759695435648297,13,35,4,1,23,25,10,4,1.1300442469213319,53.637131415070755
629,2395,0.661,0.955,0.02795369542248749,0.34783558479647825,13,35,4,1,24,25,10,4,1.1614413459146355,55.3110864795792
629,2396,0.818,0.48,0.20756286620622744,0.4707311901019794,13,35,4,1,10,26,10,4,0.9484323908429109,30.404285689607644
629,2397,0.803,0.458,0.21271919116812144,0.4754398312150906,13,35,4,1,11,26,10,4,0.9244311764539316,29.698755629048488
629,2398,0.787,0.435,0.21764740451470777,0.4794120446869439,13,35,4,1,12,26,10,4,0.8992185496307336,28.930828574379166
629,2399,0.769,0.409,0.22187562587499976,0.4824609711818403,13,35,4,1,13,26,10,4,0.8710005740526237,28.006705357967355
629,2400,0.75,0.454,0.22463920469136578,0.4844188837045541,13,35,4,1,14,26,10,4,0.876707476870136,31.187917280045088
629,2401,0.731,0.5,0.22540570704273288,0.48511398095447344,13,35,4,1,15,26,10,4,0.8856415753565321,34.37191432817569
629,2402,0.713,0.546,0.22419664499452752,0.48430234645081716,13,35,4,1,16,26,10,4,0.8980450990902406,37.44411229091594
629,2403,0.695,0.591,0.2197347934679449,0.4815649493974168,13,35,4,1,17,26,10,4,0.9123080620053732,40.37649961203344
629,2404,0.678,0.636,0.21075926701767833,0.4762400832371728,13,35,4,1,18,26,10,4,0.9296128226310134,43.16925135197451
629,2405,0.662,0.682,0.19635081836230028,0.4674947643306202,13,35,4,1,19,26,10,4,0.9504567323134705,45.85255283973276
629,2406,0.648,0.727,0.17467849630087273,0.4545327442605239,13,35,4,1,20,26,10,4,0.9738752486843476,48.28828790796179
629,2407,0.635,0.773,0.14627097605810635,0.43708756315736474,13,35,4,1,21,26,10,4,1.0003769289622786,50.59775871968981
629,2408,0.625,0.818,0.11466034611360343,0.41615909781642035,13,35,4,1,22,26,10,4,1.0294411105060843,52.61804956835235
629,2409,0.616,0.864,0.08276378570996401,0.3947481229673565,13,35,4,1,23,26,10,4,1.0611088539824742,54.51253760227899
629,2410,0.609,0.909,0.05814479546468587,0.37549676576301394,13,35,4,1,24,26,10,4,1.0941489843709584,56.17921989581789
629,2411,0.605,0.955,0.03287329360581759,0.35293763752617624,13,35,4,1,25,26,10,4,1.13050873503923,57.645420396532955
629,2412,0.769,0.44,0.24034644648132764,0.4926859603732533,13,35,4,1,10,27,10,4,0.8859802480868295,29.77696628841584
629,2413,0.752,0.416,0.2462346510378457,0.4970231123214912,13,35,4,1,11,27,10,4,0.8593951361277302,28.950995207466804
629,2414,0.733,0.391,0.25208839288886975,0.5006233010252297,13,35,4,1,12,27,10,4,0.8307647079648967,28.076543848648917
629,2415,0.713,0.364,0.25703706590652264,0.5033339543341034,13,35,4,1,13,27,10,4,0.8005404424512231,27.045172169408477
629,2416,0.692,0.409,0.2602433755941833,0.5050028614784285,13,35,4,1,14,27,10,4,0.8038314499943381,30.58480554726941
629,2417,0.672,0.454,0.2616985722067451,0.505440825192169,13,35,4,1,15,27,10,4,0.810987052917616,34.04277306768275
629,2418,0.652,0.5,0.26094850838540806,0.5043488101325222,13,35,4,1,16,27,10,4,0.8216471262044309,37.48355828373051
629,2419,0.634,0.546,0.2563511912761717,0.5012272943069679,13,35,4,1,17,27,10,4,0.8367030536576283,40.73498950622314
629,2420,0.617,0.591,0.2468613418231156,0.4953365726757887,13,35,4,1,18,27,10,4,0.8543828181792984,43.76700306322192
629,2421,0.602,0.636,0.22984854022038315,0.4858216815773756,13,35,4,1,19,27,10,4,0.875728268357257,46.573155855992596
629,2422,0.589,0.682,0.2053707615948902,0.47211208701024154,13,35,4,1,20,27,10,4,0.9011353949324153,49.18491612511842
629,2423,0.578,0.727,0.17520667744639862,0.45475961939960285,13,35,4,1,21,27,10,4,0.9287696162127612,51.51361042455253
629,2424,0.569,0.773,0.1434637336831518,0.43615997736661705,13,35,4,1,22,27,10,4,0.9598385280868861,53.64347026181861
629,2425,0.562,0.818,0.11683746527888783,0.4193007361800174,13,35,4,1,23,27,10,4,0.9924555405659238,55.5093169015879
629,2426,0.558,0.864,0.09410059363827827,0.4038261423466424,13,35,4,1,24,27,10,4,1.028523213155639,57.144278049567
629,2427,0.556,0.909,0.06992011759642425,0.3852587817461397,13,35,4,1,25,27,10,4,1.0655594774577344,58.54749364363368
629,2428,0.556,0.955,0.037372321873789804,0.3572259925130399,13,35,4,1,26,27,10,4,1.1050615367480672,59.792080616280316
629,2429,0.714,0.4,0.277299976040286,0.5152605614759131,13,35,4,1,10,28,10,4,0.8184106548671027,29.258599603746536
629,2430,0.695,0.375,0.28510646999765843,0.5196352844775297,13,35,4,1,11,28,10,4,0.7897151385151483,28.349894501396964
629,2431,0.673,0.348,0.2929248290984262,0.523308765761869,13,35,4,1,12,28,10,4,0.7576496551837135,27.342927187366776
629,2432,0.651,0.318,0.2994495586401933,0.5261238518299053,13,35,4,1,13,28,10,4,0.7245170805439993,26.03454986040418
629,2433,0.629,0.364,0.3037892126007111,0.527888782490162,13,35,4,1,14,28,10,4,0.7267303488915267,30.057809563541323
629,2434,0.608,0.409,0.30574968186423046,0.5283239899944958,13,35,4,1,15,28,10,4,0.7327653103142916,33.92861784123374
629,2435,0.588,0.455,0.30400187381449095,0.526983643277875,13,35,4,1,16,28,10,4,0.7434843643278586,37.73304559418831
629,2436,0.57,0.5,0.29744964639443505,0.5231926065421724,13,35,4,1,17,28,10,4,0.7582216034906946,41.25701170431287
629,2437,0.554,0.546,0.2841137748354787,0.5161115577822009,13,35,4,1,18,28,10,4,0.7778380294122936,44.58331076820643
629,2438,0.541,0.591,0.2632899608055016,0.5050988774125138,13,35,4,1,19,28,10,4,0.8012253116321275,47.52908845322481
629,2439,0.529,0.637,0.23551962570285567,0.49041200931376505,13,35,4,1,20,28,10,4,0.8280157003342389,50.29188568318351
629,2440,0.521,0.682,0.20507289156716335,0.4738295457350449,13,35,4,1,21,28,10,4,0.8582336511696568,52.62271882862009
629,2441,0.515,0.727,0.17728845175676633,0.4580243248288264,13,35,4,1,22,28,10,4,0.8909287289115779,54.68659994892975
629,2442,0.511,0.773,0.15553303724368928,0.4442226172922412,13,35,4,1,23,28,10,4,0.9266336924588917,56.532872125217736
629,2443,0.51,0.819,0.13425986549238444,0.430247739091454,13,35,4,1,24,28,10,4,0.964811380529894,58.089039546768
629,2444,0.511,0.864,0.10776795367162362,0.41252940182215636,13,35,4,1,25,28,10,4,1.0038012751536034,59.398436463595175
629,2445,0.514,0.91,0.07713586551360752,0.39087811020579233,13,35,4,1,26,28,10,4,1.045129657028256,60.5407112511103
629,2446,0.519,0.955,0.042479234401254895,0.36205582508569545,13,35,4,1,27,28,10,4,1.0869158201075186,61.47788826091417
629,2447,0.654,0.36,0.32100159852302446,0.540292442033103,13,35,4,1,10,29,10,4,0.7465360004715111,28.83096831239038
629,2448,0.631,0.333,0.3308986663628565,0.5450668734720081,13,35,4,1,11,29,10,4,0.7134773997822216,27.822123592892503
629,2449,0.608,0.304,0.33993410064188656,0.5491433367485311,13,35,4,1,12,29,10,4,0.679764665159936,26.56505117707799
629,2450,0.584,0.273,0.3468224655506742,0.5523148788042143,13,35,4,1,13,29,10,4,0.6446588244955621,25.054478559073015
629,2451,0.562,0.318,0.35152615599127257,0.5542975220729562,13,35,4,1,14,29,10,4,0.6457305939786344,29.502756893193375
629,2452,0.541,0.363,0.3531846968254939,0.5546754129315394,13,35,4,1,15,29,10,4,0.6514982732133677,33.86080795568718
629,2453,0.522,0.409,0.35008597764958715,0.5528548723559037,13,35,4,1,16,29,10,4,0.6631477964978848,38.07958350182186
629,2454,0.505,0.454,0.34069949247520104,0.5481058196739408,13,35,4,1,17,29,10,4,0.679073633709924,41.9558553516657
629,2455,0.491,0.5,0.32391900168880206,0.5398190503800417,13,35,4,1,18,29,10,4,0.7007717174658236,45.52033081675963
629,2456,0.48,0.545,0.30008210288382975,0.52802872556345,13,35,4,1,19,29,10,4,0.7262403183519902,48.628532155436424
629,2457,0.472,0.591,0.2728782039956734,0.5138984744221452,13,35,4,1,20,29,10,4,0.7563497868050205,51.38751428688422
629,2458,0.466,0.636,0.24682424868778718,0.49951885711941857,13,35,4,1,21,29,10,4,0.7884491105962389,53.769602509241366
629,2459,0.463,0.682,0.22670711591234927,0.4866002165936917,13,35,4,1,22,29,10,4,0.8243136538963795,55.82798068927209
629,2460,0.463,0.727,0.2084430227508407,0.47486284763179276,13,35,4,1,23,29,10,4,0.8619153090646435,57.5084141241387
629,2461,0.465,0.773,0.18701596061998793,0.4620465994697355,13,35,4,1,24,29,10,4,0.9020831447266932,58.970887093786445
629,2462,0.47,0.818,0.1601159664032743,0.4465223452202185,13,35,4,1,25,29,10,4,0.9434108330944689,60.119525473251414
629,2463,0.477,0.864,0.13110517171105418,0.42844040118077087,13,35,4,1,26,29,10,4,0.9869270489757589,61.0976429637982
629,2464,0.485,0.909,0.09933448609400997,0.4071753594668147,13,35,4,1,27,29,10,4,1.0302941327601551,61.9176993423738
629,2465,0.495,0.955,0.057345786350538885,0.3751485998627755,13,35,4,1,28,29,10,4,1.0756625865019198,62.60118136778559
629,2466,0.589,0.32,0.370908612182431,0.5699799368136793,13,35,4,1,10,30,10,4,0.6703141054759328,28.514955418997193
629,2467,0.563,0.291,0.3830037298905282,0.5755171686671012,13,35,4,1,11,30,10,4,0.6337586291325744,27.333261887384616
629,2468,0.538,0.261,0.3936644043245898,0.5802880813905223,13,35,4,1,12,30,10,4,0.59796739041523,25.879420127090476
629,2469,0.514,0.227,0.40188735790038366,0.5839920592968427,13,35,4,1,13,30,10,4,0.5618941181397079,23.827894872017307
629,2470,0.492,0.273,0.40754150009139944,0.5862160584404217,13,35,4,1,14,30,10,4,0.5626659755130037,29.024932543203963
629,2471,0.472,0.318,0.4092186932709633,0.5864068348795344,13,35,4,1,15,30,10,4,0.5691291593302876,33.96928451402607
629,2472,0.455,0.364,0.40531608027334887,0.5839035761223195,13,35,4,1,16,30,10,4,0.5826843056063893,38.65980825409009
629,2473,0.441,0.409,0.393633153153616,0.5781139654077748,13,35,4,1,17,30,10,4,0.601466541047796,42.84400060038141
629,2474,0.43,0.454,0.37379464727123257,0.5688775232929617,13,35,4,1,18,30,10,4,0.6253127217640786,46.55515950506717
629,2475,0.423,0.5,0.34893729220569913,0.556859556517542,13,35,4,1,19,30,10,4,0.654926713457315,49.76877894342586
629,2476,0.418,0.546,0.3236052719065916,0.5435595162371757,13,35,4,1,20,30,10,4,0.6876336233780311,52.563495897067185
629,2477,0.416,0.591,0.3027579517085396,0.5306235403620747,13,35,4,1,21,30,10,4,0.7227288564876871,54.85860324928974
629,2478,0.418,0.636,0.28430380139526656,0.5187187174858627,13,35,4,1,22,30,10,4,0.7610650432124708,56.68577403335237
629,2479,0.421,0.682,0.26418203937959095,0.5069371979550046,13,35,4,1,23,30,10,4,0.801476761983777,58.31288130575335
629,2480,0.427,0.727,0.23960974904430887,0.49374584583300274,13,35,4,1,24,30,10,4,0.8431239529274447,59.5723559454578
629,2481,0.436,0.773,0.2135592969205784,0.4787160757152249,13,35,4,1,25,30,10,4,0.8874823941915693,60.57542720130282
629,2482,0.446,0.818,0.18517917714801602,0.4618697107312504,13,35,4,1,26,30,10,4,0.931686642600397,61.3993562975353
629,2483,0.458,0.864,0.15192869769532125,0.44096792425632025,13,35,4,1,27,30,10,4,0.9778854738669553,62.07226869573222
629,2484,0.471,0.909,0.10721117523801049,0.4119046471221358,13,35,4,1,28,30,10,4,1.0237782963122435,62.608985631046835
629,2485,0.485,0.955,0.057159849000273044,0.3750810414665894,13,35,4,1,29,30,10,4,1.0710975679180679,63.07610729657327
629,2486,0.518,0.28,0.4296966638404387,0.6048497753907164,13,35,4,1,10,31,10,4,0.5888327436547666,28.393019421383
629,2487,0.492,0.25,0.44453577951225753,0.6112387716198155,13,35,4,1,11,31,10,4,0.5518731738361632,26.936493490448793
629,2488,0.466,0.217,0.45721967543181963,0.616633115959968,13,35,4,1,12,31,10,4,0.5140476631597503,24.969758636624576
629,2489,0.443,0.182,0.46729635516236634,0.6205963175259726,13,35,4,1,13,31,10,4,0.478929013529145,22.33458475416338
629,2490,0.422,0.227,0.47293440999936864,0.6225756163565535,13,35,4,1,14,31,10,4,0.4791795070743322,28.276460737280235
629,2491,0.405,0.273,0.47221770689319154,0.6219386102421844,13,35,4,1,15,31,10,4,0.4884199013144326,33.982888381210785
629,2492,0.391,0.318,0.4631534199674492,0.6181093619385349,13,35,4,1,16,31,10,4,0.5039890871834429,39.12143144402072
629,2493,0.38,0.364,0.44527296167785346,0.6108306297221878,13,35,4,1,17,31,10,4,0.5262090839200707,43.76802259736027
629,2494,0.374,0.409,0.4215885134996378,0.6004674763450242,13,35,4,1,18,31,10,4,0.5542174663433118,47.55941029978045
629,2495,0.37,0.454,0.39692823186020076,0.5881115392851051,13,35,4,1,19,31,10,4,0.5856756781700944,50.82072424552504
629,2496,0.37,0.5,0.3763659058989741,0.5752410568559891,13,35,4,1,20,31,10,4,0.6220128616033594,53.49855887949368
629,2497,0.373,0.546,0.3591531407049531,0.5629986385556186,13,35,4,1,21,31,10,4,0.6612450377885645,55.66105667305134
629,2498,0.378,0.591,0.34182960672044915,0.5515225815812601,13,35,4,1,22,31,10,4,0.7015447241623302,57.39726630149912
629,2499,0.386,0.637,0.3213403450533049,0.5399560449409255,13,35,4,1,23,31,10,4,0.7448254829152934,58.78558427712196
629,2500,0.396,0.682,0.29896741396125104,0.5273285552654636,13,35,4,1,24,31,10,4,0.7886317264731366,59.85861444792466
629,2501,0.408,0.727,0.27423409260201725,0.5131744038618116,13,35,4,1,25,31,10,4,0.8336624016950746,60.69840409034293
629,2502,0.422,0.773,0.24590185463648562,0.49647127454688667,13,35,4,1,26,31,10,4,0.8806889348686061,61.36877158840592
629,2503,0.436,0.818,0.20801305533052517,0.47511263676175564,13,35,4,1,27,31,10,4,0.9269412063340371,61.94205698552856
629,2504,0.452,0.864,0.1644731681938365,0.4494848606096923,13,35,4,1,28,31,10,4,0.9750897394599125,62.38376807337826
629,2505,0.468,0.91,0.12133720846066565,0.4217749788163663,13,35,4,1,29,31,10,4,1.0232907700160303,62.78388844269253
629,2506,0.484,0.955,0.06774634758184805,0.38365416461280555,13,35,4,1,30,31,10,4,1.0706451326186468,63.12382191708036
629,2507,0.445,0.24,0.49835614658394867,0.6465834943753866,13,35,4,1,10,32,10,4,0.5055937104039171,28.33913203589589
629,2508,0.418,0.208,0.5154045058201384,0.6538872030331395,13,35,4,1,11,32,10,4,0.4668918504321959,26.45528928163251
629,2509,0.393,0.174,0.5287354681221181,0.6598036616009624,13,35,4,1,12,32,10,4,0.4297964634568321,23.881276017609
629,2510,0.372,0.136,0.5373200425468354,0.6637567919217676,13,35,4,1,13,32,10,4,0.3960807998376089,20.081977484180754
629,2511,0.354,0.182,0.5392289402391064,0.6651087411206517,13,35,4,1,14,32,10,4,0.39804522356134353,27.20879689125337
629,2512,0.34,0.227,0.5328207287415847,0.6632798385072936,13,35,4,1,15,32,10,4,0.40881413869874905,33.72893846948232
629,2513,0.331,0.273,0.5182435057741472,0.6579561516188731,13,35,4,1,16,32,10,4,0.4290571057563317,39.514905650356816
629,2514,0.325,0.318,0.4979871776072803,0.649326619158573,13,35,4,1,17,32,10,4,0.45469660214257157,44.37627587340577
629,2515,0.323,0.364,0.4763657623789651,0.638202147391532,13,35,4,1,18,32,10,4,0.4866466890876789,48.41534783545103
629,2516,0.325,0.409,0.4576981207702575,0.6258543204564126,13,35,4,1,19,32,10,4,0.5224040581771929,51.52860768096797
629,2517,0.33,0.455,0.4418506073237939,0.6135467646819388,13,35,4,1,20,32,10,4,0.5620720594372219,54.04757199990071
629,2518,0.337,0.5,0.4262411818969889,0.6019657974829936,13,35,4,1,21,32,10,4,0.602966831591921,56.020029899854315
629,2519,0.347,0.546,0.40896565565134735,0.5908919876871871,13,35,4,1,22,32,10,4,0.6469350817508662,57.56277082284585
629,2520,0.359,0.591,0.38979260993249853,0.5794211792943728,13,35,4,1,23,32,10,4,0.6914925885358425,58.72362078926954
629,2521,0.373,0.637,0.3686719930246305,0.5666113198364914,13,35,4,1,24,32,10,4,0.7381720666619673,59.64858210907007
629,2522,0.388,0.682,0.34391774099529426,0.5517440309876179,13,35,4,1,25,32,10,4,0.7846451427237666,60.36380484429654
629,2523,0.403,0.728,0.31125758518110036,0.5339618482340571,13,35,4,1,26,32,10,4,0.8321015563018735,61.032339353935974
629,2524,0.419,0.773,0.2722728180662286,0.5129481206363743,13,35,4,1,27,32,10,4,0.8792553667734988,61.54035941075406
629,2525,0.435,0.819,0.23329058047715534,0.4898369085226483,13,35,4,1,28,32,10,4,0.9273543012247261,62.025640849387976
629,2526,0.452,0.864,0.1885935382428725,0.46380242611200073,13,35,4,1,29,32,10,4,0.9750897394599125,62.38376807337826
629,2527,0.469,0.91,0.13658060143517237,0.43162636829231016,13,35,4,1,30,32,10,4,1.0237485042724117,62.73411797265961
629,2528,0.488,0.955,0.07248947501480818,0.38699054006820577,13,35,4,1,31,32,10,4,1.0724593232379491,62.93320544803009
629,2529,0.369,0.2,0.575237227979919,0.6965448432462571,13,35,4,1,10,33,10,4,0.41971537975156453,28.457932756225265
629,2530,0.343,0.166,0.5922422331660633,0.7046742539915054,13,35,4,1,11,33,10,4,0.3810577384071868,25.825358032209717
629,2531,0.321,0.13,0.6041869388408022,0.7107948330458906,13,35,4,1,12,33,10,4,0.3463249918790153,22.04718075969969
629,2532,0.303,0.091,0.6098341995546148,0.7141999412445266,13,35,4,1,13,33,10,4,0.3163700365078842,16.716590821266553
629,2533,0.29,0.136,0.6071984202495366,0.7142429375112587,13,35,4,1,14,33,10,4,0.3203061035946708,25.124957815281828
629,2534,0.281,0.182,0.5960574111207364,0.7105307987053726,13,35,4,1,15,33,10,4,0.3347909795678492,32.930598775963
629,2535,0.277,0.227,0.5788203696456099,0.7031310833871535,13,35,4,1,16,33,10,4,0.35813126085277736,39.33443300609047
629,2536,0.277,0.273,0.5600855709024839,0.6926785582411419,13,35,4,1,17,33,10,4,0.3889190147061468,44.58331076820643
629,2537,0.281,0.318,0.5435076839850017,0.6802746076538329,13,35,4,1,18,33,10,4,0.4243642303493545,48.53464740006537
629,2538,0.288,0.363,0.5288272161317475,0.6671617235377773,13,35,4,1,19,33,10,4,0.46337134136672714,51.57192265431589
629,2539,0.298,0.409,0.5136666790739473,0.6542745785184052,13,35,4,1,20,33,10,4,0.506048416655956,53.922681156520355
629,2540,0.31,0.454,0.49695200367272985,0.6418672027932555,13,35,4,1,21,33,10,4,0.549741757555309,55.67398122022252
629,2541,0.324,0.5,0.47786865925619826,0.6294304722896515,13,35,4,1,22,33,10,4,0.5957986236976383,57.05676253383263
629,2542,0.339,0.546,0.45630971204557724,0.6160270559594577,13,35,4,1,23,33,10,4,0.6426795468972076,58.16471756731542
629,2543,0.355,0.591,0.4302194372241198,0.6008359981511897,13,35,4,1,24,33,10,4,0.6894243975955594,59.007738107336515
629,2544,0.371,0.636,0.3976560370687683,0.5833824359723979,13,35,4,1,25,33,10,4,0.7362995314408396,59.743562836470744
629,2545,0.387,0.682,0.3601464499272121,0.5634697470211751,13,35,4,1,26,33,10,4,0.7841511333920268,60.42731366243568
629,2546,0.404,0.727,0.321966334894628,0.541440327883999,13,35,4,1,27,33,10,4,0.8317120896079363,60.93870481377436
629,2547,0.422,0.773,0.28071378345391684,0.5177092742032738,13,35,4,1,28,33,10,4,0.8806889348686061,61.36877158840592
629,2548,0.442,0.819,0.2349551058829903,0.49095122978374384,13,35,4,1,29,33,10,4,0.930658369112963,61.64503821467594
629,2549,0.464,0.864,0.1810775863866747,0.4587450505990167,13,35,4,1,30,33,10,4,0.9807099469262051,61.76255446183274
629,2550,0.488,0.909,0.12002005620777945,0.4204574055836475,13,35,4,1,31,33,10,4,1.0317097460041753,61.77070876797994
629,2551,0.516,0.955,0.0623737615913218,0.37975883281099854,13,35,4,1,32,33,10,4,1.085486526862494,61.617020360271006
629,2552,0.293,0.16,0.6575357844919754,0.7550059710589505,13,35,4,1,10,34,10,4,0.33383978193139296,28.63785425126145
629,2553,0.27,0.125,0.6737105691750271,0.7635217522282547,13,35,4,1,11,34,10,4,0.2975315109362368,24.842389105455187
629,2554,0.252,0.087,0.6828927754730126,0.7690314951269359,13,35,4,1,12,34,10,4,0.2665951987564667,19.046624297635805
629,2555,0.24,0.045,0.6828893532826827,0.7707230286613544,13,35,4,1,13,34,10,4,0.2441823089414956,10.619655276155134
629,2556,0.233,0.091,0.6737620044791413,0.7680733430543079,13,35,4,1,14,34,10,4,0.2501399608219366,21.33352562220372
629,2557,0.231,0.136,0.6586659783960209,0.7610762034359345,13,35,4,1,15,34,10,4,0.2680615600939456,30.48721913046047
629,2558,0.233,0.182,0.6418057347167092,0.7503334750241095,13,35,4,1,16,34,10,4,0.2956568957423452,37.99396018035402
629,2559,0.239,0.227,0.6253775233887776,0.7369332158773183,13,35,4,1,17,34,10,4,0.32962099447699017,43.52489819914304
629,2560,0.249,0.273,0.6092246134852721,0.7221534275293997,13,35,4,1,18,34,10,4,0.36949966170485193,47.632434868986486
629,2561,0.261,0.318,0.5919941832788589,0.7070978485915584,13,35,4,1,19,34,10,4,0.4113939717594316,50.622400627089725
629,2562,0.275,0.364,0.573672856864047,0.6923739296153724,13,35,4,1,20,34,10,4,0.45620280577830735,52.929153491064426
629,2563,0.29,0.409,0.5537664858003719,0.6779298975005514,13,35,4,1,21,34,10,4,0.5013790980884624,54.661587969124085
629,2564,0.306,0.454,0.5318903961493463,0.6631546165913331,13,35,4,1,22,34,10,4,0.5474961187077038,56.01968278103453
629,2565,0.322,0.5,0.5061920110549945,0.6472562051415608,13,35,4,1,23,34,10,4,0.5947133763419148,57.21846476281924
629,2566,0.339,0.546,0.475818640142731,0.6296873092963353,13,35,4,1,24,34,10,4,0.6426795468972076,58.16471756731542
629,2567,0.357,0.591,0.44190291518259983,0.6102510394403955,13,35,4,1,25,34,10,4,0.6904563708157091,58.86546668748062
629,2568,0.376,0.637,0.4060341189546526,0.5889352199941063,13,35,4,1,26,34,10,4,0.7396925036797385,59.44805394312041
629,2569,0.398,0.682,0.3666100756970597,0.565766735538616,13,35,4,1,27,34,10,4,0.7896378916946679,59.73311693330242
629,2570,0.422,0.727,0.32231880812282887,0.5402316115946788,13,35,4,1,28,34,10,4,0.84060275992885,59.86622016646268
629,2571,0.45,0.773,0.2699209145949749,0.5109033812469257,13,35,4,1,29,34,10,4,0.8944434023458387,59.79428337485887
629,2572,0.481,0.818,0.21044040585205004,0.4776718613217211,13,35,4,1,30,34,10,4,0.9489388810666365,59.543639058797616
629,2573,0.517,0.864,0.15419549521475306,0.443857981235132,13,35,4,1,31,34,10,4,1.0068689090442708,59.104557258854804
629,2574,0.56,0.91,0.10276914990397845,0.40867905736623755,13,35,4,1,32,34,10,4,1.0685036265731624,58.3924977537511
629,2575,0.61,0.955,0.045104440568020876,0.3634606482370363,13,35,4,1,33,34,10,4,1.133192393197201,57.43186062821506
629,2576,0.22,0.12,0.7435726339316757,0.8207474101749774,13,35,4,1,10,35,10,4,0.25059928172283336,28.610459665965216
629,2577,0.202,0.083,0.7554024068785059,0.8283878413802289,13,35,4,1,11,35,10,4,0.21838727069131114,22.337323767638093
629,2578,0.191,0.043,0.7566814542978672,0.831235423247902,13,35,4,1,12,35,10,4,0.19578048932414077,12.687521373869982
629,2579,0.185,0,0.7484593532541698,0.8285142139635563,13,35,4,1,13,35,10,4,0.185,0
629,2580,0.186,0.045,0.7341364524741325,0.8202417045310652,13,35,4,1,14,35,10,4,0.19136614120580475,13.600542516658743
629,2581,0.191,0.091,0.7176613092913182,0.8072698370023237,13,35,4,1,15,35,10,4,0.2115703192794301,25.474988178864994
629,2582,0.2,0.136,0.700459742322396,0.7909743352529927,13,35,4,1,16,35,10,4,0.2418594633252956,34.2157021324374
629,2583,0.212,0.182,0.6825354576904389,0.7728341286720146,13,35,4,1,17,35,10,4,0.2794065138825507,40.64577893693039
629,2584,0.226,0.227,0.6641027325621041,0.7540960931509303,13,35,4,1,18,35,10,4,0.3203201523476161,45.12648054402731
629,2585,0.242,0.273,0.644963056837077,0.735558021851045,13,35,4,1,19,35,10,4,0.3648191332701727,48.444715719955106
629,2586,0.258,0.318,0.6240684311687252,0.7174536271290352,13,35,4,1,20,35,10,4,0.40949725273803733,50.9468630539735
629,2587,0.274,0.364,0.5994122240820159,0.6994700381071082,13,35,4,1,21,35,10,4,0.4556007023699591,53.02949529423159
629,2588,0.292,0.409,0.5697305561839128,0.6809408100892866,13,35,4,1,22,35,10,4,0.5025385557347813,54.47557591574969
629,2589,0.311,0.455,0.5348328680389327,0.6611803848110698,13,35,4,1,23,35,10,4,0.5511315632405751,55.64674974742352
629,2590,0.333,0.5,0.49662285672469475,0.639758132823294,13,35,4,1,24,35,10,4,0.6007403765354881,56.33638481725301
629,2591,0.358,0.546,0.4554792072357864,0.6164918797339831,13,35,4,1,25,35,10,4,0.6529012176432205,56.74803949673966
629,2592,0.386,0.591,0.4107535590424043,0.5912684487542588,13,35,4,1,26,35,10,4,0.7058873847859869,56.850230292530696
629,2593,0.419,0.637,0.3622976439714247,0.5639429236085716,13,35,4,1,27,35,10,4,0.7624499983605483,56.664248892907985
629,2594,0.456,0.682,0.30832463796618037,0.5342468441173785,13,35,4,1,28,35,10,4,0.8204023403184563,56.23245344144546
629,2595,0.5,0.728,0.25017350250213555,0.5021605610272234,13,35,4,1,29,35,10,4,0.8831670283700587,55.518207021828374
629,2596,0.549,0.773,0.19435833093623034,0.46879211156321343,13,35,4,1,30,35,10,4,0.9481191908193821,54.61687150819281
629,2597,0.607,0.818,0.1442125300907714,0.43476994452538853,13,35,4,1,31,35,10,4,1.0186132730334903,53.422597411363284
629,2598,0.674,0.864,0.08996786470685247,0.39645687503795846,13,35,4,1,32,35,10,4,1.0957974265346675,52.04247086165189
629,2599,0.755,0.91,0.0385842108982527,0.354718667209329,13,35,4,1,33,35,10,4,1.1824233590385467,50.31851269753054
629,2600,0.854,0.955,0.009790950477312377,0.32157082572035556,13,35,4,1,34,35,10,4,1.2811483130379557,48.19561746342017
629,2604,1,1,0,0.2928932188134524,13,35,4,1,10,13,1,7,1.4142135623730951,45
629,2605,1,1,0,0.2928932188134524,13,35,4,1,11,13,1,7,1.4142135623730951,45
629,2606,1,1,0,0.2928932188134524,13,35,4,1,12,13,1,7,1.4142135623730951,45
629,2607,1,0.96,1.5685514143104484e-7,0.2928936153256001,13,35,4,1,10,14,1,7,1.3862178760930766,43.830860672092584
629,2608,1,0.959,2.3806350546440314e-7,0.2928942329780362,13,35,4,1,11,14,1,7,1.385525532063556,43.80102906682782
629,2609,1,0.957,3.6823763871485227e-7,0.2928973948521221,13,35,4,1,12,14,1,7,1.3841419724869266,43.7412763666856
629,2610,1,0.955,5.820929419586562e-7,0.2929404834166789,13,35,4,1,13,14,1,7,1.3827599213167845,43.681404157171436
629,2611,1,0.92,5.914226386072308e-6,0.2929075868443092,13,35,4,1,10,15,1,7,1.3588230201170424,42.61405596961119
629,2612,1,0.917,8.248624780882174e-6,0.29292165419278804,13,35,4,1,11,15,1,7,1.3567936468011634,42.52082345847564
629,2613,1,0.913,1.2111247921775536e-5,0.29296693283256503,13,35,4,1,12,15,1,7,1.3540934236602733,42.39607920836728
629,2614,1,0.91,1.8166764672700175e-5,0.2931837240200643,13,35,4,1,13,15,1,7,1.3520724832641184,42.3021943666837
629,2615,1,0.955,2.6380044665041957e-5,0.29384046003926145,13,35,4,1,14,15,1,7,1.3827599213167845,43.681404157171436
629,2616,1,0.88,5.165254768713101e-5,0.2929956120470373,13,35,4,1,10,16,1,7,1.332066064427737,41.34777721969367
629,2617,1,0.875,6.698112946557089e-5,0.29306746784411486,13,35,4,1,11,16,1,7,1.3287682265918312,41.18592516570965
629,2618,1,0.87,9.001001517550122e-5,0.29324940409889777,13,35,4,1,12,16,1,7,1.3254810447531868,41.023269024922435
629,2619,1,0.864,1.2531192106191025e-4,0.29380990711361155,13,35,4,1,13,16,1,7,1.3215506044037815,40.8270155239205
629,2620,0.999,0.91,1.7238445787648438e-4,0.2950592732062757,13,35,4,1,14,16,1,7,1.3513330455516879,42.33073093011519
629,2621,0.998,0.955,2.0395825159302827e-4,0.29622598612368356,13,35,4,1,15,16,1,7,1.3813142292758733,43.738699167651745
629,2622,1,0.84,2.0747212310967544e-4,0.2932682904633278,13,35,4,1,10,17,1,7,1.3059862173851606,40.0302592718897
629,2623,1,0.834,2.643056944738875e-4,0.29347115881768704,13,35,4,1,11,17,1,7,1.3021351696348578,39.82810630428432
629,2624,0.999,0.826,3.5051112878625723e-4,0.2939114567623464,13,35,4,1,12,17,1,7,1.2962549903471923,39.58485553044823
629,2625,0.999,0.818,4.7334769970186485e-4,0.2949485930444363,13,35,4,1,13,17,1,7,1.2911719482702526,39.31126237103608
629,2626,0.998,0.864,6.276707526337022e-4,0.29678490819552894,13,35,4,1,14,17,1,7,1.3200378782444084,40.88376949447557
629,2627,0.996,0.909,8.200885415365899e-4,0.2990549927393549,13,35,4,1,15,17,1,7,1.3484424348113642,42.38515925361078
629,2628,0.993,0.955,8.283754152087486e-4,0.30036914217512145,13,35,4,1,16,17,1,7,1.3777060644419041,43.88246226080229
629,2629,0.999,0.8,6.037215068751545e-4,0.29385869634807504,13,35,4,1,10,18,1,7,1.2798441311347253,38.687774465176346
629,2630,0.999,0.792,7.490809968755396e-4,0.2942795714089893,13,35,4,1,11,18,1,7,1.274858815712548,38.40712729240576
629,2631,0.999,0.783,9.649430360474387e-4,0.2950959001817919,13,35,4,1,12,18,1,7,1.269287201542661,38.08877288097532
629,2632,0.998,0.773,0.0012582192316097363,0.2966984200725683,13,35,4,1,13,18,1,7,1.2623521695628364,37.75954035523315
629,2633,0.997,0.818,0.0016259071640050138,0.2991819868561407,13,35,4,1,14,18,1,7,1.289625139333132,39.36755589406566
629,2634,0.994,0.864,0.0021077748348429237,0.3024651394010931,13,35,4,1,15,18,1,7,1.3170163248798399,40.997668281919076
629,2635,0.989,0.91,0.0025128462454167,0.30542515995583264,13,35,4,1,16,18,1,7,1.3439572165809446,42.61782088776455
629,2636,0.982,0.955,0.0022349331856416077,0.30588456051258983,13,35,4,1,17,18,1,7,1.3697988903485065,44.20140120472713
629,2637,0.999,0.76,0.0013832604408153815,0.2948965387929612,13,35,4,1,10,19,1,7,1.2552294610946637,37.26245340885938
629,2638,0.998,0.75,0.0016809743357186768,0.2956211078473191,13,35,4,1,11,19,1,7,1.2484005767380917,36.92497207250216
629,2639,0.998,0.739,0.002106792977079719,0.29690900413501975,13,35,4,1,12,19,1,7,1.241823256345282,36.51924336361008
629,2640,0.996,0.728,0.0026729339892125337,0.2991325865088229,13,35,4,1,13,19,1,7,1.2336936410632908,36.16395424561979
629,2641,0.994,0.773,0.0033714408356880776,0.30231149721370776,13,35,4,1,14,19,1,7,1.259192201373563,37.87099286058344
629,2642,0.991,0.819,0.0043473952767068,0.3065637487711347,13,35,4,1,15,19,1,7,1.2856290289193069,39.57161890577963
629,2643,0.985,0.864,0.005431152900227998,0.31089309577090474,13,35,4,1,16,19,1,7,1.3102370014619493,41.255858233488865
629,2644,0.977,0.91,0.005949953743430547,0.3139182511495795,13,35,4,1,17,19,1,7,1.3351513022874972,42.966504891555495
629,2645,0.965,0.955,0.004569398961252191,0.3126187140719857,13,35,4,1,18,19,1,7,1.3576634339923868,44.70158718000512
629,2646,0.998,0.72,0.0026871761090397905,0.2964815832703652,13,35,4,1,10,20,1,7,1.2306112302429228,35.808296313852665
629,2647,0.997,0.708,0.003214047982228241,0.29758054361608166,13,35,4,1,11,20,1,7,1.2228135589696412,35.379718537649445
629,2648,0.996,0.696,0.0039525244793477965,0.2994026541417978,13,35,4,1,12,20,1,7,1.215085182199174,34.945664400005654
629,2649,0.994,0.682,0.004930642526450479,0.30227078834154986,13,35,4,1,13,20,1,7,1.2054708623604304,34.454668985357806
629,2650,0.992,0.727,0.0061262494906279,0.3061620395315654,13,35,4,1,14,20,1,7,1.229875196920403,36.2363061360952
629,2651,0.987,0.773,0.007670153048582762,0.3113334068568375,13,35,4,1,15,20,1,7,1.2536738012736806,38.067385153767155
629,2652,0.98,0.819,0.00929786804993138,0.3168352243834345,13,35,4,1,16,20,1,7,1.2771691352362067,39.88598616860486
629,2653,0.97,0.864,0.010466108416962605,0.3213696498089792,13,35,4,1,17,20,1,7,1.2989980754412225,41.69214642981176
629,2654,0.957,0.909,0.010193853120072038,0.3223654202105031,13,35,4,1,18,20,1,7,1.3198977233104086,43.52647853259585
629,2655,0.938,0.955,0.007531482234702791,0.318327140493029,13,35,4,1,19,20,1,7,1.338607111889071,45.514528298114584
629,2656,0.997,0.68,0.004647211232502002,0.29865459712270925,13,35,4,1,10,21,1,7,1.206817716144406,34.29579211056471
629,2657,0.996,0.667,0.005488732363784998,0.3001718126739512,13,35,4,1,11,21,1,7,1.198709722993853,33.80937832428409
629,2658,0.994,0.652,0.006624373564686814,0.3025502895386425,13,35,4,1,12,21,1,7,1.1887556519318847,33.26229550602382
629,2659,0.992,0.637,0.008007102595874671,0.3060485871516704,13,35,4,1,13,21,1,7,1.1789117863521426,32.706025021125384
629,2660,0.988,0.682,0.0095946273698706,0.31062497956911095,13,35,4,1,14,21,1,7,1.2005282170777996,34.61667448077964
629,2661,0.983,0.727,0.0116309259304187,0.31662210722008133,13,35,4,1,15,21,1,7,1.2226274984638617,36.485619593080685
629,2662,0.975,0.773,0.014038892322861485,0.32309045553675153,13,35,4,1,16,21,1,7,1.2442483674893852,38.408102545249875
629,2663,0.963,0.818,0.016508934727268776,0.32878875656047646,13,35,4,1,17,21,1,7,1.2635240401353667,40.34553357148323
629,2664,0.948,0.864,0.01813758810312971,0.3321077858576671,13,35,4,1,18,21,1,7,1.282653499585917,42.34580448659338
629,2665,0.928,0.909,0.018036354352041428,0.3329246850716058,13,35,4,1,19,21,1,7,1.2990246341005238,44.407413721130915
629,2666,0.903,0.955,0.014329080767426894,0.3293035869182175,13,35,4,1,20,21,1,7,1.314318834986397,46.60312325448541
629,2667,0.995,0.64,0.007297935162141278,0.3014420180225794,13,35,4,1,10,22,1,7,1.1830574795841495,32.749775733326885
629,2668,0.994,0.625,0.008438305390907508,0.30340440499747334,13,35,4,1,11,22,1,7,1.1741639578866319,32.16055782059448
629,2669,0.991,0.609,0.00990105744540637,0.30634558845182336,13,35,4,1,12,22,1,7,1.163168947315909,31.57200500637246
629,2670,0.988,0.591,0.01166337428865849,0.3104616893747988,13,35,4,1,13,22,1,7,1.1512710367241938,30.88694114302797
629,2671,0.984,0.637,0.01378541480529727,0.3157159350217663,13,35,4,1,14,22,1,7,1.1721881248332113,32.917312815270506
629,2672,0.977,0.682,0.016703753613768968,0.32252521695846714,13,35,4,1,15,22,1,7,1.1914919219197417,34.91717014414044
629,2673,0.968,0.728,0.020446676619967907,0.3299850584062386,13,35,4,1,16,22,1,7,1.2112010568027094,36.945585553618244
629,2674,0.955,0.773,0.02474016783054711,0.33707608750036167,13,35,4,1,17,22,1,7,1.228639084515872,38.987542073627075
629,2675,0.938,0.818,0.02926058503011497,0.34301977418853313,13,35,4,1,18,22,1,7,1.2445754296144529,41.09064882501119
629,2676,0.916,0.864,0.03198196494870975,0.347549305592614,13,35,4,1,19,22,1,7,1.2591870393233882,43.326666625529086
629,2677,0.89,0.91,0.0313077789174665,0.3488520713326543,13,35,4,1,20,22,1,7,1.2728707711311467,45.63659357596349
629,2678,0.859,0.955,0.02393344661628727,0.34126899410349,13,35,4,1,21,22,1,7,1.284486667895,48.02936518426963
629,2679,0.993,0.6,0.010502201897266694,0.3048955320457868,13,35,4,1,10,23,1,7,1.160193518340798,31.14161425639385
629,2680,0.991,0.583,0.011951553756289202,0.3073287791161391,13,35,4,1,11,23,1,7,1.1497695421257252,30.46807152260297
629,2681,0.988,0.565,0.013845488468602007,0.31084803007806927,13,35,4,1,12,23,1,7,1.13814278541842,29.76361356943731
629,2682,0.984,0.546,0.01622313761809746,0.3155992896457621,13,35,4,1,13,23,1,7,1.1253319510260074,29.024932543203963
629,2683,0.979,0.591,0.019218224874250067,0.3215737860740845,13,35,4,1,14,23,1,7,1.143556732304961,31.118423827534105
629,2684,0.971,0.636,0.023407731332919623,0.32927635808753297,13,35,4,1,15,23,1,7,1.1607484654308184,33.22459234183838
629,2685,0.961,0.682,0.028872580977395534,0.33789775567981795,13,35,4,1,16,23,1,7,1.1784078241423892,35.36246188706906
629,2686,0.947,0.727,0.03571437913456965,0.3466941020059633,13,35,4,1,17,23,1,7,1.1938752028583222,37.512996325385885
629,2687,0.928,0.773,0.04292495284319742,0.355356862187166,13,35,4,1,18,23,1,7,1.2077719155535949,39.793423148100125
629,2688,0.904,0.818,0.04933844421756883,0.3629806862048114,13,35,4,1,19,23,1,7,1.2191554453801206,42.140913767078835
629,2689,0.876,0.864,0.05401995703453066,0.36825804793114214,13,35,4,1,20,23,1,7,1.2303950585076322,44.604862957492514
629,2690,0.843,0.909,0.05104426023853448,0.36777642114267106,13,35,4,1,21,23,1,7,1.239729809272972,47.157382509297896
629,2691,0.807,0.955,0.034901821759350304,0.35360549090198534,13,35,4,1,22,23,1,7,1.2503095616686293,49.80131503271305
629,2692,0.991,0.56,0.014357489390901756,0.30908756368096935,13,35,4,1,10,24,1,7,1.13827984256948,29.4701733334433
629,2693,0.988,0.542,0.01626717136369482,0.31202336125905694,13,35,4,1,11,24,1,7,1.1269019478197737,28.748423740924522
629,2694,0.985,0.522,0.018817770735430117,0.31615200184843295,13,35,4,1,12,24,1,7,1.1147685858508931,27.9213190645874
629,2695,0.98,0.5,0.022066612717391187,0.3215846689110716,13,35,4,1,13,24,1,7,1.1001818031580053,27.03086025984298
629,2696,0.973,0.546,0.02619199583554066,0.3283591074613973,13,35,4,1,14,24,1,7,1.115726220898299,29.299008745009736
629,2697,0.965,0.591,0.03194881138017702,0.33708416656176987,13,35,4,1,15,24,1,7,1.131594450322199,31.484770780981723
629,2698,0.953,0.637,0.03962667966728439,0.3470664951131134,13,35,4,1,16,24,1,7,1.1462887943271538,33.759382492785086
629,2699,0.937,0.682,0.04893979841132445,0.3577997304550641,13,35,4,1,17,24,1,7,1.158918892761698,36.0491823466259
629,2700,0.917,0.727,0.05996802274834012,0.369119205862659,13,35,4,1,18,24,1,7,1.1702213465836282,38.40747294119054
629,2701,0.891,0.773,0.07075842986770431,0.379412471222087,13,35,4,1,19,24,1,7,1.1795804338831668,40.94374809975338
629,2702,0.862,0.819,0.07888198501231436,0.38775215856177436,13,35,4,1,20,24,1,7,1.189035323276815,43.53469282419179
629,2703,0.827,0.864,0.08048082109196564,0.39060355350666154,13,35,4,1,21,24,1,7,1.1960037625358877,46.2534628182306
629,2704,0.79,0.909,0.06736220453833996,0.38238447938269604,13,35,4,1,22,24,1,7,1.204317649127505,49.006522049882
629,2705,0.751,0.955,0.03779465082051714,0.35695931305380013,13,35,4,1,23,24,1,7,1.214918104235837,51.818934385962656
629,2706,0.988,0.52,0.01913047559804315,0.3140590701156597,13,35,4,1,10,25,1,7,1.1164873487863622,27.758540601060027
629,2707,0.984,0.5,0.021671981038260846,0.31752826192869943,13,35,4,1,11,25,1,7,1.1037463476723264,26.936493490448793
629,2708,0.98,0.478,0.025064100341592233,0.3222997892249484,13,35,4,1,12,25,1,7,1.0903595737186884,26.001042033514974
629,2709,0.975,0.455,0.029357944603494834,0.3284628570491812,13,35,4,1,13,25,1,7,1.075941448221045,25.016893478100023
629,2710,0.967,0.5,0.03483944616308976,0.3361118391015573,13,35,4,1,14,25,1,7,1.0886179311402142,27.341815714918493
629,2711,0.957,0.546,0.04249946385389769,0.3459611323777919,13,35,4,1,15,25,1,7,1.1018007986927583,29.7061810127141
629,2712,0.944,0.591,0.05236683088390515,0.3574166133749227,13,35,4,1,16,25,1,7,1.1137400953543874,32.04900804367207
629,2713,0.927,0.637,0.06489513469443753,0.37010901456560763,13,35,4,1,17,25,1,7,1.124765753390456,34.495405221627834
629,2714,0.905,0.682,0.07999356393301527,0.38373691077858596,13,35,4,1,18,25,1,7,1.1332029826999221,37.00135613978438
629,2715,0.878,0.727,0.09363575138271163,0.3960094862892848,13,35,4,1,19,25,1,7,1.1399179795055432,39.625376041491
629,2716,0.847,0.773,0.1050368150381169,0.40615104541883806,13,35,4,1,20,25,1,7,1.1467074605146685,42.38460344042907
629,2717,0.811,0.818,0.10801976899949206,0.4103897927737953,13,35,4,1,21,25,1,7,1.15188758132033,45.24620502639909
629,2718,0.772,0.864,0.09658687604429583,0.4038211744971043,13,35,4,1,22,25,1,7,1.1586543919564627,48.21862211089904
629,2719,0.731,0.91,0.0663254527780186,0.38247313422135976,13,35,4,1,23,25,1,7,1.1672450471087894,51.22520170860768
629,2720,0.691,0.955,0.02859338502562858,0.34797714099733956,13,35,4,1,24,25,1,7,1.1787730909721343,54.11199734986782
629,2721,0.984,0.48,0.025002528420876247,0.31976746892424934,13,35,4,1,10,26,1,7,1.0948314938838761,26.00334584451144
629,2722,0.98,0.458,0.028298789178640704,0.32378620451947704,13,35,4,1,11,26,1,7,1.0817411890096447,25.048891564527143
629,2723,0.975,0.435,0.032646454764290955,0.32921503020273846,13,35,4,1,12,26,1,7,1.0676375789564547,24.044223269367816
629,2724,0.969,0.409,0.03816487500680088,0.3361292199759893,13,35,4,1,13,26,1,7,1.0517803953297475,22.88386030862462
629,2725,0.96,0.454,0.045209384549088405,0.3446798169771724,13,35,4,1,14,26,1,7,1.0619397346365753,25.310247391913357
629,2726,0.949,0.5,0.054738288766819077,0.3556680134764546,13,35,4,1,15,26,1,7,1.0726607105697494,27.783418277197615
629,2727,0.935,0.546,0.06719106857002966,0.3685536927215929,13,35,4,1,16,26,1,7,1.0827469695178096,30.28310053459955
629,2728,0.916,0.591,0.08317947452876373,0.38297916260844755,13,35,4,1,17,26,1,7,1.0901087101752742,32.82996649251411
629,2729,0.892,0.636,0.10097224516427827,0.3983087880544871,13,35,4,1,18,26,1,7,1.095518142250506,35.48903962070939
629,2730,0.864,0.682,0.11701383438498136,0.41171179562355775,13,35,4,1,19,26,1,7,1.1007361173323968,38.285862675887486
629,2731,0.831,0.727,0.129460686090751,0.42250235781544643,13,35,4,1,20,26,1,7,1.1041240872293294,41.1810435282065
629,2732,0.794,0.773,0.1328513547089425,0.42683209143154244,13,35,4,1,21,26,1,7,1.1081358220001736,44.232202076430724
629,2733,0.754,0.818,0.12010070748612767,0.42022493702315544,13,35,4,1,22,26,1,7,1.1124926966052406,47.33136508673461
629,2734,0.712,0.864,0.08788356913480722,0.39954379248720195,13,35,4,1,23,26,1,7,1.1195713465429524,50.508949698216064
629,2735,0.671,0.909,0.053571202270756624,0.3715205644654973,13,35,4,1,24,26,1,7,1.129832730982777,53.56622749779673
629,2736,0.633,0.955,0.029830416217068056,0.3486991686973946,13,35,4,1,25,26,1,7,1.1457373171892413,56.462498943410765
629,2737,0.98,0.44,0.03201478380849587,0.32609645715288404,13,35,4,1,10,27,1,7,1.0742439201596627,24.17910714668918
629,2738,0.976,0.416,0.03613873771901688,0.3306592978823858,13,35,4,1,11,27,1,7,1.060958057606426,23.085133672808276
629,2739,0.97,0.391,0.04157862487912556,0.33673159215281934,13,35,4,1,12,27,1,7,1.0458398538973355,21.95400797012001
629,2740,0.963,0.364,0.048419223213767904,0.3443784959760816,13,35,4,1,13,27,1,7,1.029497450215395,20.70586331023881
629,2741,0.953,0.409,0.056972587047205314,0.35379998693266856,13,35,4,1,14,27,1,7,1.037058339728291,23.227608378735205
629,2742,0.94,0.454,0.06853401237437229,0.36585223491903796,13,35,4,1,15,27,1,7,1.0438946306979455,25.77955414365773
629,2743,0.924,0.5,0.08374362765545751,0.37999643674615713,13,35,4,1,16,27,1,7,1.0506074433393284,28.418952152260424
629,2744,0.904,0.546,0.10218544886066272,0.3957819559106046,13,35,4,1,17,27,1,7,1.0560927989528193,31.13123316312418
629,2745,0.879,0.591,0.12202115137071945,0.41216397350587886,13,35,4,1,18,27,1,7,1.0592081948323475,33.91510870775765
629,2746,0.849,0.636,0.13901413447852295,0.4259954670014552,13,35,4,1,19,27,1,7,1.0608001696832443,36.837490534190664
629,2747,0.815,0.682,0.1513362210057302,0.436731203864283,13,35,4,1,20,27,1,7,1.0627083325165,39.922923729575956
629,2748,0.776,0.727,0.15389114495187628,0.4406605526439422,13,35,4,1,21,27,1,7,1.0633461336742613,43.13273507862505
629,2749,0.735,0.773,0.13901293770217615,0.4338457368687886,13,35,4,1,22,27,1,7,1.0666555207751,46.44348737249259
629,2750,0.693,0.818,0.10906414366631023,0.4144814072489569,13,35,4,1,23,27,1,7,1.072088149360863,49.72912049346596
629,2751,0.651,0.864,0.079620906722912,0.3916839265427092,13,35,4,1,24,27,1,7,1.0818026622263415,53.00299046172577
629,2752,0.613,0.909,0.06215711206200725,0.37735710357681473,13,35,4,1,25,27,1,7,1.0963804084349555,56.00555603814123
629,2753,0.581,0.955,0.03682578755497545,0.35636655512611004,13,35,4,1,26,27,1,7,1.1178488269886944,58.684632174534805
629,2754,0.976,0.4,0.04010708017984377,0.3329083884321984,13,35,4,1,10,28,1,7,1.0547871823263686,22.285587646832766
629,2755,0.971,0.375,0.045152812169398926,0.33799214922568166,13,35,4,1,11,28,1,7,1.040896728787251,21.116550538689967
629,2756,0.964,0.348,0.05170217061467697,0.3446721189989713,13,35,4,1,12,28,1,7,1.0248902380255165,19.849372034324166
629,2757,0.955,0.318,0.059784352270992436,0.3530047722034104,13,35,4,1,13,28,1,7,1.006553028906078,18.416948264446358
629,2758,0.945,0.364,0.0698898698348851,0.36322795310937284,13,35,4,1,14,28,1,7,1.0126801074376843,21.06594565311872
629,2759,0.931,0.409,0.08358546487580798,0.37621981532175586,13,35,4,1,15,28,1,7,1.0168785571541963,23.716487638585832
629,2760,0.914,0.455,0.10096674477097678,0.3914013879432606,13,35,4,1,16,28,1,7,1.020990205633727,26.464664456299037
629,2761,0.892,0.5,0.12112088570150636,0.4081715949478397,13,35,4,1,17,28,1,7,1.0225771364547518,29.272292183499694
629,2762,0.866,0.546,0.14208781644227841,0.42510773680831804,13,35,4,1,18,28,1,7,1.0237538766715366,32.2308158428402
629,2763,0.834,0.591,0.1587926889070843,0.4389734037535774,13,35,4,1,19,28,1,7,1.0221726859978209,35.32264858158557
629,2764,0.799,0.637,0.17066245876807817,0.44943162861059993,13,35,4,1,20,28,1,7,1.0218463681004106,38.563483482446365
629,2765,0.759,0.682,0.17166253527911501,0.4530630467568122,13,35,4,1,21,28,1,7,1.0203945315415994,41.941302425904176
629,2766,0.716,0.727,0.15756593883726921,0.4465551481110508,13,35,4,1,22,28,1,7,1.0203847313636165,45.43675770409306
629,2767,0.673,0.773,0.13143119078931353,0.4293630453187819,13,35,4,1,23,28,1,7,1.024918533347895,48.95606500225151
629,2768,0.631,0.819,0.10810092895552115,0.4110900301690783,13,35,4,1,24,28,1,7,1.033886841003405,52.38748245440988
629,2769,0.593,0.864,0.09214596129855157,0.40077741573650394,13,35,4,1,25,28,1,7,1.0479241384756819,55.536531923780636
629,2770,0.561,0.91,0.07137417737056129,0.3854346491581576,13,35,4,1,26,28,1,7,1.069028063242495,58.34685214913709
629,2771,0.538,0.955,0.040838945867246124,0.3601931515597252,13,35,4,1,27,28,1,7,1.096115413631247,60.60523000605878
629,2772,0.971,0.36,0.0491944510343888,0.3400771274549833,13,35,4,1,10,29,1,7,1.0355872730002045,20.34235263855213
629,2773,0.965,0.333,0.05512858713722002,0.3456481560897732,13,35,4,1,11,29,1,7,1.0208398503193339,19.038413652127566
629,2774,0.957,0.304,0.06269934376288622,0.35288840192396886,13,35,4,1,12,29,1,7,1.0041239963271469,17.622937026101198
629,2775,0.948,0.273,0.07201020428902394,0.3618462213396185,13,35,4,1,13,29,1,7,0.9865257219150446,16.065061097673222
629,2776,0.936,0.318,0.08372491907819746,0.37278637414532845,13,35,4,1,14,29,1,7,0.9885443844360252,18.76486329289629
629,2777,0.921,0.363,0.09925139608368605,0.38658224210465264,13,35,4,1,15,29,1,7,0.9899545444110048,21.511225127013624
629,2778,0.902,0.409,0.11805332951297953,0.4025908782042632,13,35,4,1,16,29,1,7,0.9903963852922728,24.39128883263182
629,2779,0.879,0.454,0.13940175153128798,0.4200466727642149,13,35,4,1,17,29,1,7,0.9893214846550135,27.3161734276599
629,2780,0.852,0.5,0.1604073783964446,0.4372334028972289,13,35,4,1,18,29,1,7,0.9878785350436561,30.406731781100692
629,2781,0.819,0.545,0.17662583389673503,0.4509939101197603,13,35,4,1,19,29,1,7,0.983761149873281,33.64160761688687
629,2782,0.782,0.591,0.1875687746208703,0.46123183495133335,13,35,4,1,20,29,1,7,0.9802066108734423,37.08032804660727
629,2783,0.741,0.636,0.18800833541137718,0.46487532456686953,13,35,4,1,21,29,1,7,0.9765126727288285,40.63947909754061
629,2784,0.697,0.682,0.17648179828158062,0.4591962127375301,13,35,4,1,22,29,1,7,0.9751579359262785,44.37679274891585
629,2785,0.653,0.727,0.15574907887610245,0.4445113068477704,13,35,4,1,23,29,1,7,0.9772092918101014,48.06944262633361
629,2786,0.611,0.773,0.13537892762801018,0.42973534726605955,13,35,4,1,24,29,1,7,0.9853172078067043,51.6762068890471
629,2787,0.572,0.818,0.12252148702205512,0.4218598736367951,13,35,4,1,25,29,1,7,0.9981522929894014,55.03619505499431
629,2788,0.541,0.864,0.10515315253872037,0.4105795157734121,13,35,4,1,26,29,1,7,1.019400313910095,57.9469547215852
629,2789,0.519,0.909,0.08328332090000234,0.39390996560368274,13,35,4,1,27,29,1,7,1.0467291913384282,60.27548691390012
629,2790,0.507,0.955,0.05475299406116774,0.3722758022376699,13,35,4,1,28,29,1,7,1.081237254260137,62.03661212618545
629,2791,0.966,0.32,0.059038892715242874,0.3475040716760308,13,35,4,1,10,30,1,7,1.0176227198721537,18.328120271426485
629,2792,0.959,0.291,0.06578375632894629,0.3535253419159369,13,35,4,1,11,30,1,7,1.0021786267926491,16.879952869614414
629,2793,0.95,0.261,0.0743394403422909,0.36127631638144797,13,35,4,1,12,30,1,7,0.9852009947213817,15.36223256115773
629,2794,0.94,0.227,0.08490487443026185,0.3707978295202101,13,35,4,1,13,30,1,7,0.9670206823020902,13.57639255833628
629,2795,0.927,0.273,0.09804716956575121,0.3823726607483966,13,35,4,1,14,30,1,7,0.9663632857264395,16.4096159392094
629,2796,0.911,0.318,0.11479892074100162,0.39685159735256936,13,35,4,1,15,30,1,7,0.9649067312440099,19.242407168652377
629,2797,0.891,0.364,0.13466483635706605,0.4135199793640203,13,35,4,1,16,30,1,7,0.9624848050748646,22.221475203410602
629,2798,0.866,0.409,0.15656801413822108,0.4314617971789665,13,35,4,1,17,30,1,7,0.9577249083113585,25.280727600469973
629,2799,0.837,0.454,0.17710460920694193,0.4487616795806034,13,35,4,1,18,30,1,7,0.9522000840159593,28.475996596555394
629,2800,0.803,0.5,0.1928123326427298,0.4624419017597594,13,35,4,1,19,30,1,7,0.9459434443982367,31.9090770804153
629,2801,0.764,0.546,0.20301863538735343,0.4726483546214588,13,35,4,1,20,30,1,7,0.9390484545538638,35.55186342662216
629,2802,0.722,0.591,0.20462261572223517,0.4766571813365842,13,35,4,1,21,30,1,7,0.9330407279427838,39.30236873080644
629,2803,0.678,0.636,0.1965164797624107,0.47223906561431284,13,35,4,1,22,30,1,7,0.9296128226310134,43.16925135197451
629,2804,0.633,0.682,0.1805223509619791,0.46020794835666057,13,35,4,1,23,30,1,7,0.9304907307437298,47.133988510864334
629,2805,0.59,0.727,0.16297180716183002,0.44843302853146194,13,35,4,1,24,30,1,7,0.9362846789305056,50.93879335221284
629,2806,0.552,0.773,0.15345467784873834,0.4430107964815482,13,35,4,1,25,30,1,7,0.9498594632891753,54.4693342970266
629,2807,0.521,0.818,0.14336398495149505,0.4357484782067136,13,35,4,1,26,30,1,7,0.9698273042145183,57.50615220241882
629,2808,0.5,0.864,0.12912587700445644,0.42528712017564185,13,35,4,1,27,30,1,7,0.9982464625532114,59.94187452051332
629,2809,0.489,0.909,0.10467113132786487,0.4098586131129175,13,35,4,1,28,30,1,7,1.0321831232877237,61.721801626337246
629,2810,0.49,0.955,0.055429675067415696,0.3728117262984958,13,35,4,1,29,30,1,7,1.0733708585572834,62.83813937169283
629,2811,0.96,0.28,0.06939975942191234,0.35512245995662206,13,35,4,1,10,31,1,7,1,16.26020470831196
629,2812,0.952,0.25,0.07692084605888527,0.3615590000853004,13,35,4,1,11,31,1,7,0.9842784158966404,14.713934242817857
629,2813,0.942,0.217,0.0864699175408874,0.36977581507993407,13,35,4,1,12,31,1,7,0.9666710919438938,12.972403960776496
629,2814,0.931,0.182,0.09814508753809392,0.37980725285024863,13,35,4,1,13,31,1,7,0.9486226857924073,11.061182461591795
629,2815,0.917,0.227,0.11234345950533131,0.3919479683088355,13,35,4,1,14,31,1,7,0.9446787813855037,13.90385294215172
629,2816,0.9,0.273,0.1299718340546363,0.40701691593513123,13,35,4,1,15,31,1,7,0.9404940191197391,16.8742995387028
629,2817,0.878,0.318,0.15055497772155768,0.42423130002060105,13,35,4,1,16,31,1,7,0.9338136859138444,19.909717640426393
629,2818,0.852,0.364,0.1724210592481028,0.4425523671242785,13,35,4,1,17,31,1,7,0.9264987857520376,23.13362934022145
629,2819,0.822,0.409,0.19251341885280693,0.4599478268288312,13,35,4,1,18,31,1,7,0.9181312542332931,26.453418041155267
629,2820,0.787,0.454,0.20765096238393577,0.4736661894187304,13,35,4,1,19,31,1,7,0.9085620507153047,29.97953846757743
629,2821,0.747,0.5,0.21786658149374527,0.4840831597252596,13,35,4,1,20,31,1,7,0.8988932083401231,33.79613796237183
629,2822,0.704,0.546,0.22165007636208156,0.48880198756001536,13,35,4,1,21,31,1,7,0.8909163821594033,37.79601727924406
629,2823,0.659,0.591,0.2175975311841002,0.48600497758088324,13,35,4,1,22,31,1,7,0.885190375004157,41.88617881350447
629,2824,0.613,0.637,0.20530167597960225,0.4767263405188088,13,35,4,1,23,31,1,7,0.8840463788738688,46.09994381883904
629,2825,0.57,0.682,0.1917830859817593,0.46774281541526375,13,35,4,1,24,31,1,7,0.888832942683832,50.11189399001313
629,2826,0.532,0.727,0.18739526284263053,0.46480255564174056,13,35,4,1,25,31,1,7,0.9008623646262508,53.80428889128122
629,2827,0.501,0.773,0.18431628294336666,0.4607767233527612,13,35,4,1,26,31,1,7,0.9211568813182692,57.05175146031978
629,2828,0.48,0.818,0.17260870711939003,0.453227661758425,13,35,4,1,27,31,1,7,0.9484323908429109,59.59571431039236
629,2829,0.471,0.864,0.14880448419594783,0.44003217039996356,13,35,4,1,28,31,1,7,0.9840411576758362,61.403480912716645
629,2830,0.473,0.91,0.10898638350927248,0.4125610328692634,13,35,4,1,29,31,1,7,1.0255871489054453,62.5354814812597
629,2831,0.484,0.955,0.0648207150013016,0.38114373489732545,13,35,4,1,30,31,1,7,1.0706451326186468,63.12382191708036
629,2832,0.953,0.24,0.08012073479979276,0.3628921494191828,13,35,4,1,10,32,1,7,0.9827558191127641,14.13522423239026
629,2833,0.945,0.208,0.08841802426325696,0.36971415437383914,13,35,4,1,11,32,1,7,0.967620276761499,12.413201540372455
629,2834,0.934,0.174,0.0988450693590418,0.3783601179856304,13,35,4,1,12,32,1,7,0.9500694711440844,10.552971998928808
629,2835,0.922,0.136,0.11140981874834666,0.38885943028642356,13,35,4,1,13,32,1,7,0.9319763945508491,8.390931111608909
629,2836,0.906,0.182,0.12632090771759474,0.40151508300048155,13,35,4,1,14,32,1,7,0.924099561735639,11.358570645285205
629,2837,0.888,0.227,0.14463056203266356,0.4171116612516558,13,35,4,1,15,32,1,7,0.9165549628909333,14.33947312963052
629,2838,0.865,0.273,0.1655670547179342,0.43480813224584913,13,35,4,1,16,32,1,7,0.9070578812843202,17.51605764849958
629,2839,0.838,0.318,0.18716108574960733,0.4534739153742666,13,35,4,1,17,32,1,7,0.896307982782704,20.78049867904118
629,2840,0.807,0.364,0.20690961446555367,0.47102268361354493,13,35,4,1,18,32,1,7,0.8852937365643112,24.27791157273478
629,2841,0.77,0.409,0.22173716378963004,0.48494168600284293,13,35,4,1,19,32,1,7,0.8718835931476174,27.975847269850284
629,2842,0.729,0.455,0.23293061981315955,0.4958202739830445,13,35,4,1,20,32,1,7,0.859340444759817,31.970045985776647
629,2843,0.685,0.5,0.23930743885864347,0.5015605365499691,13,35,4,1,21,32,1,7,0.8480713413386871,36.126715772789915
629,2844,0.639,0.546,0.2394865542897563,0.5006716150615383,13,35,4,1,22,32,1,7,0.8404980666247841,40.51256722152417
629,2845,0.593,0.591,0.2309956607880551,0.4941839632550832,13,35,4,1,23,32,1,7,0.8372156233611506,44.90321668071282
629,2846,0.55,0.637,0.2221063461284094,0.487805168059519,13,35,4,1,24,32,1,7,0.841587190967163,49.19194225893454
629,2847,0.512,0.682,0.22386010343411178,0.48715999989356074,13,35,4,1,25,32,1,7,0.8528000938086252,53.10322816310937
629,2848,0.481,0.728,0.22400160712660766,0.48553246125968996,13,35,4,1,26,32,1,7,0.8725508581165914,56.546690545927326
629,2849,0.461,0.773,0.21286889357249883,0.47975787445127394,13,35,4,1,27,32,1,7,0.9000277773491215,59.18909007813432
629,2850,0.453,0.819,0.19546148782005246,0.46920504525392337,13,35,4,1,28,32,1,7,0.9359326898874726,61.05242400715664
629,2851,0.456,0.864,0.1625094426006206,0.44802855419789755,13,35,4,1,29,32,1,7,0.9769503569782857,62.17590361574674
629,2852,0.468,0.91,0.1285830339551841,0.4257787225683216,13,35,4,1,30,32,1,7,1.0232907700160303,62.78388844269253
629,2853,0.485,0.955,0.07548479272277875,0.38926156029929937,13,35,4,1,31,32,1,7,1.0710975679180679,63.07610729657327
629,2854,0.946,0.2,0.09110203257731153,0.3707963332922237,13,35,4,1,10,33,1,7,0.9669105439491287,11.937487924056613
629,2855,0.937,0.166,0.10008571422230594,0.37798098076541464,13,35,4,1,11,33,1,7,0.95159077338948606,10.046346726652352
629,2856,0.926,0.13,0.11124900347293243,0.38702942280115693,13,35,4,1,12,33,1,7,0.9350807451765865,7.991455850395511
629,2857,0.912,0.091,0.12440479093632228,0.39796804924080387,13,35,4,1,13,33,1,7,0.9165287775078315,5.698152408238399
629,2858,0.896,0.136,0.13989652204002168,0.41110684442985157,13,35,4,1,14,33,1,7,0.9062626550840546,8.63080178854844
629,2859,0.876,0.182,0.15868570841203167,0.4271982564300151,13,35,4,1,15,33,1,7,0.8947066558375432,11.73694265293068
629,2860,0.852,0.227,0.17966216756656284,0.44535567670840737,13,35,4,1,16,33,1,7,0.8817216113944356,14.918859657989469
629,2861,0.824,0.273,0.20104739306020447,0.46438564955648554,13,35,4,1,17,33,1,7,0.868046657732175,18.330585041233217
629,2862,0.791,0.318,0.2205110998825609,0.4821924373478752,13,35,4,1,18,33,1,7,0.8525285918958965,21.90124955870444
629,2863,0.753,0.363,0.23550049721813648,0.4964956793838955,13,35,4,1,19,33,1,7,0.8359294228581741,25.737400858718004
629,2864,0.711,0.409,0.24842737126512604,0.5080846534581043,13,35,4,1,20,33,1,7,0.8202450853251119,29.909498991678696
629,2865,0.666,0.454,0.2577730093717373,0.5151324199659839,13,35,4,1,21,33,1,7,0.8060223321968195,34.281537700408364
629,2866,0.619,0.5,0.2618295301466772,0.5163970802931055,13,35,4,1,22,33,1,7,0.7957141446524625,38.929698055433725
629,2867,0.573,0.546,0.25793867105750934,0.5127256678780736,13,35,4,1,23,33,1,7,0.7914827856624551,43.61779630330304
629,2868,0.529,0.591,0.2543531331371819,0.5088168136706279,13,35,4,1,24,33,1,7,0.7931721124699228,48.1684967643572
629,2869,0.491,0.636,0.2604924999447409,0.510315885999669,13,35,4,1,25,33,1,7,0.8034780644174426,52.331407850462874
629,2870,0.462,0.682,0.2624611706701132,0.5106888642690268,13,35,4,1,26,33,1,7,0.8237523899813585,55.885527054658745
629,2871,0.442,0.727,0.2549645591723071,0.5066217520751849,13,35,4,1,27,33,1,7,0.8508190171828554,58.701319323529994
629,2872,0.435,0.773,0.2441433745138215,0.4988676054644853,13,35,4,1,28,33,1,7,0.8869915444918288,60.63169021225421
629,2873,0.44,0.819,0.21820484785840621,0.4816009563165543,13,35,4,1,29,33,1,7,0.9297101698916711,61.753505537336714
629,2874,0.453,0.864,0.1887311600503938,0.46297258238946226,13,35,4,1,30,33,1,7,0.9755536889377232,62.331727667800784
629,2875,0.469,0.909,0.13394432347905916,0.4302095798876414,13,35,4,1,31,33,1,7,1.0228597166767297,62.70845623066172
629,2876,0.495,0.955,0.061523338944608374,0.3785608748317004,13,35,4,1,32,33,1,7,1.0756625865019198,62.60118136778559
629,2877,0.939,0.16,0.1021929808122134,0.37883353350425686,13,35,4,1,10,34,1,7,0.9525339888948844,9.669986360792393
629,2878,0.929,0.125,0.11176879427422615,0.3863653416741486,13,35,4,1,11,34,1,7,0.9373718579091225,7.663309409155208
629,2879,0.916,0.087,0.12344174166519295,0.3957995921723425,13,35,4,1,12,34,1,7,0.9201222744831254,5.425572685759305
629,2880,0.902,0.045,0.13706572598419908,0.4071619188503599,13,35,4,1,13,34,1,7,0.9031218079528365,2.8560689497192113
629,2881,0.884,0.091,0.1530269882406431,0.4207695936481256,13,35,4,1,14,34,1,7,0.8886714803570552,5.877392606643136
629,2882,0.863,0.136,0.17210321438771503,0.43734813986567445,13,35,4,1,15,34,1,7,0.8736503877410002,8.955579373652006
629,2883,0.838,0.182,0.1929881205086501,0.45597845042400165,13,35,4,1,16,34,1,7,0.8575360050750056,12.253419035311545
629,2884,0.809,0.227,0.21429647329537527,0.4754289055623093,13,35,4,1,17,34,1,7,0.8402440121774152,15.673765173849533
629,2885,0.774,0.273,0.23365685933675084,0.49362424497055124,13,35,4,1,18,34,1,7,0.8207344272052928,19.428417679204593
629,2886,0.736,0.318,0.24936862098495693,0.5085011582070238,13,35,4,1,19,34,1,7,0.8017605627617262,23.367493403227144
629,2887,0.693,0.364,0.26432190083081,0.5210387828758829,13,35,4,1,20,34,1,7,0.7827803012340052,27.710814015253096
629,2888,0.647,0.409,0.27697472898856024,0.52965419778196,13,35,4,1,21,34,1,7,0.7654345171208312,32.298961007470545
629,2889,0.599,0.454,0.28480809360468085,0.533278839716758,13,35,4,1,22,34,1,7,0.7516096061121093,37.15957580847029
629,2890,0.553,0.5,0.2859613773340992,0.5324227080183308,13,35,4,1,23,34,1,7,0.74552598881595,42.11859840000032
629,2891,0.509,0.546,0.2878085690108714,0.5308470630036215,13,35,4,1,24,34,1,7,0.746456294768823,47.00860219815446
629,2892,0.471,0.591,0.2968108821246901,0.534330357738809,13,35,4,1,25,34,1,7,0.7557261408737955,51.44675537910456
629,2893,0.442,0.637,0.3010440441506458,0.5364114607332483,13,35,4,1,26,34,1,7,0.7753276726649192,55.24408744645863
629,2894,0.424,0.682,0.2989168610526256,0.5338582755238925,13,35,4,1,27,34,1,7,0.8030566605165541,58.13074695171442
629,2895,0.418,0.727,0.2936158197048201,0.5281202315522084,13,35,4,1,28,34,1,7,0.8386018125427586,60.10257890205583
629,2896,0.423,0.773,0.2717933797444433,0.5122777114092018,13,35,4,1,29,34,1,7,0.8811685423345524,61.31169990618068
629,2897,0.437,0.818,0.24001487122293064,0.4937790797588367,13,35,4,1,30,34,1,7,0.9274119904335937,61.88753758067776
629,2898,0.454,0.864,0.18432832115832887,0.4621039429278885,13,35,4,1,31,34,1,7,0.9760184424487071,62.279736779826024
629,2899,0.483,0.91,0.11995006078351245,0.42015060507032653,13,35,4,1,32,34,1,7,1.0302373512933805,62.04201287078369
629,2900,0.545,0.955,0.05800898811929556,0.3761560779513329,13,35,4,1,33,34,1,7,1.099568097027192,60.287434424116746
629,2901,0.931,0.12,0.11327754950532942,0.3870088283951597,13,35,4,1,10,35,1,7,0.9387017630749396,7.344568340614471
629,2902,0.92,0.083,0.12329221961728842,0.39487888785916925,13,35,4,1,11,35,1,7,0.9237364342711616,5.155119842394789
629,2903,0.907,0.043,0.13534666983482635,0.4046909014461043,13,35,4,1,12,35,1,7,0.9080187222739409,2.71430559240295
629,2904,0.891,0,0.149367371174002,0.41647211281675245,13,35,4,1,13,35,1,7,0.891,0
629,2905,0.872,0.045,0.16569016797886305,0.4305484506582886,13,35,4,1,14,35,1,7,0.8731603518254822,2.9541570393820593
629,2906,0.85,0.091,0.18488783380533602,0.447625241810364,13,35,4,1,15,35,1,7,0.8548572980328354,6.110743396852328
629,2907,0.824,0.136,0.20574319626645488,0.466763004292024,13,35,4,1,16,35,1,7,0.8351478910947449,9.372092708579087
629,2908,0.793,0.182,0.2270683409090526,0.48671181743391145,13,35,4,1,17,35,1,7,0.8136172318725803,12.925999124705953
629,2909,0.758,0.227,0.24661368834896724,0.505435747186394,13,35,4,1,18,35,1,7,0.7912603869776371,16.67150145465196
629,2910,0.718,0.273,0.2635806875857598,0.5210697988884678,13,35,4,1,19,35,1,7,0.768149074073516,20.81794700439503
629,2911,0.674,0.318,0.28077695008118253,0.5347753675996225,13,35,4,1,20,35,1,7,0.7452516353554685,25.25841122195553
629,2912,0.627,0.364,0.29688543069743745,0.545185354989583,13,35,4,1,21,35,1,7,0.725,30.136976318984416
629,2913,0.579,0.409,0.3086563386152311,0.55132519990945,13,35,4,1,22,35,1,7,0.7088878613715994,35.23701394891225
629,2914,0.532,0.455,0.3151153734076567,0.5532275500384058,13,35,4,1,23,35,1,7,0.7000349991250437,40.539151741483444
629,2915,0.488,0.5,0.3216508157802679,0.5537937976166638,13,35,4,1,24,35,1,7,0.6986730279608624,45.6958659395088
629,2916,0.451,0.546,0.3331574676017133,0.5590347625122503,13,35,4,1,25,35,1,7,0.7081786497770177,50.44304400049812
629,2917,0.422,0.591,0.341116266727035,0.5624691418643615,13,35,4,1,26,35,1,7,0.7261990085369161,54.4714939350984
629,2918,0.405,0.637,0.343656597913232,0.5609917405442819,13,35,4,1,27,35,1,7,0.7548470043657853,57.55209394217667
629,2919,0.4,0.682,0.34292489032781925,0.5562297977081618,13,35,4,1,28,35,1,7,0.7906478356385984,59.60793943105627
629,2920,0.407,0.728,0.3205222022890589,0.5402230180232582,13,35,4,1,29,35,1,7,0.8340461617920197,60.7919313874227
629,2921,0.421,0.773,0.2868293995026413,0.5208904303400077,13,35,4,1,30,35,1,7,0.8802102021676413,61.42590540817904
629,2922,0.439,0.818,0.23589377922666344,0.4895100111352292,13,35,4,1,31,35,1,7,0.928356073928533,61.77866490325147
629,2923,0.473,0.864,0.16422947676756183,0.4475421709800873,13,35,4,1,32,35,1,7,0.985,61.30133591410573
629,2924,0.547,0.91,0.08566128290691233,0.3996274859777964,13,35,4,1,33,35,1,7,1.0617480868831364,58.98997003305658
629,2925,0.698,0.955,0.017626021905826517,0.33738808540925447,13,35,4,1,34,35,1,7,1.1828901047857319,53.83730213400812
629,2929,1,1,0,0.2928932188134524,13,35,4,1,10,13,4,7,1.4142135623730951,45
629,2930,1,1,0,0.2928932188134524,13,35,4,1,11,13,4,7,1.4142135623730951,45
629,2931,1,1,0,0.2928932188134524,13,35,4,1,12,13,4,7,1.4142135623730951,45
629,2932,1,0.96,3.095223549687276e-7,0.2928951729498739,13,35,4,1,10,14,4,7,1.3862178760930766,43.830860672092584
629,2933,1,0.959,3.99264187600501e-7,0.29289810689585616,13,35,4,1,11,14,4,7,1.385525532063556,43.80102906682782
629,2934,1,0.957,5.244131446868749e-7,0.29291096854193066,13,35,4,1,12,14,4,7,1.3841419724869266,43.7412763666856
629,2935,1,0.955,6.895037479859312e-7,0.29300239803110883,13,35,4,1,13,14,4,7,1.3827599213167845,43.681404157171436
629,2936,1,0.92,1.2003327546028508e-5,0.29295286473442306,13,35,4,1,10,15,4,7,1.3588230201170424,42.61405596961119
629,2937,1,0.917,1.503186633455833e-5,0.29300754881260027,13,35,4,1,11,15,4,7,1.3567936468011634,42.52082345847564
629,2938,1,0.913,1.9330775381742882e-5,0.2931545639409784,13,35,4,1,12,15,4,7,1.3540934236602733,42.39607920836728
629,2939,1,0.91,2.4916750207770733e-5,0.29355990827489276,13,35,4,1,13,15,4,7,1.3520724832641184,42.3021943666837
629,2940,1,0.955,3.0632432681199084e-5,0.29419635053037685,13,35,4,1,14,15,4,7,1.3827599213167845,43.681404157171436
629,2941,1,0.88,1.0034563100413951e-4,0.29327677237635996,13,35,4,1,10,16,4,7,1.332066064427737,41.34777721969367
629,2942,1,0.875,1.2130552664901817e-4,0.2935269892350124,13,35,4,1,11,16,4,7,1.3287682265918312,41.18592516570965
629,2943,1,0.87,1.4862350484023956e-4,0.2940374160553567,13,35,4,1,12,16,4,7,1.3254810447531868,41.023269024922435
629,2944,0.999,0.864,1.8219787640039176e-4,0.2949788739130158,13,35,4,1,13,16,4,7,1.320794079332581,40.85537625889571
629,2945,0.999,0.91,2.2142858407681043e-4,0.29620070824011546,13,35,4,1,14,16,4,7,1.3513330455516879,42.33073093011519
629,2946,0.998,0.955,2.3507298810332422e-4,0.2970022146733837,13,35,4,1,15,16,4,7,1.3813142292758733,43.738699167651745
629,2947,0.999,0.84,4.2978194286458216e-4,0.2941855823670396,13,35,4,1,10,17,4,7,1.3052206709978202,40.058493726245686
629,2948,0.999,0.834,5.12885414423736e-4,0.29481399166028155,13,35,4,1,11,17,4,7,1.3013673578202274,39.85630524032165
629,2949,0.999,0.826,6.144533019820653e-4,0.2958573976908585,13,35,4,1,12,17,4,7,1.2962549903471923,39.58485553044823
629,2950,0.998,0.818,7.394358971599679e-4,0.29739479649185363,13,35,4,1,13,17,4,7,1.2903983880957075,39.33939226269854
629,2951,0.997,0.864,8.896612819213612e-4,0.2993565388716469,13,35,4,1,14,17,4,7,1.3192820016963773,40.91219527258994
629,2952,0.996,0.909,0.0010329333504460747,0.30126591239691136,13,35,4,1,15,17,4,7,1.3484424348113642,42.38515925361078
629,2953,0.993,0.955,9.470404058397053e-4,0.30171897519000856,13,35,4,1,16,17,4,7,1.3777060644419041,43.88246226080229
629,2954,0.999,0.8,0.0012723384988070352,0.29598769815751025,13,35,4,1,10,18,4,7,1.2798441311347253,38.687774465176346
629,2955,0.998,0.792,0.0014931348937035072,0.29714485063531604,13,35,4,1,11,18,4,7,1.2740753509898854,38.43506499089726
629,2956,0.998,0.783,0.001759515423372937,0.2988235624012161,13,35,4,1,12,18,4,7,1.2685002956247193,38.11663626995281
629,2957,0.997,0.773,0.0020697188091544083,0.30106900027511363,13,35,4,1,13,18,4,7,1.2615617305546327,37.78735113118806
629,2958,0.995,0.818,0.002453819324949702,0.3038965502177937,13,35,4,1,14,18,4,7,1.2880795782869938,39.42398456437962
629,2959,0.992,0.864,0.0028790983761679545,0.3068037712631214,13,35,4,1,15,18,4,7,1.3155075066300457,41.05481377096244
629,2960,0.988,0.91,0.003127233378943828,0.30878220327228467,13,35,4,1,16,18,4,7,1.343221500721307,42.6467031338917
629,2961,0.982,0.955,0.0025782095282980144,0.3078716980750571,13,35,4,1,17,18,4,7,1.3697988903485065,44.20140120472713
629,2962,0.997,0.76,0.0029482362311048504,0.29890890584447727,13,35,4,1,10,19,4,7,1.253638305094416,37.31779745546713
629,2963,0.996,0.75,0.00341273986556323,0.3006946467794809,13,35,4,1,11,19,4,7,1.2468023099112384,36.98018774930181
629,2964,0.995,0.739,0.003972791313610724,0.30308177806135683,13,35,4,1,12,19,4,7,1.239413571008483,36.60177347659559
629,2965,0.994,0.728,0.004654010174209522,0.3061275413434851,13,35,4,1,13,19,4,7,1.2320795428867406,36.21883726561453
629,2966,0.991,0.773,0.0054974356897182775,0.30986754184042886,13,35,4,1,14,19,4,7,1.2568253657529354,37.954949795286474
629,2967,0.987,0.819,0.0064476104765244235,0.31381851277599926,13,35,4,1,15,19,4,7,1.2825482447066074,39.68545433005525
629,2968,0.982,0.864,0.007239644527159306,0.3171944718983929,13,35,4,1,16,19,4,7,1.3079831803199917,41.34251565769798
629,2969,0.974,0.91,0.0071879020364653545,0.3185277812684142,13,35,4,1,17,19,4,7,1.332957613729709,43.054394721956164
629,2970,0.963,0.955,0.005138339977066808,0.3148691516319735,13,35,4,1,18,19,4,7,1.3562426036664679,44.76102003231743
629,2971,0.995,0.72,0.005857057551088118,0.3030439938204803,13,35,4,1,10,20,4,7,1.2281795471347012,35.89017932342182
629,2972,0.994,0.708,0.006698282388093113,0.305508193963427,13,35,4,1,11,20,4,7,1.2203687967167958,35.46126891050555
629,2973,0.992,0.696,0.007647581040533424,0.30863999604611325,13,35,4,1,12,20,4,7,1.2118085657396551,35.0539950575827
629,2974,0.989,0.682,0.008728730182823718,0.31251364953327543,13,35,4,1,13,20,4,7,1.201351322469826,34.58958101144036
629,2975,0.986,0.727,0.009980024587638359,0.31713406422503343,13,35,4,1,14,20,4,7,1.2250408156465644,36.40218738580551
629,2976,0.981,0.773,0.011385227748870963,0.32199076037342367,13,35,4,1,15,20,4,7,1.2489555636610936,38.23710103150636
629,2977,0.974,0.819,0.012754038149441538,0.32622342046093145,13,35,4,1,16,20,4,7,1.27257101962916,40.059218122098336
629,2978,0.964,0.864,0.013470314650364745,0.3284878205675411,13,35,4,1,17,20,4,7,1.2945238506879662,41.86877857730797
629,2979,0.951,0.909,0.012485995633449432,0.3273549466805984,13,35,4,1,18,20,4,7,1.3155538757496783,43.70644415882772
629,2980,0.936,0.955,0.008672790220638382,0.32170790816656525,13,35,4,1,19,20,4,7,1.3372064163770678,45.57566535135249
629,2981,0.992,0.68,0.009862323397461292,0.30831753158251995,13,35,4,1,10,21,4,7,1.2026903175797168,34.430008779172915
629,2982,0.99,0.667,0.011028434032891998,0.3114581557117734,13,35,4,1,11,21,4,7,1.1937290312294495,33.969621852620115
629,2983,0.987,0.652,0.012383328105489588,0.31531809649498566,13,35,4,1,12,21,4,7,1.182908703155066,33.44825793440478
629,2984,0.984,0.637,0.014011308355894925,0.31997589547286265,13,35,4,1,13,21,4,7,1.1721881248332113,32.917312815270506
629,2985,0.979,0.682,0.016022894522025988,0.32538736777683297,13,35,4,1,14,21,4,7,1.193132431878373,34.86219614691487
629,2986,0.973,0.727,0.018461793441713725,0.33103875781799974,13,35,4,1,15,21,4,7,1.2146019924238556,36.766118148824184
629,2987,0.964,0.773,0.021115856773835096,0.3361853934604264,13,35,4,1,16,21,4,7,1.2356476034857187,38.724982899338684
629,2988,0.952,0.818,0.023389182567839728,0.340089696534034,13,35,4,1,17,21,4,7,1.2551605474998009,40.67061200776203
629,2989,0.937,0.864,0.02426816245098884,0.3417131217256769,13,35,4,1,18,21,4,7,1.2745450168589574,42.67889861454139
629,2990,0.92,0.909,0.02265982076053663,0.34065269545831045,13,35,4,1,19,21,4,7,1.293321692387474,44.65541499404801
629,2991,0.9,0.955,0.016402110533973335,0.3339214570833454,13,35,4,1,20,21,4,7,1.3122595017754681,46.69829915633621
629,2992,0.987,0.64,0.015059344952739528,0.3147539394329687,13,35,4,1,10,22,4,7,1.1763371115458356,32.96056860917212
629,2993,0.985,0.625,0.016858218884533094,0.318597259874444,13,35,4,1,11,22,4,7,1.1665547565373862,32.395852716238174
629,2994,0.981,0.609,0.01903964895937671,0.32322929304874193,13,35,4,1,12,22,4,7,1.154660989208521,31.83180798181906
629,2995,0.977,0.591,0.021725529457980564,0.32874448887302843,13,35,4,1,13,22,4,7,1.1418449982375016,31.170288937068825
629,2996,0.97,0.637,0.025040626241610964,0.33509778929868117,13,35,4,1,14,22,4,7,1.160460684383577,33.29294730641494
629,2997,0.962,0.682,0.029163034027657853,0.341871979162256,13,35,4,1,15,22,4,7,1.1792234733077527,35.33434188867346
629,2998,0.951,0.728,0.03400210995790265,0.3485569793537291,13,35,4,1,16,22,4,7,1.1976581315216792,37.434416951715974
629,2999,0.938,0.773,0.03863541103314483,0.35465698140995217,13,35,4,1,17,22,4,7,1.2154723361722388,39.49172396954028
629,3000,0.921,0.818,0.04145700498455884,0.35878254868340465,13,35,4,1,18,22,4,7,1.2318137034470755,41.61036299609095
629,3001,0.901,0.864,0.042086671221768235,0.36071860453979254,13,35,4,1,19,22,4,7,1.2483176679034869,43.799074569893335
629,3002,0.878,0.91,0.03957573437557671,0.35854502381923337,13,35,4,1,20,22,4,7,1.2645093910287895,46.02531835877497
629,3003,0.854,0.955,0.027891061902159064,0.34762860622544167,13,35,4,1,21,22,4,7,1.2811483130379557,48.19561746342017
629,3004,0.982,0.6,0.022383391433852817,0.322572351391739,13,35,4,1,10,23,4,7,1.1507927702240746,31.424845250743655
629,3005,0.978,0.583,0.025184539890400703,0.32721976204844117,13,35,4,1,11,23,4,7,1.13858376942586,30.79978351825997
629,3006,0.973,0.565,0.02858461595027062,0.33277219211651665,13,35,4,1,12,23,4,7,1.1251462127208178,30.142806120332136
629,3007,0.968,0.546,0.03284842678722333,0.3393603949556957,13,35,4,1,13,23,4,7,1.111368525737525,29.42515370326682
629,3008,0.96,0.591,0.03814646670189503,0.3469790954752261,13,35,4,1,14,23,4,7,1.1273335797358295,31.617491050107446
629,3009,0.95,0.636,0.04440734126703516,0.3553236159919243,13,35,4,1,15,23,4,7,1.1432392575484802,33.80126734659906
629,3010,0.937,0.682,0.05154807578214271,0.3639963535553651,13,35,4,1,16,23,4,7,1.158918892761698,36.0491823466259
629,3011,0.921,0.727,0.0592410665022135,0.37232879813307307,13,35,4,1,17,23,4,7,1.173358427761952,38.286128846417235
629,3012,0.902,0.773,0.06595366853054596,0.3787361787745719,13,35,4,1,18,23,4,7,1.1879111919668068,40.59606310927092
629,3013,0.879,0.818,0.07038196117943296,0.3835557290158954,13,35,4,1,19,23,4,7,1.2007351914556348,42.9413444891607
629,3014,0.854,0.864,0.07076147360930507,0.3851398762270023,13,35,4,1,20,23,4,7,1.2148300292633534,45.33349902474147
629,3015,0.828,0.909,0.06255046664773656,0.37935286264595525,13,35,4,1,21,23,4,7,1.2295791963106728,47.66988976200763
629,3016,0.8,0.955,0.04015753521600374,0.3602265612073945,13,35,4,1,22,23,4,7,1.2458029539216866,50.04721499861142
629,3017,0.975,0.56,0.03244592018029169,0.33206872646668784,13,35,4,1,10,24,4,7,1.124377605611211,29.871292078071868
629,3018,0.97,0.542,0.03666052673188158,0.33767921775144527,13,35,4,1,11,24,4,7,1.1111543547140514,29.194838244434443
629,3019,0.964,0.522,0.041766619719802556,0.3443606033490897,13,35,4,1,12,24,4,7,1.0962572690751016,28.435269272826453
629,3020,0.957,0.5,0.04791242396005413,0.35228646475847036,13,35,4,1,13,24,4,7,1.0797448772742568,27.585539161327677
629,3021,0.947,0.546,0.05540469948026727,0.3614886005251018,13,35,4,1,14,24,4,7,1.0931262507139785,29.965923715957537
629,3022,0.936,0.591,0.06467541928351928,0.3717072079882081,13,35,4,1,15,24,4,7,1.106967479197108,32.26873454863029
629,3023,0.921,0.637,0.07567163751752948,0.38247044653035445,13,35,4,1,16,24,4,7,1.1198258793223168,34.669265910940645
629,3024,0.902,0.682,0.0867417973157234,0.3927806569111273,13,35,4,1,17,24,4,7,1.1308085602788829,37.09283729704155
629,3025,0.88,0.727,0.09606456775721184,0.4011182274405527,13,35,4,1,18,24,4,7,1.1414591538903176,39.561350516185534
629,3026,0.856,0.773,0.10374646913754593,0.40791576566673504,13,35,4,1,19,24,4,7,1.1533711458156042,42.083216161035715
629,3027,0.828,0.819,0.10679998324207296,0.41094775949228746,13,35,4,1,20,24,4,7,1.1646222563561113,44.68691142497935
629,3028,0.799,0.864,0.10004746812999599,0.4074853311031881,13,35,4,1,21,24,4,7,1.1768164682736217,47.23832284242026
629,3029,0.77,0.909,0.0783606749865724,0.39207921632689857,13,35,4,1,22,24,4,7,1.1912938344505943,49.732574824611
629,3030,0.741,0.955,0.042025152129554155,0.3622648619437776,13,35,4,1,23,24,4,7,1.2087621767742405,52.19153296915733
629,3031,0.966,0.52,0.04573376457797129,0.34334027014121915,13,35,4,1,10,25,4,7,1.0970669988656117,28.293681339630048
629,3032,0.96,0.5,0.051553435378621115,0.35005142613545837,13,35,4,1,11,25,4,7,1.0824047302187847,27.512002623851455
629,3033,0.953,0.478,0.058547691477568664,0.35801516663904676,13,35,4,1,12,25,4,7,1.066158055824745,26.637151532702557
629,3034,0.944,0.455,0.06720020716042463,0.36742524747251615,13,35,4,1,13,25,4,7,1.047931772588273,25.73367269591878
629,3035,0.933,0.5,0.07791012623985727,0.37829754738930643,13,35,4,1,14,25,4,7,1.058531529998044,28.187110181796363
629,3036,0.919,0.546,0.09042832032019332,0.39029850682818845,13,35,4,1,15,25,4,7,1.0689607102227847,30.715565232393562
629,3037,0.902,0.591,0.10408840073392045,0.402722920784937,13,35,4,1,16,25,4,7,1.0783714573374057,33.23324357338229
629,3038,0.881,0.637,0.11778492193017442,0.4142567589195819,13,35,4,1,17,25,4,7,1.0871660406764,35.86850945461634
629,3039,0.857,0.682,0.12932193009222281,0.4235532670043377,13,35,4,1,18,25,4,7,1.0952501997260717,38.51274968193244
629,3040,0.83,0.727,0.13798853832161795,0.4308703418371198,13,35,4,1,19,25,4,7,1.1033716508955629,41.21523496595617
629,3041,0.8,0.773,0.14109587511401556,0.4338261460647821,13,35,4,1,20,25,4,7,1.1124428075186608,44.01663436324691
629,3042,0.769,0.818,0.13441162756217107,0.43001974187028336,13,35,4,1,21,25,4,7,1.1227132314175334,46.76849499712627
629,3043,0.738,0.864,0.11058983319854221,0.4150357470731194,13,35,4,1,22,25,4,7,1.1362834153502372,49.49715161466778
629,3044,0.708,0.91,0.07150003482183687,0.38758895252988435,13,35,4,1,23,25,4,7,1.1529804855243648,52.116299510461054
629,3045,0.681,0.955,0.03192800407986629,0.351670786495368,13,35,4,1,24,25,4,7,1.1729390435994533,54.507749972154116
629,3046,0.956,0.48,0.06202877456940947,0.356098534031117,13,35,4,1,10,26,4,7,1.0697364161324976,26.660863428091485
629,3047,0.949,0.458,0.06984540925365135,0.3639403377090683,13,35,4,1,11,26,4,7,1.0537385823817973,25.76257363509548
629,3048,0.94,0.435,0.07933217197428477,0.3731773873799942,13,35,4,1,12,26,4,7,1.0357726584535816,24.833093124436232
629,3049,0.93,0.409,0.0907277643916149,0.3839759722107181,13,35,4,1,13,26,4,7,1.01596308988073,23.739170557068533
629,3050,0.917,0.454,0.10386908172720277,0.39625983825719147,13,35,4,1,14,26,4,7,1.0232326226230282,26.33967558440355
629,3051,0.901,0.5,0.11868405613396527,0.4095198565749535,13,35,4,1,15,26,4,7,1.0304372858160753,29.02760071738666
629,3052,0.881,0.546,0.13445745657466113,0.4227725296496957,13,35,4,1,16,26,4,7,1.036473347462442,31.788576731933382
629,3053,0.858,0.591,0.14910551566733332,0.4345377775858521,13,35,4,1,17,26,4,7,1.041846917737918,34.5595054266939
629,3054,0.831,0.636,0.16061938027549083,0.4437194453022659,13,35,4,1,18,26,4,7,1.0464497121218965,37.42838239554597
629,3055,0.802,0.682,0.16925066098634833,0.45039314405219544,13,35,4,1,19,26,4,7,1.0527715801635225,40.376976852162144
629,3056,0.77,0.727,0.17051858662568375,0.4522484772821398,13,35,4,1,20,26,4,7,1.0589754482517524,43.35468185016885
629,3057,0.737,0.773,0.16022933650892046,0.4469872274451058,13,35,4,1,21,26,4,7,1.0680346436328738,46.36573337437568
629,3058,0.705,0.818,0.1347274996175607,0.43104078286278524,13,35,4,1,22,26,4,7,1.0798837900440954,49.24332344917055
629,3059,0.674,0.864,0.09772306763248995,0.40597769949227847,13,35,4,1,23,26,4,7,1.0957974265346675,52.04247086165189
629,3060,0.646,0.909,0.060696300817425275,0.377974936905318,13,35,4,1,24,26,4,7,1.1151668036666085,54.59969324979823
629,3061,0.622,0.955,0.03426639938402454,0.3543103633662885,13,35,4,1,25,26,4,7,1.1396968895280886,56.92344377782874
629,3062,0.944,0.44,0.08132956673513991,0.36981106500002525,13,35,4,1,10,27,4,7,1.0415066010352503,24.990306111324816
629,3063,0.936,0.416,0.09129039038806575,0.37869056017553215,13,35,4,1,11,27,4,7,1.024281211386795,23.962488974578182
629,3064,0.925,0.391,0.10282883231542328,0.3890314645429207,13,35,4,1,12,27,4,7,1.004243994256376,22.91391194341688
629,3065,0.913,0.364,0.11606717637326125,0.40092586468143177,13,35,4,1,13,27,4,7,0.9828860564683987,21.736460585949402
629,3066,0.898,0.409,0.13104795535033265,0.41415490644536423,13,35,4,1,14,27,4,7,0.9867547821014094,24.487204123507894
629,3067,0.88,0.454,0.14724510537345725,0.4280123927985616,13,35,4,1,15,27,4,7,0.9902100787206722,27.289620420178874
629,3068,0.858,0.5,0.16321273995962882,0.4413231855879334,13,35,4,1,16,27,4,7,0.9930579036491276,30.2315187338827
629,3069,0.833,0.546,0.17752502666250825,0.4526434213277738,13,35,4,1,17,27,4,7,0.9959944778963385,33.24332586196441
629,3070,0.804,0.591,0.1883278326389698,0.4611794297408396,13,35,4,1,18,27,4,7,0.9978461805308472,36.31866241587668
629,3071,0.772,0.636,0.1950072609388721,0.46692595373498536,13,35,4,1,19,27,4,7,1.0002399712069099,39.48286402101195
629,3072,0.738,0.682,0.19393488619021337,0.46781725741040203,13,35,4,1,20,27,4,7,1.0048721311689364,42.741618427082656
629,3073,0.704,0.727,0.18384453246337595,0.4618752588731413,13,35,4,1,21,27,4,7,1.0120004940710257,45.92081723967042
629,3074,0.67,0.773,0.15989021427790295,0.4467282520432275,13,35,4,1,22,27,4,7,1.0229511229770463,49.08279502279848
629,3075,0.639,0.818,0.1274234798670072,0.4251281131476834,13,35,4,1,23,27,4,7,1.0380004816954567,52.00398615394477
629,3076,0.611,0.864,0.09587055595413918,0.403852664134992,13,35,4,1,24,27,4,7,1.0582140615206357,54.732969268837955
629,3077,0.587,0.909,0.07262386698882173,0.38764629198800693,13,35,4,1,25,27,4,7,1.0820582239417618,57.1470580935335
629,3078,0.57,0.955,0.041454268774253955,0.36150599360832614,13,35,4,1,26,27,4,7,1.1121712997555726,59.16877009244584
629,3079,0.931,0.4,0.10266283404621135,0.38398981073995875,13,35,4,1,10,28,4,7,1.01329215925122,23.2505628275772
629,3080,0.921,0.375,0.11409001756124082,0.3937477307429694,13,35,4,1,11,28,4,7,0.9944174173856771,22.154488251988276
629,3081,0.909,0.348,0.12708436112140087,0.404957751970909,13,35,4,1,12,28,4,7,0.9733370433719247,20.948759059099746
629,3082,0.895,0.318,0.14168678852958472,0.417615247873495,13,35,4,1,13,28,4,7,0.9498152451924532,19.560495321276104
629,3083,0.878,0.364,0.15746435658574887,0.4313582756201516,13,35,4,1,14,28,4,7,0.9504630450469919,22.51784926195581
629,3084,0.858,0.409,0.17355234674623587,0.4453379105881716,13,35,4,1,15,28,4,7,0.9504972382916217,25.48666974013884
629,3085,0.834,0.455,0.18912186201192016,0.4583269059784043,13,35,4,1,16,28,4,7,0.9500426306224369,28.61527281947482
629,3086,0.806,0.5,0.20249939934878924,0.46906516485916416,13,35,4,1,17,28,4,7,0.948491433804228,31.81328810917528
629,3087,0.774,0.546,0.2118248539112283,0.47706113889085255,13,35,4,1,18,28,4,7,0.9472021959434005,35.20015133113237
629,3088,0.74,0.591,0.2178461172499171,0.48231714818793026,13,35,4,1,19,28,4,7,0.9470380140205565,38.61256570253283
629,3089,0.705,0.637,0.2180588901147451,0.48307072401615614,13,35,4,1,20,28,4,7,0.9501547242423204,42.099266994885724
629,3090,0.669,0.682,0.21008742816189974,0.4776631875532178,13,35,4,1,21,28,4,7,0.9553454872453212,45.55131172902473
629,3091,0.634,0.727,0.19033528582999737,0.46434328291114213,13,35,4,1,22,28,4,7,0.9646165041092756,48.909064824471734
629,3092,0.602,0.773,0.1603036059345484,0.44552714433223073,13,35,4,1,23,28,4,7,0.9797617057223659,52.08911352873375
629,3093,0.575,0.819,0.13080708896942228,0.42796180481265167,13,35,4,1,24,28,4,7,1.000692760041762,54.92823951303752
629,3094,0.553,0.864,0.11061437659513562,0.41459089548019123,13,35,4,1,25,28,4,7,1.0258191848469203,57.378875170416066
629,3095,0.537,0.91,0.08230090906914012,0.3947468797337159,13,35,4,1,26,28,4,7,1.0566309667996676,59.45472492058935
629,3096,0.528,0.955,0.04625443666362783,0.3656928339346025,13,35,4,1,27,28,4,7,1.0912419530058401,61.06269016775591
629,3097,0.916,0.36,0.12449109389455004,0.3983117213203762,13,35,4,1,10,29,4,7,0.9842032310452958,21.45547690791655
629,3098,0.904,0.333,0.13704668380803786,0.4087848416303901,13,35,4,1,11,29,4,7,0.9633820633580429,20.22192224044358
629,3099,0.891,0.304,0.15101771279470178,0.4206509456931977,13,35,4,1,12,29,4,7,0.9414334814526197,18.839111205548623
629,3100,0.875,0.273,0.16605806825996916,0.4338124784194658,13,35,4,1,13,29,4,7,0.9165991490286253,17.327921777241237
629,3101,0.856,0.318,0.18167183513366192,0.4477990414873193,13,35,4,1,14,29,4,7,0.9131593508254734,20.37979626149565
629,3102,0.833,0.363,0.1974484349544332,0.46169823128008824,13,35,4,1,15,29,4,7,0.9086572511128715,23.546335194514125
629,3103,0.807,0.409,0.21225939191501342,0.47434169459549014,13,35,4,1,16,29,4,7,0.9047264780031588,26.876592137720728
629,3104,0.777,0.454,0.22472206167243858,0.4847099242670202,13,35,4,1,17,29,4,7,0.8999138847689817,30.297683518235704
629,3105,0.743,0.5,0.234315350410913,0.49256584679162885,13,35,4,1,18,29,4,7,0.8955718843286674,33.938483718896606
629,3106,0.707,0.545,0.24226614622903797,0.49794070424761927,13,35,4,1,19,29,4,7,0.8926779934556469,37.62729269080388
629,3107,0.67,0.591,0.24524054401250517,0.4992909959654174,13,35,4,1,20,29,4,7,0.8934097604123206,41.41517945678333
629,3108,0.633,0.636,0.2406860345360211,0.49501988686139065,13,35,4,1,21,29,4,7,0.8973210127930806,45.13545076306159
629,3109,0.597,0.682,0.22188828042913056,0.4833137426880403,13,35,4,1,22,29,4,7,0.9063845762147544,48.802181574572636
629,3110,0.566,0.727,0.1933892516055732,0.4662732091443267,13,35,4,1,23,29,4,7,0.9213495536440011,52.097745632487495
629,3111,0.539,0.773,0.16801203991169122,0.4515823185646405,13,35,4,1,24,29,4,7,0.9423640485502405,55.11257947396746
629,3112,0.518,0.818,0.15079153400067635,0.44119856343075226,13,35,4,1,25,29,4,7,0.968218983494953,57.655889394482024
629,3113,0.505,0.864,0.1279647106469971,0.42569103687890575,13,35,4,1,26,29,4,7,1.0007602110395877,59.69410953981391
629,3114,0.498,0.909,0.09995235061266117,0.4068436847909118,13,35,4,1,27,29,4,7,1.0364772066958348,61.28365774814537
629,3115,0.499,0.955,0.06222690620551974,0.379590465293981,13,35,4,1,28,29,4,7,1.0775091646942034,62.412343214122664
629,3116,0.899,0.32,0.14611424398955974,0.41264210698603265,13,35,4,1,10,30,4,7,0.9542541590163494,19.59324063972554
629,3117,0.886,0.291,0.15937256848721237,0.4237066049481074,13,35,4,1,11,30,4,7,0.9325647430607701,18.182374964360555
629,3118,0.871,0.261,0.1735986567296527,0.43608722080065865,13,35,4,1,12,30,4,7,0.9092645379646124,16.68113748872689
629,3119,0.853,0.227,0.18854276222576294,0.44961366651024315,13,35,4,1,13,30,4,7,0.8826879403277242,14.902148374101609
629,3120,0.832,0.273,0.20398816136911757,0.46375291909698124,13,35,4,1,14,30,4,7,0.8756443341905433,18.165956529225532
629,3121,0.807,0.318,0.21928403767059945,0.47759689298908503,13,35,4,1,15,30,4,7,0.8673943739729928,21.507021430759895
629,3122,0.778,0.364,0.2336807317632189,0.4900974747865898,13,35,4,1,16,30,4,7,0.8589412086982439,25.07331074170527
629,3123,0.746,0.409,0.24681265368983052,0.5004730940162881,13,35,4,1,17,30,4,7,0.8507625990839043,28.7340807620172
629,3124,0.71,0.454,0.2585299900724549,0.5086817482084156,13,35,4,1,18,30,4,7,0.8427431399898785,32.5963375876793
629,3125,0.672,0.5,0.2693995692307515,0.5147685704541584,13,35,4,1,19,30,4,7,0.8376061126806561,36.65100366014354
629,3126,0.633,0.546,0.27589613579553063,0.5172800932717199,13,35,4,1,20,30,4,7,0.8359455723909304,40.77971611424223
629,3127,0.595,0.591,0.2725505839977429,0.5144410785599958,13,35,4,1,21,30,4,7,0.8386334121652916,44.80676032961731
629,3128,0.56,0.636,0.2552520350434333,0.5042078952628838,13,35,4,1,22,30,4,7,0.8474054519531958,48.63598017846984
629,3129,0.529,0.682,0.22924770624190194,0.48918345482333614,13,35,4,1,23,30,4,7,0.8631135498878465,52.200704256676026
629,3130,0.503,0.727,0.21097418294981352,0.47789499074883046,13,35,4,1,24,30,4,7,0.8840463788738687,55.321242456160256
629,3131,0.484,0.773,0.20084612847473415,0.4706882656155543,13,35,4,1,25,30,4,7,0.9120224777931737,57.94800238372247
629,3132,0.473,0.818,0.18153703050207737,0.458860198271796,13,35,4,1,26,30,4,7,0.9449089903265816,59.961798162257864
629,3133,0.47,0.864,0.15541824379668545,0.44322040809516317,13,35,4,1,27,30,4,7,0.983562911053482,61.45462801401964
629,3134,0.474,0.909,0.11867938700260905,0.42047903936334385,13,35,4,1,28,30,4,7,1.0251619384272905,62.46011471285716
629,3135,0.485,0.955,0.06251497137135853,0.3795007757462988,13,35,4,1,29,30,4,7,1.0710975679180679,63.07610729657327
629,3136,0.881,0.28,0.1669950205855909,0.4270027867571875,13,35,4,1,10,31,4,7,0.9244246859533771,17.631331677421954
629,3137,0.866,0.25,0.18043406720428778,0.43859392038173195,13,35,4,1,11,31,4,7,0.9013634117269238,16.102561619384442
629,3138,0.849,0.217,0.19466453639326997,0.45143347798206634,13,35,4,1,12,31,4,7,0.8762933298844628,14.337547031643577
629,3139,0.829,0.182,0.20959568956114538,0.4653043018285383,13,35,4,1,13,31,4,7,0.8487431884851859,12.382365141103977
629,3140,0.806,0.227,0.22482409859049224,0.4796522926327522,13,35,4,1,14,31,4,7,0.8373559577622889,15.729221905555379
629,3141,0.779,0.273,0.24005662642425607,0.49361902053027806,13,35,4,1,15,31,4,7,0.8254513916639792,19.312976322394906
629,3142,0.748,0.318,0.25534292610060294,0.5062999427236784,13,35,4,1,16,31,4,7,0.8127902558471035,23.03197966965788
629,3143,0.714,0.364,0.27055613154999114,0.5171238070315234,13,35,4,1,17,31,4,7,0.8014312197562558,27.012665347938544
629,3144,0.676,0.409,0.2851516948797168,0.5261896751477527,13,35,4,1,18,31,4,7,0.7900993608401414,31.175179113112822
629,3145,0.636,0.454,0.2995732383445969,0.5335224326238142,13,35,4,1,19,31,4,7,0.7814166622231702,35.52063055073
629,3146,0.596,0.5,0.308395961287635,0.5376200789550705,13,35,4,1,20,31,4,7,0.7779562969730369,39.994167447048916
629,3147,0.558,0.546,0.3072284465451549,0.5363558455912312,13,35,4,1,21,31,4,7,0.7806920007275597,44.377244312793685
629,3148,0.522,0.591,0.2924372496393831,0.527548192194248,13,35,4,1,22,31,4,7,0.7885207670061708,48.54748938019662
629,3149,0.491,0.637,0.2721981688479832,0.5146808242984131,13,35,4,1,23,31,4,7,0.8042698552103018,52.37494182815633
629,3150,0.467,0.682,0.2605337417828856,0.5062352722627904,13,35,4,1,24,31,4,7,0.8265669966796401,55.598578475561276
629,3151,0.451,0.727,0.2523353476303216,0.5005265767635181,13,35,4,1,25,31,4,7,0.8555290760693057,58.18628824230258
629,3152,0.443,0.773,0.23173544358904752,0.48957913672463627,13,35,4,1,26,31,4,7,0.890942197900627,60.183329513892915
629,3153,0.442,0.818,0.20707754612739804,0.4753925147166287,13,35,4,1,27,31,4,7,0.9297784682385368,61.61577142079931
629,3154,0.45,0.864,0.17615280381813547,0.4559204931875541,13,35,4,1,28,31,4,7,0.9741642571969061,62.487997376148556
629,3155,0.463,0.91,0.1269245071533619,0.4253622945604163,13,35,4,1,29,31,4,7,1.0210137119549374,63.033408102935354
629,3156,0.481,0.955,0.07463306769369982,0.38881877313818514,13,35,4,1,30,31,4,7,1.069292289320371,63.26720758046076
629,3157,0.861,0.24,0.18678355043605077,0.44150941464382465,13,35,4,1,10,32,4,7,0.8938238081411795,15.575580421926043
629,3158,0.844,0.208,0.20032146243529858,0.4536215627238266,13,35,4,1,11,32,4,7,0.8692525524840292,13.844405637315985
629,3159,0.825,0.174,0.21467931103815985,0.46694115114237467,13,35,4,1,12,32,4,7,0.8431494529441385,11.909657041624564
629,3160,0.804,0.136,0.22962330523781072,0.48122871252629873,13,35,4,1,13,32,4,7,0.8154213634679925,9.600940758971028
629,3161,0.778,0.182,0.24502169793304407,0.4959405115018152,13,35,4,1,14,32,4,7,0.7990043804635868,13.166611110600522
629,3162,0.75,0.227,0.26119851418156215,0.5102929544196366,13,35,4,1,15,32,4,7,0.7836000255232257,16.83931431190751
629,3163,0.717,0.273,0.2785893543083391,0.5235259731161462,13,35,4,1,16,32,4,7,0.7672144419912856,20.844488354710624
629,3164,0.68,0.318,0.296428501743655,0.5352433881692455,13,35,4,1,17,32,4,7,0.7506823562599564,25.063003060543263
629,3165,0.64,0.364,0.31457511711758124,0.5456353072903535,13,35,4,1,18,32,4,7,0.7362716889844401,29.629054407192825
629,3166,0.599,0.409,0.33196484519057645,0.5546516310415399,13,35,4,1,19,32,4,7,0.725315103937592,34.325444005696276
629,3167,0.558,0.455,0.34390458236226584,0.5605921287063346,13,35,4,1,20,32,4,7,0.7199923610705881,39.1942219357288
629,3168,0.519,0.5,0.3457159078004811,0.5608559386722785,13,35,4,1,21,32,4,7,0.7206670521121387,43.931802081115016
629,3169,0.484,0.546,0.3351802989659197,0.5532927207566403,13,35,4,1,22,32,4,7,0.7296382665403454,48.444715719955106
629,3170,0.454,0.591,0.3185284912563173,0.5423307812675897,13,35,4,1,23,32,4,7,0.7452496226097669,52.46890827147961
629,3171,0.432,0.637,0.30961750205126115,0.5358741551598571,13,35,4,1,24,32,4,7,0.7696707088099429,55.855705179677436
629,3172,0.419,0.682,0.3013048410572833,0.5308673577362393,13,35,4,1,25,32,4,7,0.8004280105043802,58.434702854614635
629,3173,0.413,0.728,0.2844025265668868,0.5210847180709476,13,35,4,1,26,32,4,7,0.8369904420003851,60.43342449522286
629,3174,0.417,0.773,0.2657202254436649,0.5095299837496381,13,35,4,1,27,32,4,7,0.8783040475826125,61.65506180944373
629,3175,0.427,0.819,0.23748009916752422,0.4927346776343443,13,35,4,1,28,32,4,7,0.9236287132825614,62.463926891842846
629,3176,0.443,0.864,0.1955465834048542,0.46763445809693527,13,35,4,1,29,32,4,7,0.9709505651679697,62.85435738808615
629,3177,0.462,0.91,0.14970868731979547,0.4396488133103049,13,35,4,1,30,32,4,7,1.0205606302420254,63.083445383048655
629,3178,0.482,0.955,0.0843037471759821,0.3964167623957705,13,35,4,1,31,32,4,7,1.069742492378423,63.21937207447831
629,3179,0.839,0.2,0.20568654000294273,0.45634283244918017,13,35,4,1,10,33,4,7,0.8625085506822526,13.407884127384426
629,3180,0.821,0.166,0.21946102590853434,0.4690245738504837,13,35,4,1,11,33,4,7,0.837613872855506,11.43066795806718
629,3181,0.8,0.13,0.23401857187895725,0.48291006547897664,13,35,4,1,12,33,4,7,0.8104936767180853,9.229886243727718
629,3182,0.777,0.091,0.24928991184464022,0.4977583693484092,13,35,4,1,13,33,4,7,0.7823106799731167,6.6798860632225505
629,3183,0.75,0.136,0.26561698323230054,0.513058122488196,13,35,4,1,14,33,4,7,0.7622309361341876,10.277953356677113
629,3184,0.719,0.182,0.2838229967831265,0.5281125050686252,13,35,4,1,15,33,4,7,0.7416771534839132,14.204870193487368
629,3185,0.684,0.227,0.303714610754483,0.5422966164822629,13,35,4,1,16,33,4,7,0.720683703159715,18.35952660297643
629,3186,0.645,0.273,0.324836189727978,0.5553546408346008,13,35,4,1,17,33,4,7,0.7003956024990449,22.94079347037289
629,3187,0.604,0.318,0.34645521066576346,0.5675204515174744,13,35,4,1,18,33,4,7,0.6825979783152013,27.76635934821579
629,3188,0.561,0.363,0.3671317024336661,0.5786002543519937,13,35,4,1,19,33,4,7,0.6681990721334474,32.905242922987895
629,3189,0.519,0.409,0.3829990996561291,0.5865519713648744,13,35,4,1,20,33,4,7,0.6607889224253082,38.24001686138737
629,3190,0.48,0.454,0.3885786085645413,0.5882502348083216,13,35,4,1,21,33,4,7,0.6606935749649757,43.405454333296014
629,3191,0.446,0.5,0.3802174964893672,0.5817959369079386,13,35,4,1,22,33,4,7,0.6700119401921133,48.2670382405149
629,3192,0.418,0.546,0.36519149921888083,0.5725483091588781,13,35,4,1,23,33,4,7,0.6876336233780311,52.563495897067185
629,3193,0.398,0.591,0.3594487467805023,0.5677124081568665,13,35,4,1,24,33,4,7,0.7125201751529566,56.042301351528025
629,3194,0.387,0.636,0.3547368032273127,0.5635580839895373,13,35,4,1,25,33,4,7,0.7444897581565512,58.679881777374725
629,3195,0.386,0.682,0.34273024352627146,0.555400553722922,13,35,4,1,26,33,4,7,0.7836580887096107,60.490902472934394
629,3196,0.392,0.727,0.32924364298136366,0.5457230243734902,13,35,4,1,27,33,4,7,0.8259497563411469,61.666356131284076
629,3197,0.406,0.773,0.3031170984615178,0.5293506909610346,13,35,4,1,28,33,4,7,0.873135155631704,62.290359609620275
629,3198,0.424,0.819,0.2630924965198155,0.505947231444265,13,35,4,1,29,33,4,7,0.9222456288863612,62.62919321310182
629,3199,0.443,0.864,0.21279538437675127,0.47786157134995955,13,35,4,1,30,33,4,7,0.9709505651679697,62.85435738808615
629,3200,0.466,0.909,0.14526908878067268,0.4374890556901624,13,35,4,1,31,33,4,7,1.0214876406496556,62.85799681453553
629,3201,0.499,0.955,0.07008080748132495,0.38528872840796513,13,35,4,1,32,33,4,7,1.0775091646942034,62.412343214122664
629,3202,0.816,0.16,0.22407818244580457,0.47170336134757307,13,35,4,1,10,34,4,7,0.831538333451922,11.093723011557849
629,3203,0.796,0.125,0.23819031948984493,0.48504717287820676,13,35,4,1,11,34,4,7,0.8057549255201609,8.924569000921437
629,3204,0.774,0.087,0.25318660881680766,0.4996335225431535,13,35,4,1,12,34,4,7,0.7788741875296677,6.413304142866104
629,3205,0.748,0.045,0.26936836810041165,0.515236685533937,13,35,4,1,13,34,4,7,0.749352387064991,3.4427891389031773
629,3206,0.719,0.091,0.28755020321274094,0.531392327070525,13,35,4,1,14,34,4,7,0.7247358139349814,7.213269234030843
629,3207,0.686,0.136,0.30812046585395614,0.5474942307651971,13,35,4,1,15,34,4,7,0.6993511278320784,11.213529122177707
629,3208,0.649,0.182,0.33114196334621127,0.5630386802081745,13,35,4,1,16,34,4,7,0.6740363491682033,15.665166077484097
629,3209,0.609,0.227,0.3557250716402547,0.5778761311433629,13,35,4,1,17,34,4,7,0.6499307655435308,20.44254751559063
629,3210,0.566,0.273,0.380854616001602,0.5922337366510981,13,35,4,1,18,34,4,7,0.628398758751161,25.74950797418087
629,3211,0.522,0.318,0.4056788337454369,0.6056889261637837,13,35,4,1,19,34,4,7,0.6112348157623222,31.34958086524301
629,3212,0.48,0.364,0.4257579568068909,0.6157174150246365,13,35,4,1,20,34,4,7,0.6024084992760311,37.17425483359111
629,3213,0.441,0.409,0.4339768648003327,0.618666401914989,13,35,4,1,21,34,4,7,0.601466541047796,42.84400060038141
629,3214,0.408,0.454,0.4260639088654514,0.6130946467533134,13,35,4,1,22,34,4,7,0.610393315821856,48.054649975676995
629,3215,0.382,0.5,0.41432220260569386,0.6052289608644801,13,35,4,1,23,34,4,7,0.629224920040521,52.62017245327351
629,3216,0.365,0.546,0.414219418096369,0.6015479811410329,13,35,4,1,24,34,4,7,0.6567655593893456,56.23734495435014
629,3217,0.358,0.591,0.4121586475034148,0.5978836537670331,13,35,4,1,25,34,4,7,0.69097395030493,58.794490558658374
629,3218,0.359,0.637,0.40444170612448815,0.5903706788881722,13,35,4,1,26,34,4,7,0.7311976476986233,60.59529321027741
629,3219,0.37,0.682,0.3924197777043542,0.580246038942765,13,35,4,1,27,34,4,7,0.775902055674555,61.519195240197206
629,3220,0.386,0.727,0.36076698089213244,0.5619545391477971,13,35,4,1,28,34,4,7,0.8231190679361036,62.033972619138304
629,3221,0.405,0.773,0.3176607848056099,0.5377691765293832,13,35,4,1,29,34,4,7,0.8726706136910994,62.348485601136176
629,3222,0.426,0.818,0.2676013447846214,0.509455542080115,13,35,4,1,30,34,4,7,0.9222797840135063,62.490293156069306
629,3223,0.454,0.864,0.20428385050897457,0.47191260985527084,13,35,4,1,31,34,4,7,0.9760184424487071,62.279736779826024
629,3224,0.498,0.91,0.13138012412495192,0.42819860522841025,13,35,4,1,32,34,4,7,1.0373543271226084,61.310195560072444
629,3225,0.566,0.955,0.06016059385197714,0.3786442222011158,13,35,4,1,33,34,4,7,1.1101265693604492,59.34604305701389
629,3226,0.792,0.12,0.24225871409227195,0.4877706710038322,13,35,4,1,10,35,4,7,0.8010393248773745,8.615648184164112
629,3227,0.77,0.083,0.25688977036897753,0.501899893580215,13,35,4,1,11,35,4,7,0.7744604573507934,6.15228383145118
629,3228,0.746,0.043,0.27278394061517197,0.5173541045578927,13,35,4,1,12,35,4,7,0.7472382484857155,3.298921465423793
629,3229,0.718,0,0.29060932415063834,0.5339356569030236,13,35,4,1,13,35,4,7,0.718,0
629,3230,0.687,0.045,0.3110298678433303,0.5512364304018427,13,35,4,1,14,35,4,7,0.6884722216618475,3.747644974766046
629,3231,0.653,0.091,0.33447744465710605,0.5687394321793203,13,35,4,1,15,35,4,7,0.659310245635543,7.933463814270696
629,3232,0.614,0.136,0.36093494672827287,0.5860450208653764,13,35,4,1,16,35,4,7,0.6288815468750852,12.489279754392587
629,3233,0.572,0.182,0.38893300649770435,0.6030736056687862,13,35,4,1,17,35,4,7,0.6002566117919901,17.650124219930124
629,3234,0.527,0.227,0.41833921071597446,0.6199858435021073,13,35,4,1,18,35,4,7,0.5738100731078185,23.30347969535535
629,3235,0.483,0.273,0.4475134129021181,0.6360250854254379,13,35,4,1,19,35,4,7,0.5548134821721621,29.475889003245747
629,3236,0.44,0.318,0.47161071726134407,0.6480413113409471,13,35,4,1,20,35,4,7,0.5428848865091015,35.856665988096104
629,3237,0.402,0.364,0.48039027617538566,0.6518767980592042,13,35,4,1,21,35,4,7,0.54230987451825,42.15997885121529
629,3238,0.37,0.409,0.47350411544140936,0.6467318134052666,13,35,4,1,22,35,4,7,0.5515260646605924,47.86607356463757
629,3239,0.347,0.455,0.4677963286214717,0.6396373205723156,13,35,4,1,23,35,4,7,0.5722184897397147,52.66950307384766
629,3240,0.333,0.5,0.4717034127482497,0.6363393442287417,13,35,4,1,24,35,4,7,0.6007403765354881,56.33638481725301
629,3241,0.329,0.546,0.47120637527462017,0.6322738175673513,13,35,4,1,25,35,4,7,0.63746137137869,58.9283419391537
629,3242,0.335,0.591,0.4637900438297644,0.623952782466789,13,35,4,1,26,35,4,7,0.679342329021238,60.45387996722528
629,3243,0.348,0.637,0.44745436605968547,0.6116530825089822,13,35,4,1,27,35,4,7,0.7258601793734106,61.35174213423189
629,3244,0.366,0.682,0.4108837493093218,0.5907631186933404,13,35,4,1,28,35,4,7,0.774002583975015,61.77946228380271
629,3245,0.386,0.728,0.37145311328946784,0.5651227388293207,13,35,4,1,29,35,4,7,0.8240024271808912,62.06658021705816
629,3246,0.411,0.773,0.3193724319069775,0.5346315297774327,13,35,4,1,30,35,4,7,0.8754713016427209,62.00065821091513
629,3247,0.45,0.818,0.24202919457653793,0.4928066155802273,13,35,4,1,31,35,4,7,0.9336080548067267,61.18382889622499
629,3248,0.51,0.864,0.15840971210582555,0.4463175312766585,13,35,4,1,32,35,4,7,1.003292579460249,59.44759071484028
629,3249,0.606,0.91,0.07867881955193334,0.39291550318283,13,35,4,1,33,35,4,7,1.0933142274753402,56.33900186752447
629,3250,0.755,0.955,0.01663274650873725,0.3350669032135123,13,35,4,1,34,35,4,7,1.2173947593118677,51.67095267425387
629,3254,1,1,0,0.2928932188134524,13,35,4,1,10,13,7,7,1.4142135623730951,45
629,3255,1,1,0,0.2928932188134524,13,35,4,1,11,13,7,7,1.4142135623730951,45
629,3256,1,1,0,0.2928932188134524,13,35,4,1,12,13,7,7,1.4142135623730951,45
629,3257,1,0.96,4.10181027810097e-7,0.29289832400276694,13,35,4,1,10,14,7,7,1.3862178760930766,43.830860672092584
629,3258,1,0.959,4.985233234000574e-7,0.2929054928034822,13,35,4,1,11,14,7,7,1.385525532063556,43.80102906682782
629,3259,1,0.957,6.101076934772465e-7,0.29293262725312263,13,35,4,1,12,14,7,7,1.3841419724869266,43.7412763666856
629,3260,1,0.955,7.378999348217619e-7,0.29304900556162483,13,35,4,1,13,14,7,7,1.3827599213167845,43.681404157171436
629,3261,1,0.92,1.6415123854862657e-5,0.2930297122178346,13,35,4,1,10,15,7,7,1.3588230201170424,42.61405596961119
629,3262,1,0.917,1.9709286611435672e-5,0.29314119396435945,13,35,4,1,11,15,7,7,1.3567936468011634,42.52082345847564
629,3263,1,0.913,2.375720045721952e-5,0.2933867096948981,13,35,4,1,12,15,7,7,1.3540934236602733,42.39607920836728
629,3264,1,0.91,2.831199865171996e-5,0.29385794254386677,13,35,4,1,13,15,7,7,1.3520724832641184,42.3021943666837
629,3265,1,0.955,3.247010603624201e-5,0.2943663256720632,13,35,4,1,14,15,7,7,1.3827599213167845,43.681404157171436
629,3266,1,0.88,1.3724696939387826e-4,0.29370451884398996,13,35,4,1,10,16,7,7,1.332066064427737,41.34777721969367
629,3267,1,0.875,1.5934124165062347e-4,0.29414711883360845,13,35,4,1,11,16,7,7,1.3287682265918312,41.18592516570965
629,3268,1,0.87,1.8491086485772357e-4,0.29485874951964575,13,35,4,1,12,16,7,7,1.3254810447531868,41.023269024922435
629,3269,0.999,0.864,2.1380163223894133e-4,0.2958263206019319,13,35,4,1,13,16,7,7,1.320794079332581,40.85537625889571
629,3270,0.999,0.91,2.476667570817659e-4,0.29684524540368296,13,35,4,1,14,16,7,7,1.3513330455516879,42.33073093011519
629,3271,0.998,0.955,2.450823930066903e-4,0.29726237717080417,13,35,4,1,15,16,7,7,1.3813142292758733,43.738699167651745
629,3272,0.999,0.84,6.002063970933502e-4,0.2954197316701811,13,35,4,1,10,17,7,7,1.3052206709978202,40.058493726245686
629,3273,0.999,0.834,6.875858491864895e-4,0.2963646771629129,13,35,4,1,11,17,7,7,1.3013673578202274,39.85630524032165
629,3274,0.998,0.826,7.875798765706321e-4,0.29763005830894174,13,35,4,1,12,17,7,7,1.2954844653642128,39.61303806488329
629,3275,0.998,0.818,9.014343568375383e-4,0.2992049201552387,13,35,4,1,13,17,7,7,1.2903983880957075,39.33939226269854
629,3276,0.997,0.864,0.0010324762748733507,0.3009729438551555,13,35,4,1,14,17,7,7,1.3192820016963773,40.91219527258994
629,3277,0.995,0.909,0.0011259157030073519,0.3022933832743008,13,35,4,1,15,17,7,7,1.3477039734303673,42.41381815999662
629,3278,0.992,0.955,9.745151534216179e-4,0.30199800832261203,13,35,4,1,16,17,7,7,1.3769854755951494,43.91130523841521
629,3279,0.998,0.8,0.0017983764152789128,0.2985425785115592,13,35,4,1,10,18,7,7,1.2790637200702708,38.71577480968507
629,3280,0.997,0.792,0.0020256760053747325,0.3000977821362669,13,35,4,1,11,18,7,7,1.27329218956216,38.46303706322133
629,3281,0.996,0.783,0.0022882849213401446,0.30203546409171833,13,35,4,1,12,18,7,7,1.2669273854487477,38.17246685287294
629,3282,0.995,0.773,0.0025916279011304333,0.3043667597855668,13,35,4,1,13,18,7,7,1.2599817458995188,37.84307733140419
629,3283,0.993,0.818,0.0029429056414158605,0.3068887541444353,13,35,4,1,14,18,7,7,1.2865352696292474,39.480548759385
629,3284,0.99,0.864,0.00327921332471659,0.3090591478484125,13,35,4,1,15,18,7,7,1.3139999999999998,41.112090439166934
629,3285,0.986,0.91,0.003371928032638749,0.310022782993414,13,35,4,1,16,18,7,7,1.3417510946520594,42.704562610543924
629,3286,0.98,0.955,0.00262597974972667,0.30817581660763926,13,35,4,1,17,18,7,7,1.3683658136624137,44.25978563534959
629,3287,0.995,0.76,0.004223887296297857,0.30329992127044214,13,35,4,1,10,19,7,7,1.2520483217512015,37.373282117397785
629,3288,0.994,0.75,0.0047441264979364295,0.30555325459563976,13,35,4,1,11,19,7,7,1.2452052039724215,37.03554511738589
629,3289,0.993,0.739,0.005346821660379697,0.30826118910804656,13,35,4,1,12,19,7,7,1.2378085473933358,36.65697199351387
629,3290,0.991,0.728,0.006039064646880421,0.3114160892457646,13,35,4,1,13,19,7,7,1.2296605222580743,36.3014318248124
629,3291,0.988,0.773,0.00680201691410931,0.31477693619835334,13,35,4,1,14,19,7,7,1.254461238938852,38.03922335785953
629,3292,0.984,0.819,0.0075605389895725406,0.3178852149817044,13,35,4,1,15,19,7,7,1.2802409929384388,39.7711901905933
629,3293,0.978,0.864,0.008011174020822187,0.3199652368185163,13,35,4,1,16,19,7,7,1.3049827585067935,41.458524135919596
629,3294,0.97,0.91,0.007519560935501546,0.31972864263546097,13,35,4,1,17,19,7,7,1.3300375934536588,43.172031755694995
629,3295,0.961,0.955,0.00511432390144817,0.3147194955039839,13,35,4,1,18,19,7,7,1.3548232357027243,44.82057747737497
629,3296,0.992,0.72,0.0083171987127717,0.309722454742712,13,35,4,1,10,20,7,7,1.2257503824188674,35.972387049284904
629,3297,0.99,0.708,0.009151378036516777,0.3127113846656945,13,35,4,1,11,20,7,7,1.2171129775004454,35.5705120459807
629,3298,0.988,0.696,0.010077508404183644,0.3161993874543838,13,35,4,1,12,20,7,7,1.2085363047918751,35.1629127434893
629,3299,0.985,0.682,0.011120742509492243,0.3201237422033192,13,35,4,1,13,20,7,7,1.198060516000757,34.698178172497755
629,3300,0.98,0.727,0.012303209071780508,0.32417957508558437,13,35,4,1,14,20,7,7,1.2202167840183151,36.569381643297
629,3301,0.975,0.773,0.013555448982035312,0.32783797970419104,13,35,4,1,15,20,7,7,1.2442483674893852,38.408102545249875
629,3302,0.967,0.819,0.01457948434419798,0.3303354398663727,13,35,4,1,16,20,7,7,1.2672213697693073,40.26290871493276
629,3303,0.957,0.864,0.014747383113955514,0.3309787518300451,13,35,4,1,17,20,7,7,1.28931958799981,42.076396445861434
629,3304,0.946,0.909,0.01294525050697748,0.3283387416907878,13,35,4,1,18,20,7,7,1.3119439774624526,43.85732465142245
629,3305,0.932,0.955,0.008690875309032897,0.3219008674659267,13,35,4,1,19,20,7,7,1.334409607279564,45.69832415236701
629,3306,0.986,0.68,0.013780446728366758,0.3175992718004418,13,35,4,1,10,21,7,7,1.1977462168589805,34.59228868750995
629,3307,0.984,0.667,0.015132126048099437,0.3213011035002382,13,35,4,1,11,21,7,7,1.188757754969447,34.131206901273316
629,3308,0.98,0.652,0.016722332398983797,0.3255172017486656,13,35,4,1,12,21,7,7,1.1770743391986762,33.636065864766366
629,3309,0.976,0.637,0.018596720602368833,0.33014155634344156,13,35,4,1,13,21,7,7,1.165480587568922,33.131035537531176
629,3310,0.97,0.682,0.020767014594049837,0.33487155515756495,13,35,4,1,14,21,7,7,1.185758828767469,35.11077596227056
629,3311,0.963,0.727,0.023136020474111896,0.3392882541913973,13,35,4,1,15,21,7,7,1.2066059837411713,37.05034124134486
629,3312,0.953,0.773,0.025447978513079117,0.3429486884805206,13,35,4,1,16,21,7,7,1.2270851641186116,39.04629549557506
629,3313,0.941,0.818,0.027022660597290415,0.3452537376907896,13,35,4,1,17,21,7,7,1.2468380007041813,41.00004091377394
629,3314,0.927,0.864,0.0265359276339604,0.34500878710156546,13,35,4,1,18,21,7,7,1.2672115056295852,42.98540121212943
629,3315,0.911,0.909,0.023783136688247386,0.3426471530987609,13,35,4,1,19,21,7,7,1.2869351187997007,44.93703763027478
629,3316,0.894,0.955,0.01635035394866602,0.33388008205489994,13,35,4,1,20,21,7,7,1.3081517496070554,46.889548612278794
629,3317,0.979,0.64,0.022004506272568558,0.32715491342964287,13,35,4,1,10,22,7,7,1.1696328483759337,33.17378090202641
629,3318,0.975,0.625,0.02434094486284044,0.33168120831627024,13,35,4,1,11,22,7,7,1.158123482190047,32.66091272167381
629,3319,0.971,0.609,0.02710696945002322,0.3367960755075624,13,35,4,1,12,22,7,7,1.14617712418282,32.095462506077006
629,3320,0.965,0.591,0.03043978627859867,0.3424091149252255,13,35,4,1,13,22,7,7,1.131594450322199,31.484770780981723
629,3321,0.957,0.637,0.03435345434479009,0.3482921989135429,13,35,4,1,14,22,7,7,1.1496164577805938,33.648598935261866
629,3322,0.948,0.682,0.038642915132614974,0.3541376524501071,13,35,4,1,15,22,7,7,1.1678304671483786,35.73159069915845
629,3323,0.936,0.728,0.04267535595893934,0.3594870915128131,13,35,4,1,16,22,7,7,1.1857824421031036,37.8749836510982
629,3324,0.921,0.773,0.0457742941922743,0.3633920282000185,13,35,4,1,17,22,7,7,1.2024017631390933,40.00690779139015
629,3325,0.905,0.818,0.04672522612048535,0.36515521939462814,13,35,4,1,18,22,7,7,1.2198971268102896,42.10940048283249
629,3326,0.887,0.864,0.0462192643947934,0.3649454979315705,13,35,4,1,19,22,7,7,1.2382507823538818,44.247443091647
629,3327,0.867,0.91,0.041315553627951473,0.36055894620357276,13,35,4,1,20,22,7,7,1.2568965749018493,46.386177722724064
629,3328,0.847,0.955,0.027766725170453976,0.3477360027515013,13,35,4,1,21,22,7,7,1.2764928515271834,48.42982855456131
629,3329,0.97,0.6,0.0343395697211748,0.33902806468353697,13,35,4,1,10,23,7,7,1.1405700329221349,31.739140795815157
629,3330,0.965,0.583,0.038237717526369064,0.3446442678676839,13,35,4,1,11,23,7,7,1.1274369161953142,31.138066245328005
629,3331,0.958,0.565,0.04271622927056706,0.35099947572750134,13,35,4,1,12,23,7,7,1.1122000719295067,30.530843691691075
629,3332,0.951,0.546,0.04781052685525278,0.35802611157751285,13,35,4,1,13,23,7,7,1.096593361278464,29.861533554179523
629,3333,0.941,0.591,0.05376278255712574,0.365517009456476,13,35,4,1,14,23,7,7,1.111198452122752,32.131091575371265
629,3334,0.929,0.636,0.06055766513199157,0.37310100238748256,13,35,4,1,15,23,7,7,1.1258494570767443,34.39581871770421
629,3335,0.915,0.682,0.06773229202663267,0.3800974508761724,13,35,4,1,16,23,7,7,1.1412050648327847,36.69919568829059
629,3336,0.898,0.727,0.07371605150231197,0.38557318861444634,13,35,4,1,17,23,7,7,1.1553930067297447,38.992829445634975
629,3337,0.879,0.773,0.0773300588421566,0.3894911590586779,13,35,4,1,18,23,7,7,1.1705426092201856,41.32866931825306
629,3338,0.858,0.818,0.07893284376585308,0.39168320728525285,13,35,4,1,19,23,7,7,1.1854484383557136,43.632818505456854
629,3339,0.837,0.864,0.07525420074083566,0.38922654568469506,13,35,4,1,20,23,7,7,1.202940148137055,45.90938044919914
629,3340,0.815,0.909,0.06428077650822861,0.38074597028763646,13,35,4,1,21,23,7,7,1.220862809655532,48.12092552889655
629,3341,0.793,0.955,0.039322441419621046,0.35938016749415325,13,35,4,1,22,23,7,7,1.2413194592851593,50.29489587559906
629,3342,0.958,0.56,0.05152212021594216,0.3538352005885256,13,35,4,1,10,24,7,7,1.1096684189432444,30.30847016123725
629,3343,0.951,0.542,0.0573107948494086,0.3608338119935144,13,35,4,1,11,24,7,7,1.0946072354959107,29.679956928681385
629,3344,0.943,0.522,0.06416626041589335,0.3687352606428379,13,35,4,1,12,24,7,7,1.0778371862206275,28.966830152086512
629,3345,0.934,0.5,0.07227092044556538,0.37744185548193665,13,35,4,1,13,24,7,7,1.0594130450395636,28.161564144837747
629,3346,0.922,0.546,0.08139107177967997,0.38665955549513054,13,35,4,1,14,24,7,7,1.0715409464878138,30.6336308539234
629,3347,0.908,0.591,0.09101092965126945,0.3958371552319393,13,35,4,1,15,24,7,7,1.0833951264427952,33.059340695721474
629,3348,0.891,0.637,0.10041760777177122,0.4041414198907398,13,35,4,1,16,24,7,7,1.095285350947414,35.56200204418024
629,3349,0.871,0.682,0.10855817783833699,0.41085781003443167,13,35,4,1,17,24,7,7,1.1062391242403244,38.061229483657996
629,3350,0.85,0.727,0.11464401067592078,0.4160338772940271,13,35,4,1,18,24,7,7,1.118494076873007,40.54017620671981
629,3351,0.827,0.773,0.11769023847200555,0.4188369497014556,13,35,4,1,19,24,7,7,1.1320150175682298,43.067001154132775
629,3352,0.803,0.819,0.11393526826422662,0.4171575369146704,13,35,4,1,20,24,7,7,1.146982999002165,45.56516815013232
629,3353,0.779,0.864,0.10183331473764767,0.4088327051332008,13,35,4,1,21,24,7,7,1.1633301337109772,47.96153578229728
629,3354,0.755,0.909,0.07690814171191362,0.390648210443287,13,35,4,1,22,24,7,7,1.1816539256482839,50.287552316113185
629,3355,0.733,0.955,0.04018244585715136,0.36030374189821124,13,35,4,1,23,24,7,7,1.2038745781849536,52.49234547008869
629,3356,0.943,0.52,0.07446314843778223,0.3714817908294912,13,35,4,1,10,25,7,7,1.0768700014393566,28.873730497434217
629,3357,0.935,0.5,0.08296052708951951,0.3799530047870462,13,35,4,1,11,25,7,7,1.0602947703351178,28.13606059022183
629,3358,0.925,0.478,0.09244922844348369,0.3893860115087143,13,35,4,1,12,25,7,7,1.0412055512721778,27.327965349201744
629,3359,0.913,0.455,0.10293215378016751,0.39957102992008553,13,35,4,1,13,25,7,7,1.0200950936064734,26.489695087893416
629,3360,0.899,0.5,0.11435989898363419,0.41004309464927435,13,35,4,1,14,25,7,7,1.0286889714583316,29.08165337452632
629,3361,0.882,0.546,0.12625576603698774,0.4200707368475307,13,35,4,1,15,25,7,7,1.0373234789591914,31.7594800848128
629,3362,0.863,0.591,0.1373136668520113,0.42880551155721336,13,35,4,1,16,25,7,7,1.045968450767039,34.40413865084626
629,3363,0.841,0.637,0.14600554454832604,0.4357337245174143,13,35,4,1,17,25,7,7,1.0550118482747006,37.141439591528545
629,3364,0.817,0.682,0.15224043562920697,0.44075957245798913,13,35,4,1,18,25,7,7,1.0642429233967214,39.85382306071744
629,3365,0.791,0.727,0.1549236349663411,0.4427997041255982,13,35,4,1,19,25,7,7,1.0743416588776589,42.58579742216457
629,3366,0.766,0.773,0.14975763487745464,0.4400671604526558,13,35,4,1,20,25,7,7,1.0882485929235104,45.260602788071424
629,3367,0.74,0.818,0.13383601441622073,0.43020182531525175,13,35,4,1,21,25,7,7,1.1030521293211848,47.86607356463757
629,3368,0.716,0.864,0.10429679464905506,0.410799666125649,13,35,4,1,22,25,7,7,1.1221194232344434,50.351331608662136
629,3369,0.693,0.91,0.06699876973372354,0.3830030109088428,13,35,4,1,23,25,7,7,1.1438308441373664,52.70933308003393
629,3370,0.673,0.955,0.030272444513670282,0.3500102701729155,13,35,4,1,24,25,7,7,1.1683124582062796,54.82718592157342
629,3371,0.925,0.48,0.10229338071195837,0.39088707149544966,13,35,4,1,10,26,7,7,1.042125232397719,27.425652666911926
629,3372,0.916,0.458,0.11271678975413268,0.40057431932918774,13,35,4,1,11,26,7,7,1.0241191336949038,26.56505117707799
629,3373,0.904,0.435,0.12418737009377612,0.4110961046870081,13,35,4,1,12,26,7,7,1.0032153308238467,25.696612781930803
629,3374,0.89,0.409,0.13652758062738057,0.422087557237557,13,35,4,1,13,26,7,7,0.9794799640625632,24.681172959926986
629,3375,0.873,0.454,0.14915783858635645,0.43292635788352807,13,35,4,1,14,26,7,7,0.9839944105532308,27.4764980517645
629,3376,0.854,0.5,0.16136894715315253,0.4428126175117989,13,35,4,1,15,26,7,7,0.989603961188515,30.348123668718653
629,3377,0.831,0.546,0.1722523039993159,0.45101207548977706,13,35,4,1,16,26,7,7,0.9943223823287898,33.306503183943136
629,3378,0.807,0.591,0.18045266657262538,0.45716621184890893,13,35,4,1,17,26,7,7,1.0002649648968016,36.21688464388223
629,3379,0.78,0.636,0.1854180140420043,0.46103652936383466,13,35,4,1,18,26,7,7,1.0064273446205643,39.193273094468424
629,3380,0.753,0.682,0.1847926848611885,0.46147414862699154,13,35,4,1,19,26,7,7,1.0159394667006494,42.16746640208426
629,3381,0.726,0.727,0.17599794332594731,0.45681228064716095,13,35,4,1,20,26,7,7,1.027426396390515,45.039432739481626
629,3382,0.699,0.773,0.1570177563919679,0.445003775282507,13,35,4,1,21,26,7,7,1.0421756090026286,47.87793569385177
629,3383,0.674,0.818,0.12677826290034389,0.4253929230658715,13,35,4,1,22,26,7,7,1.0599056561788884,50.512812421834084
629,3384,0.651,0.864,0.09163513294967573,0.4007363307761641,13,35,4,1,23,26,7,7,1.0818026622263415,53.00299046172577
629,3385,0.631,0.909,0.059121631361870985,0.3766777816163819,13,35,4,1,24,26,7,7,1.1065450736413769,55.23280105924693
629,3386,0.615,0.955,0.0338750935510852,0.35370907223110104,13,35,4,1,25,26,7,7,1.1358917201916738,57.219312923219356
629,3387,0.905,0.44,0.13208531121906075,0.4106689275868738,13,35,4,1,10,27,7,7,1.0062927009573308,25.928457601114502
629,3388,0.893,0.416,0.143902237979172,0.4211062692951514,13,35,4,1,11,27,7,7,0.9851421217266065,24.978244218331223
629,3389,0.879,0.391,0.1562057277656972,0.4321104713708951,13,35,4,1,12,27,7,7,0.9620405396863482,23.980630117881123
629,3390,0.863,0.364,0.1686922120599812,0.44319824886431014,13,35,4,1,13,27,7,7,0.9366242576401702,22.86926188756798
629,3391,0.844,0.409,0.18117477079984012,0.45369040133354244,13,35,4,1,14,27,7,7,0.9378789900621508,25.854696413496352
629,3392,0.822,0.454,0.19295670945841215,0.4628563541907229,13,35,4,1,15,27,7,7,0.9390420650854784,28.91237241892688
629,3393,0.797,0.5,0.20254215416484844,0.4701488144653607,13,35,4,1,16,27,7,7,0.9408554618005892,32.10221014302415
629,3394,0.77,0.546,0.2086578010875202,0.475340647426008,13,35,4,1,17,27,7,7,0.9439364385381042,35.34010692155767
629,3395,0.741,0.591,0.21182704087289694,0.47814421514114736,13,35,4,1,18,27,7,7,0.9478196030891111,38.57484176247437
629,3396,0.712,0.636,0.21026234291967638,0.47750706915908114,13,35,4,1,19,27,7,7,0.9546936681470135,41.773090367713316
629,3397,0.683,0.682,0.2015851916893764,0.4720255527451356,13,35,4,1,20,27,7,7,0.9652010153330757,44.958025077463155
629,3398,0.656,0.727,0.18250086324931902,0.46024410882334243,13,35,4,1,21,27,7,7,0.9792165235533967,47.938851895326714
629,3399,0.63,0.773,0.15442719973562535,0.4423135672820473,13,35,4,1,22,27,7,7,0.9972106096507397,50.8197432239631
629,3400,0.608,0.818,0.12230224419797853,0.42125118679062634,13,35,4,1,23,27,7,7,1.0192094976009594,53.37745308384498
629,3401,0.589,0.864,0.09541423042302044,0.4038831348225279,13,35,4,1,24,27,7,7,1.045665816597253,55.717238655403506
629,3402,0.575,0.909,0.0714283560873119,0.38692062638093627,13,35,4,1,25,27,7,7,1.0755956489313259,57.684058300493426
629,3403,0.564,0.955,0.039831951765707196,0.3596322148938005,13,35,4,1,26,27,7,7,1.109108200312305,59.43492422653139
629,3404,0.882,0.4,0.16140047373636734,0.4299986429097621,13,35,4,1,10,28,7,7,0.9684647644597092,24.3949924102524
629,3405,0.868,0.375,0.17332074515806073,0.44078353231900536,13,35,4,1,11,28,7,7,0.9455416437153892,23.36567952334901
629,3406,0.852,0.348,0.1854859840145373,0.45184938050411616,13,35,4,1,12,28,7,7,0.9203303754630725,22.21759426951831
629,3407,0.833,0.318,0.19769079645483056,0.46267363270051776,13,35,4,1,13,28,7,7,0.8916350150145518,20.894491017701334
629,3408,0.812,0.364,0.2094236161123063,0.47262353313070626,13,35,4,1,14,28,7,7,0.8898539205959595,24.145541960421653
629,3409,0.787,0.409,0.2200277820856117,0.48111662998220683,13,35,4,1,15,28,7,7,0.8869329174182228,27.460676237733843
629,3410,0.759,0.455,0.22861717951909422,0.48779644803390965,13,35,4,1,16,28,7,7,0.884932765807663,30.94154886670768
629,3411,0.729,0.5,0.23513994369141622,0.49254138632182787,13,35,4,1,17,28,7,7,0.8839915157963903,34.445098414952724
629,3412,0.699,0.546,0.2394349517658455,0.49506424983848274,13,35,4,1,18,28,7,7,0.8869706872270358,37.99396018035403
629,3413,0.668,0.591,0.23903134693927142,0.49440301786315666,13,35,4,1,19,28,7,7,0.8919108699864577,41.50016951341026
629,3414,0.638,0.637,0.2323010614488218,0.48923408811987457,13,35,4,1,20,28,7,7,0.9015614233095824,44.955062142929705
629,3415,0.611,0.682,0.2144445944517802,0.47813627929168123,13,35,4,1,21,28,7,7,0.9156664239776405,48.14301553111192
629,3416,0.586,0.727,0.18563255262522504,0.4612922038872156,13,35,4,1,22,28,7,7,0.9337692434429397,51.12937029405452
629,3417,0.565,0.773,0.1541326512314236,0.442777776186725,13,35,4,1,23,28,7,7,0.9574727150159423,53.83623977544816
629,3418,0.548,0.819,0.13170889058779045,0.4285034148439367,13,35,4,1,24,28,7,7,0.9854263036879014,56.21317639456846
629,3419,0.535,0.864,0.11052274726140576,0.4145381556602905,13,35,4,1,25,28,7,7,1.016228812817271,58.23367154123922
629,3420,0.527,0.91,0.07962466157161507,0.392849977044744,13,35,4,1,26,28,7,7,1.051584043241433,59.92397197791354
629,3421,0.524,0.955,0.044848455007718835,0.36406956020923786,13,35,4,1,27,28,7,7,1.0893121682970406,61.246815411029715
629,3422,0.856,0.36,0.1884125984164089,0.4487007836456539,13,35,4,1,10,29,7,7,0.9286204822208047,22.809711103877454
629,3423,0.84,0.333,0.20022277518191245,0.4596272732862483,13,35,4,1,11,29,7,7,0.9035978087622833,21.62478927047772
629,3424,0.822,0.304,0.21202012172844098,0.470618928485975,13,35,4,1,12,29,7,7,0.8764131445842195,20.295889888935037
629,3425,0.8,0.273,0.2236047368797084,0.4811794613488941,13,35,4,1,13,29,7,7,0.8452981722445637,18.842207138300733
629,3426,0.776,0.318,0.23498663614380655,0.4907758233275392,13,35,4,1,14,29,7,7,0.8386298349093002,22.283514942007383
629,3427,0.748,0.363,0.2461539587065913,0.4989818866474802,13,35,4,1,15,29,7,7,0.8314282891506639,25.88702626632669
629,3428,0.718,0.409,0.2562012324665549,0.5055870778762641,13,35,4,1,16,29,7,7,0.8263201558718025,29.66747785924868
629,3429,0.687,0.454,0.26478428557548395,0.5105189140058403,13,35,4,1,17,29,7,7,0.8234591671722405,33.45849271618203
629,3430,0.654,0.5,0.27167976250135817,0.5134362237117023,13,35,4,1,18,29,7,7,0.8232350818569384,37.39885239945635
629,3431,0.622,0.545,0.27339395202760386,0.5132852460130661,13,35,4,1,19,29,7,7,0.8269879080131705,41.225030457906044
629,3432,0.592,0.591,0.26582141975017304,0.5084910496063288,13,35,4,1,20,29,7,7,0.8365076210053318,44.951567399944
629,3433,0.565,0.636,0.24640822021028008,0.49748557153376793,13,35,4,1,21,29,7,7,0.8507179321020569,48.38323998143306
629,3434,0.541,0.682,0.21817588828658507,0.4813343630519237,13,35,4,1,22,29,7,7,0.8705199595643974,51.57661001820081
629,3435,0.521,0.727,0.18983118247384057,0.4656635534139957,13,35,4,1,23,29,7,7,0.8944104203328581,54.37296052402989
629,3436,0.506,0.773,0.17213575640458634,0.45452930180780216,13,35,4,1,24,29,7,7,0.923885815455568,56.791542813971674
629,3437,0.497,0.818,0.15491856055445752,0.44268765387009923,13,35,4,1,25,29,7,7,0.9571483688540664,58.71799388927637
629,3438,0.492,0.864,0.12931646166678112,0.4265105406528108,13,35,4,1,26,29,7,7,0.9942635465509132,60.340890764004904
629,3439,0.492,0.909,0.09907780254064458,0.4067127801131677,13,35,4,1,27,29,7,7,1.0336077592588013,61.575349484176456
629,3440,0.498,0.955,0.06031246971072346,0.3777718295668756,13,35,4,1,28,29,7,7,1.0770464242547766,62.45949201555858
629,3441,0.827,0.32,0.21349352745906836,0.4670775443617551,13,35,4,1,10,30,7,7,0.8867519382555642,21.153484835770314
629,3442,0.809,0.291,0.22503447499158336,0.4781437320031581,13,35,4,1,11,30,7,7,0.8597453111241724,19.783827559691563
629,3443,0.788,0.261,0.2366817175890994,0.4891622955427928,13,35,4,1,12,30,7,7,0.8300993916393385,18.32581413678623
629,3444,0.764,0.227,0.24876321482834174,0.4996985449629068,13,35,4,1,13,30,7,7,0.7970100375779468,16.547759531169138
629,3445,0.737,0.273,0.26178424907228115,0.5093301987378851,13,35,4,1,14,30,7,7,0.7859376565606206,20.32566879216574
629,3446,0.707,0.318,0.2749512268745695,0.5177610733610332,13,35,4,1,15,30,7,7,0.7752244836174874,24.217635487536846
629,3447,0.675,0.364,0.28742922388255,0.5248694179518496,13,35,4,1,16,30,7,7,0.7668904745789976,28.336176626687934
629,3448,0.641,0.409,0.2991301956456346,0.530564629233645,13,35,4,1,17,30,7,7,0.7603696469481143,32.54054361406648
629,3449,0.608,0.454,0.30770787144163414,0.5343596385389744,13,35,4,1,18,30,7,7,0.7588016868721366,36.74908437310209
629,3450,0.575,0.5,0.3097374102069619,0.5349481375844337,13,35,4,1,19,30,7,7,0.7619875327064085,41.00908690157023
629,3451,0.545,0.546,0.30166042968328777,0.530466355623348,13,35,4,1,20,30,7,7,0.7714538223380581,45.052516740117
629,3452,0.518,0.591,0.2816029362164294,0.519734363477077,13,35,4,1,21,30,7,7,0.7858784893353424,48.76606545402629
629,3453,0.496,0.636,0.2562647528793739,0.5053505194432293,13,35,4,1,22,30,7,7,0.8065432412462459,52.05025025887314
629,3454,0.479,0.682,0.23695664329985888,0.49323608883240255,13,35,4,1,23,30,7,7,0.8334056635276725,54.917865605401595
629,3455,0.467,0.727,0.2250067191245817,0.484929716441977,13,35,4,1,24,30,7,7,0.8640705989674686,57.28469437916992
629,3456,0.46,0.773,0.20823400908596623,0.4747305195120717,13,35,4,1,25,30,7,7,0.8995159809586487,59.243796384796944
629,3457,0.459,0.818,0.1840020164700923,0.4604915340320078,13,35,4,1,26,30,7,7,0.9379792108570424,60.702140972312314
629,3458,0.463,0.864,0.15381049568889915,0.443127226328628,13,35,4,1,27,30,7,7,0.9802372161880001,61.81404941482512
629,3459,0.472,0.909,0.11409846305208615,0.4169810425772633,13,35,4,1,28,30,7,7,1.0242387417003909,62.55931731308997
629,3460,0.485,0.955,0.060159946819030585,0.3774509430045807,13,35,4,1,29,30,7,7,1.0710975679180679,63.07610729657327
629,3461,0.796,0.28,0.23726575470573474,0.48568122653367984,13,35,4,1,10,31,7,7,0.8438104052451594,19.379771080203966
629,3462,0.775,0.25,0.2491704295604522,0.497042196708708,13,35,4,1,11,31,7,7,0.8143248737451166,17.87869659584134
629,3463,0.752,0.217,0.2619895472016307,0.5083444368829786,13,35,4,1,12,31,7,7,0.782683205390278,16.096226842899977
629,3464,0.726,0.182,0.2761087631273831,0.5192265739869941,13,35,4,1,13,31,7,7,0.7484650960465692,14.073376177901416
629,3465,0.696,0.227,0.29150792499689415,0.5293658541214261,13,35,4,1,14,31,7,7,0.732082645607721,18.063707066740516
629,3466,0.664,0.273,0.30761423890390616,0.5385579476246471,13,35,4,1,15,31,7,7,0.7179310551856634,22.349748627306997
629,3467,0.629,0.318,0.32301957205003085,0.5467100214204482,13,35,4,1,16,31,7,7,0.70481557871545375,26.819535833918003
629,3468,0.594,0.364,0.3368417823817963,0.5536355091445344,13,35,4,1,17,31,7,7,0.6966577351899568,31.499742772943314
629,3469,0.559,0.409,0.34686908310576536,0.5585952831911176,13,35,4,1,18,31,7,7,0.6926485400258923,36.19157907573441
629,3470,0.527,0.454,0.35021553824174634,0.5599349153864883,13,35,4,1,19,31,7,7,0.6955896778992627,40.7442434318581
629,3471,0.497,0.5,0.3427518178767899,0.5556637509215452,13,35,4,1,20,31,7,7,0.7049886523909445,45.17240403186771
629,3472,0.472,0.546,0.32515103754132346,0.5454196490018531,13,35,4,1,21,31,7,7,0.7217340230306453,49.157606413405325
629,3473,0.452,0.591,0.3037271427792336,0.5329280345747223,13,35,4,1,22,31,7,7,0.7440329293788011,52.59104506554317
629,3474,0.438,0.637,0.2895178045557111,0.5231494452491764,13,35,4,1,23,31,7,7,0.7730543318551419,55.48765983848561
629,3475,0.429,0.682,0.27756210914602986,0.5154768779456885,13,35,4,1,24,31,7,7,0.8057077633981194,57.82878287145543
629,3476,0.426,0.727,0.2577343756341547,0.5050095109253465,13,35,4,1,25,31,7,7,0.8426179442665578,59.630987983144976
629,3477,0.429,0.773,0.23501887728279924,0.49168364100561,13,35,4,1,26,31,7,7,0.8840644772865834,60.97057532339027
629,3478,0.437,0.818,0.21020397099942345,0.47634006284100383,13,35,4,1,27,31,7,7,0.9274119904335937,61.88753758067776
629,3479,0.45,0.864,0.17200896197501514,0.4532983401127405,13,35,4,1,28,31,7,7,0.9741642571969061,62.487997376148556
629,3480,0.465,0.91,0.12375740665483159,0.4236667013822002,13,35,4,1,29,31,7,7,1.0219222083896602,62.933466841040456
629,3481,0.482,0.955,0.07230498746067571,0.38666653404051543,13,35,4,1,30,31,7,7,1.069742492378423,63.21937207447831
629,3482,0.761,0.24,0.26130609040603614,0.5051160154139467,13,35,4,1,10,32,7,7,0.797947993292796,17.503945965976555
629,3483,0.739,0.208,0.2748354167974947,0.5170262705445219,13,35,4,1,11,32,7,7,0.7677141395076685,15.719863491002414
629,3484,0.713,0.174,0.28979721847066475,0.5289524619933399,13,35,4,1,12,32,7,7,0.7339243830259354,13.714360452527755
629,3485,0.684,0.136,0.30656721067973824,0.5406033536115981,13,35,4,1,13,32,7,7,0.6973894177573962,11.245482805462862
629,3486,0.652,0.182,0.3251773524145136,0.5517326502513077,13,35,4,1,14,32,7,7,0.6769254020939087,15.596602850545596
629,3487,0.618,0.227,0.34433358108549794,0.5621821229418897,13,35,4,1,15,32,7,7,0.6583714756883078,20.16898628605033
629,3488,0.581,0.273,0.36222414657195245,0.571818296822201,13,35,4,1,16,32,7,7,0.641942365014181,25.167870149781617
629,3489,0.545,0.318,0.37895412121584393,0.5802628522523463,13,35,4,1,17,32,7,7,0.6309904912120309,30.26297330079421
629,3490,0.51,0.364,0.3913614895984221,0.5864160508999048,13,35,4,1,18,32,7,7,0.6265748159637443,35.51641776344618
629,3491,0.478,0.409,0.39639167798185837,0.5882606494900895,13,35,4,1,19,32,7,7,0.6290985614353286,40.55190174386677
629,3492,0.45,0.455,0.38965098847536117,0.5839434766987692,13,35,4,1,20,32,7,7,0.6399414035675454,45.31654804727301
629,3493,0.427,0.5,0.3717835476013247,0.5741242496020399,13,35,4,1,21,32,7,7,0.6575173001526271,49.50267316807666
629,3494,0.41,0.546,0.3523613578917846,0.5631217846320833,13,35,4,1,22,32,7,7,0.6828001171646062,53.096537167888464
629,3495,0.399,0.591,0.34087027559225636,0.5547162133017058,13,35,4,1,23,32,7,7,0.7130792382337323,55.97565517281255
629,3496,0.394,0.637,0.3302231291798309,0.5473945756746319,13,35,4,1,24,32,7,7,0.7490026702222096,58.262200570219854
629,3497,0.396,0.682,0.3136398619099443,0.5377966208073359,13,35,4,1,25,32,7,7,0.7886317264731366,59.85861444792466
629,3498,0.403,0.728,0.2947910068672086,0.5265365311942172,13,35,4,1,26,32,7,7,0.8321015563018735,61.032339353935974
629,3499,0.414,0.773,0.2721905160167285,0.5124227688173839,13,35,4,1,27,32,7,7,0.8768836866996671,61.82758090095039
629,3500,0.429,0.819,0.2348858445885721,0.49087971004631226,13,35,4,1,28,32,7,7,0.9245550281081164,62.35402463626132
629,3501,0.447,0.864,0.1944798815173071,0.46707291386303396,13,35,4,1,29,32,7,7,0.9727820927628139,62.64471232049282
629,3502,0.465,0.91,0.14464109333673392,0.43694565406962393,13,35,4,1,30,32,7,7,1.0219222083896602,62.933466841040456
629,3503,0.484,0.955,0.07978853078205328,0.3930100369480619,13,35,4,1,31,32,7,7,1.0706451326186468,63.12382191708036
629,3504,0.725,0.2,0.28732964664959837,0.5260197224299051,13,35,4,1,10,33,7,7,0.7520804478245662,15.422161318738674
629,3505,0.7,0.166,0.3030586610557009,0.5388061293039066,13,35,4,1,11,33,7,7,0.7194136501346078,13.340846710873324
629,3506,0.672,0.13,0.32079791680482994,0.5517546715152623,13,35,4,1,12,33,7,7,0.6844589103810397,10.948760424321016
629,3507,0.641,0.091,0.3408612212911981,0.564633211659016,13,35,4,1,13,33,7,7,0.6474272159864767,8.080040523721136
629,3508,0.606,0.136,0.36275395087579043,0.5772428015885585,13,35,4,1,14,33,7,7,0.6210732645992741,12.648882516625008
629,3509,0.57,0.182,0.3848157027917828,0.5894199232121441,13,35,4,1,15,33,7,7,0.5983510675180583,17.70819144438026
629,3510,0.532,0.227,0.40631471178148004,0.6009128782984892,13,35,4,1,16,33,7,7,0.5784055670548133,23.107541678462916
629,3511,0.495,0.273,0.426332116372487,0.6110524527109332,13,35,4,1,17,33,7,7,0.5652910754646672,28.87740122228281
629,3512,0.46,0.318,0.44168781602898755,0.6183078432475523,13,35,4,1,18,33,7,7,0.5592173101755703,34.656273795392245
629,3513,0.429,0.363,0.4465782145997321,0.6203977194868565,13,35,4,1,19,33,7,7,0.5619697500755713,40.23635830927382
629,3514,0.403,0.409,0.4370909009393136,0.615916708487845,13,35,4,1,20,33,7,7,0.5741863808903865,45.423360123911365
629,3515,0.383,0.454,0.41873949922766296,0.6065819242619876,13,35,4,1,21,33,7,7,0.593973905150723,49.8486081823419
629,3516,0.369,0.5,0.40515080933865577,0.5969166414756725,13,35,4,1,22,33,7,7,0.6214185385068585,53.57267440423362
629,3517,0.362,0.546,0.3987736219009025,0.5896807372500483,13,35,4,1,23,33,7,7,0.6551030453295116,56.45547605473753
629,3518,0.362,0.591,0.38952829666918065,0.5830232566415483,13,35,4,1,24,33,7,7,0.6930548318856163,58.5116494062879
629,3519,0.368,0.636,0.37672495247353854,0.5743930138684132,13,35,4,1,25,33,7,7,0.7347924877133679,59.94562391712562
629,3520,0.379,0.682,0.36177028129362476,0.5636541324042132,13,35,4,1,26,33,7,7,0.7802339392771889,60.93826335029207
629,3521,0.394,0.727,0.33655748593156865,0.5482991129446986,13,35,4,1,27,33,7,7,0.8269008404881446,61.544378469439096
629,3522,0.411,0.773,0.29705471418375373,0.5264580162226673,13,35,4,1,28,33,7,7,0.8754713016427209,62.00065821091513
629,3523,0.429,0.819,0.255169116062251,0.5021133634932221,13,35,4,1,29,33,7,7,0.9245550281081164,62.35402463626132
629,3524,0.449,0.864,0.20194089359511558,0.4714800675319615,13,35,4,1,30,33,7,7,0.9737027267087219,62.54018624185312
629,3525,0.473,0.909,0.13450131649978814,0.43023054949459605,13,35,4,1,31,33,7,7,1.0246999560847068,62.50969366899281
629,3526,0.505,0.955,0.06740358132757696,0.3827723026353771,13,35,4,1,32,33,7,7,1.0803008840133381,62.13030152684359
629,3527,0.686,0.16,0.3159137526518806,0.548980959651337,13,35,4,1,10,34,7,7,0.7044118113717288,13.128741589405461
629,3528,0.658,0.125,0.33446787432890346,0.5630183974802303,13,35,4,1,11,34,7,7,0.6697678702356511,10.756286244107008
629,3529,0.628,0.087,0.3554777451048219,0.5774226059334411,13,35,4,1,12,34,7,7,0.6339976340649861,7.887270925946403
629,3530,0.595,0.045,0.3789582611328537,0.592003432509465,13,35,4,1,13,34,7,7,0.5966992542311411,4.32506043473846
629,3531,0.558,0.091,0.4042794135118041,0.6065732079817014,13,35,4,1,14,34,7,7,0.5653715592422386,9.262395902795758
629,3532,0.52,0.136,0.4301826770778874,0.6209018729965039,13,35,4,1,15,34,7,7,0.5374904650317064,14.656751115760423
629,3533,0.481,0.182,0.45568023321457274,0.6345294233028463,13,35,4,1,16,34,7,7,0.5142810515661645,20.72555886556054
629,3534,0.444,0.227,0.4791819252089585,0.6463943199439179,13,35,4,1,17,34,7,7,0.498663213000518,27.078900893432124
629,3535,0.41,0.273,0.4951977936462645,0.65450152596772,13,35,4,1,18,34,7,7,0.49257385233079515,33.65780639227592
629,3536,0.38,0.318,0.4973299203761721,0.6564639086876771,13,35,4,1,19,34,7,7,0.4955037840420596,39.92401181143889
629,3537,0.357,0.364,0.4861548782581202,0.6515641050539804,13,35,4,1,20,34,7,7,0.509848016569644,45.55625222708068
629,3538,0.341,0.409,0.4718154908469986,0.6424563761393478,13,35,4,1,21,34,7,7,0.5325053990336623,50.18065257245975
629,3539,0.331,0.454,0.4650301182371739,0.6335573832231369,13,35,4,1,22,34,7,7,0.5618514038426887,53.9051492821022
629,3540,0.329,0.5,0.4614934966556734,0.6266881128674568,13,35,4,1,23,34,7,7,0.5985323717226998,56.655083597184344
629,3541,0.334,0.546,0.45342737069463723,0.6196822744619797,13,35,4,1,24,34,7,7,0.6400562475282935,58.54497336794552
629,3542,0.344,0.591,0.4410037488039519,0.6101616823797515,13,35,4,1,25,34,7,7,0.6838252700800109,59.797843032402085
629,3543,0.358,0.637,0.42216192000669595,0.5972896886739946,13,35,4,1,26,34,7,7,0.7307071916985627,60.663603165446226
629,3544,0.376,0.682,0.3879673879680968,0.5790252231646337,13,35,4,1,27,34,7,7,0.7787810988975015,61.131188498321805
629,3545,0.394,0.727,0.34728247145369007,0.5559702423499119,13,35,4,1,28,34,7,7,0.8269008404881446,61.544378469439096
629,3546,0.414,0.773,0.3051952671968087,0.5310014381981953,13,35,4,1,29,34,7,7,0.8768836866996671,61.82758090095039
629,3547,0.439,0.818,0.2534237881150393,0.5006686212617163,13,35,4,1,30,34,7,7,0.928356073928533,61.77866490325147
629,3548,0.472,0.864,0.18583279722625057,0.46166037514977565,13,35,4,1,31,34,7,7,0.9845201877056661,61.35238354319113
629,3549,0.518,0.91,0.1215041954044579,0.4224126093586985,13,35,4,1,32,34,7,7,1.0471026692736487,60.35013649242442
629,3550,0.581,0.955,0.05442861323444337,0.37316647892244104,13,35,4,1,33,34,7,7,1.1178488269886944,58.684632174534805
629,3551,0.644,0.12,0.3476124450521052,0.574468579857551,13,35,4,1,10,35,7,7,0.6550847273444864,10.55518143294881
629,3552,0.615,0.083,0.36939646950313976,0.5901552024483842,13,35,4,1,11,35,7,7,0.6205755393181397,7.686160348871318
629,3553,0.583,0.043,0.3938387512573154,0.6064578758562125,13,35,4,1,12,35,7,7,0.5845836124969634,4.218294155346516
629,3554,0.547,0,0.42102570408023887,0.6232046498649675,13,35,4,1,13,35,7,7,0.547,0
629,3555,0.509,0.045,0.4506073891395517,0.6401733010583596,13,35,4,1,14,35,7,7,0.5109853226854956,5.05230642934774
629,3556,0.469,0.091,0.4806458546758371,0.6569912717316342,13,35,4,1,15,35,7,7,0.4777467948610435,10.980650010173544
629,3557,0.429,0.136,0.510440310626286,0.6728827075851703,13,35,4,1,16,35,7,7,0.4500411092333677,17.58946461077063
629,3558,0.392,0.182,0.5355792620517719,0.6862859062326695,13,35,4,1,17,35,7,7,0.4321897731321277,24.904768808095184
629,3559,0.36,0.227,0.5498009890235951,0.6947320364393557,13,35,4,1,18,35,7,7,0.4255925281299003,32.2337088916401
629,3560,0.333,0.273,0.5495340970087128,0.6959062258961521,13,35,4,1,19,35,7,7,0.43060190431534323,39.3455791773593
629,3561,0.313,0.318,0.5396520544077418,0.6899512366522549,13,35,4,1,20,35,7,7,0.4461983863709057,45.45399825977002
629,3562,0.301,0.364,0.5306957967616399,0.6803066970327496,13,35,4,1,21,35,7,7,0.4723314514194455,50.41186915231703
629,3563,0.297,0.409,0.5280562962897484,0.6710876457577504,13,35,4,1,22,35,7,7,0.505460186364861,54.014296265377375
629,3564,0.3,0.455,0.5236877896251788,0.6632653001151312,13,35,4,1,23,35,7,7,0.545,56.60151153201276
629,3565,0.309,0.5,0.5131606358911851,0.6544194555306353,13,35,4,1,24,35,7,7,0.5877763179986073,58.28393477046186
629,3566,0.323,0.546,0.49675410566819966,0.6423236293497353,13,35,4,1,25,35,7,7,0.6343855294692653,59.39249811678399
629,3567,0.34,0.591,0.47116398176809815,0.6261272596077581,13,35,4,1,26,35,7,7,0.681821824232695,60.08834957747021
629,3568,0.358,0.637,0.43539760519294524,0.6048377324038434,13,35,4,1,27,35,7,7,0.7307071916985627,60.663603165446226
629,3569,0.378,0.682,0.3965509180569986,0.5797101353912084,13,35,4,1,28,35,7,7,0.7797486774596031,61.00249182573352
629,3570,0.404,0.728,0.34692691913592677,0.5512446408604634,13,35,4,1,29,35,7,7,0.8325863318599459,60.97213214700517
629,3571,0.44,0.773,0.2799671355374109,0.5151113277672377,13,35,4,1,30,35,7,7,0.8894543271017349,60.35099775930919
629,3572,0.49,0.818,0.20193851960987985,0.47234648802241275,13,35,4,1,31,35,7,7,0.9535323801528713,59.077463446076266
629,3573,0.559,0.864,0.1346429909181982,0.43035165135748876,13,35,4,1,32,35,7,7,1.029066081454442,57.09750679047705
629,3574,0.655,0.91,0.06272479441664958,0.3783909410739913,13,35,4,1,33,35,7,7,1.1212158578971312,54.25440686529586
629,3575,0.79,0.955,0.013896083864618491,0.3300943862926343,13,35,4,1,34,35,7,7,1.2394050992310788,50.40159249700817
629,3579,1,1,0,0.2928932188134524,13,35,4,1,10,13,10,7,1.4142135623730951,45
629,3580,1,1,0,0.2928932188134524,13,35,4,1,11,13,10,7,1.4142135623730951,45
629,3581,1,1,0,0.2928932188134524,13,35,4,1,12,13,10,7,1.4142135623730951,45
629,3582,1,0.96,4.839282411461809e-7,0.2929033161694128,13,35,4,1,10,14,10,7,1.3862178760930766,43.830860672092584
629,3583,1,0.959,5.652342078832362e-7,0.2929163252200123,13,35,4,1,11,14,10,7,1.385525532063556,43.80102906682782
629,3584,1,0.957,6.63226293884378e-7,0.2929587616702115,13,35,4,1,12,14,10,7,1.3841419724869266,43.7412763666856
629,3585,1,0.955,7.679989483255767e-7,0.2930815039554784,13,35,4,1,13,14,10,7,1.3827599213167845,43.681404157171436
629,3586,1,0.92,1.990481324709581e-5,0.2931336967060525,13,35,4,1,10,15,10,7,1.3588230201170424,42.61405596961119
629,3587,1,0.917,2.3053736457057106e-5,0.2933026758798615,13,35,4,1,11,15,10,7,1.3567936468011634,42.52082345847564
629,3588,1,0.913,2.654676349211904e-5,0.29361135976699393,13,35,4,1,12,15,10,7,1.3540934236602733,42.39607920836728
629,3589,1,0.91,3.0434223539987926e-5,0.29407513834367605,13,35,4,1,13,15,10,7,1.3520724832641184,42.3021943666837
629,3590,1,0.955,3.330881593521795e-5,0.2944546143589255,13,35,4,1,14,15,10,7,1.3827599213167845,43.681404157171436
629,3591,1,0.88,1.6556590502470048e-4,0.2942133503535239,13,35,4,1,10,16,10,7,1.332066064427737,41.34777721969367
629,3592,1,0.875,1.8615672972344122e-4,0.29478111810519336,13,35,4,1,11,16,10,7,1.3287682265918312,41.18592516570965
629,3593,0.999,0.87,2.087815753106792e-4,0.2955417578786398,13,35,4,1,12,16,10,7,1.324726764280091,41.05165750040357
629,3594,0.999,0.864,2.3531891053463205e-4,0.296420352742921,13,35,4,1,13,16,10,7,1.320794079332581,40.85537625889571
629,3595,0.998,0.91,2.6283143918237606e-4,0.29723776219312115,13,35,4,1,14,16,10,7,1.3505939434189687,42.359298733468776
629,3596,0.997,0.955,2.457648890467068e-4,0.29734418760930303,13,35,4,1,15,16,10,7,1.3805919020478137,43.76739165605964
629,3597,0.999,0.84,7.325552809176461e-4,0.2966948816349144,13,35,4,1,10,17,10,7,1.3052206709978202,40.058493726245686
629,3598,0.998,0.834,8.148641750759245e-4,0.29776487725151624,13,35,4,1,11,17,10,7,1.30059986160233,39.88453746411934
629,3599,0.998,0.826,9.067645834009985e-4,0.29906002233992235,13,35,4,1,12,17,10,7,1.2954844653642128,39.61303806488329
629,3600,0.997,0.818,0.0010103070662506042,0.3005486134654697,13,35,4,1,13,17,10,7,1.289625139333132,39.36755589406566
629,3601,0.996,0.864,0.001118251381750368,0.30196825631623014,13,35,4,1,14,17,10,7,1.318526450246638,40.94065363520075
629,3602,0.994,0.909,0.001173462435059336,0.3028056489160992,13,35,4,1,15,17,10,7,1.3469658496042132,42.44250848315578
629,3603,0.991,0.955,9.644678203650781e-4,0.3019789176200425,13,35,4,1,16,17,10,7,1.3762652360646184,43.94017841208559
629,3604,0.997,0.8,0.002196144221737528,0.30095943636717626,13,35,4,1,10,18,10,7,1.2782836148523535,38.74380933674647
629,3605,0.996,0.792,0.0024198172316277633,0.30264724290539224,13,35,4,1,11,18,10,7,1.2725093319893572,38.491043559497435
629,3606,0.995,0.783,0.0026710971509764647,0.30461257662848673,13,35,4,1,12,18,10,7,1.2661413823108383,38.200434149232294
629,3607,0.994,0.773,0.0029545592845242608,0.3067617746252249,13,35,4,1,13,18,10,7,1.259192201373563,37.87099286058344
629,3608,0.992,0.818,0.003258770566223035,0.3087958545977181,13,35,4,1,14,18,10,7,1.2857635863563721,39.50888179679412
629,3609,0.989,0.864,0.0035186479212535593,0.3102857688483416,13,35,4,1,15,18,10,7,1.3132467399540726,41.14077807085258
629,3610,0.984,0.91,0.0034624149534741022,0.310464241249671,13,35,4,1,16,18,10,7,1.3402820598665044,42.762548981804834
629,3611,0.979,0.955,0.002570906085802349,0.30801220024742726,13,35,4,1,17,18,10,7,1.367649808978892,44.289023718587615
629,3612,0.994,0.76,0.005256332081895354,0.3072627170514054,13,35,4,1,10,19,10,7,1.251253771223088,37.40107731410282
629,3613,0.992,0.75,0.005780770502066934,0.3096622310077859,13,35,4,1,11,19,10,7,1.2436092633942544,37.09104461910611
629,3614,0.991,0.739,0.006359129395181351,0.3123666361091023,13,35,4,1,12,19,10,7,1.2362046756099896,36.71231379279102
629,3615,0.988,0.728,0.006981685022442785,0.3152390814357624,13,35,4,1,13,19,10,7,1.2272440670054183,36.384351815835885
629,3616,0.985,0.773,0.007637997783233819,0.3180006254754515,13,35,4,1,14,19,10,7,1.252099836275047,38.123814976135016
629,3617,0.98,0.819,0.008202587248199,0.32021812411958683,13,35,4,1,15,19,10,7,1.2771691352362067,39.88598616860486
629,3618,0.975,0.864,0.008333679849714337,0.3211605220613143,13,35,4,1,16,19,10,7,1.302735967109222,41.54588091651377
629,3619,0.967,0.91,0.007503360398635861,0.3198567377694702,13,35,4,1,17,19,10,7,1.3278512717921387,43.26059878992683
629,3620,0.959,0.955,0.00487270997335143,0.3140736485322637,13,35,4,1,18,19,10,7,1.3534053347020618,44.88025977826629
629,3621,0.989,0.72,0.010121980182077217,0.3155473616291782,13,35,4,1,10,20,10,7,1.2233237510978032,36.054921086334744
629,3622,0.987,0.708,0.010932510554163777,0.318646569845627,13,35,4,1,11,20,10,7,1.2146740303472368,35.6528285001568
629,3623,0.984,0.696,0.011833688201013826,0.3220124579554544,13,35,4,1,12,20,10,7,1.205268434831013,35.272421448598394
629,3624,0.98,0.682,0.012839206179634632,0.32544515677295194,13,35,4,1,13,20,10,7,1.1939530979062787,34.83476581226566
629,3625,0.975,0.727,0.013929729323264528,0.32860863165562304,13,35,4,1,14,20,10,7,1.2162047524985256,36.70972239271451
629,3626,0.969,0.773,0.01497409230956337,0.3310468981734659,13,35,4,1,15,20,10,7,1.2395523385480745,38.58040127776114
629,3627,0.961,0.819,0.015586125232271764,0.33229566972652225,13,35,4,1,16,20,10,7,1.262648803111934,40.43887254560129
629,3628,0.952,0.864,0.015196415358559867,0.33173953001105416,13,35,4,1,17,20,10,7,1.2856126943990558,42.225722688699214
629,3629,0.941,0.909,0.012771951793146386,0.32819282306364417,13,35,4,1,18,20,10,7,1.3083432271388116,44.00903669091361
629,3630,0.929,0.955,0.008390249616582302,0.32130692241572,13,35,4,1,19,20,10,7,1.3323160285758031,45.790655895322494
629,3631,0.981,0.68,0.017117578861638894,0.3254857846974617,13,35,4,1,10,21,10,7,1.193633528349468,34.728547983799906
629,3632,0.978,0.667,0.018617832613730623,0.32923761708861843,13,35,4,1,11,21,10,7,1.183796012833292,34.29414778450639
629,3633,0.974,0.652,0.02031196000042057,0.33322393045718923,13,35,4,1,12,21,10,7,1.1720836147647489,33.79853077457663
629,3634,0.969,0.637,0.022204805280014228,0.3372536124960629,13,35,4,1,13,21,10,7,1.1596249393661728,33.320068831231296
629,3635,0.962,0.682,0.024295366010460007,0.3410713326088992,13,35,4,1,14,21,10,7,1.1792234733077527,35.33434188867346
629,3636,0.954,0.727,0.02646623387301661,0.3443893196590545,13,35,4,1,15,21,10,7,1.199435283789834,37.309376413460754
629,3637,0.944,0.773,0.028205289416425194,0.34680578927663164,13,35,4,1,16,21,10,7,1.2201086017236333,39.31253531154062
629,3638,0.932,0.818,0.028791298511011032,0.34748293388705453,13,35,4,1,17,21,10,7,1.240059675983378,41.272855427504496
629,3639,0.919,0.864,0.02719234710360796,0.3462586538025719,13,35,4,1,18,21,10,7,1.2613710794211195,43.23316380574698
629,3640,0.905,0.909,0.02360849406630694,0.3426972745006319,13,35,4,1,19,21,10,7,1.282694819510861,45.126341095147694
629,3641,0.89,0.955,0.01565434936044685,0.33277638359177153,13,35,4,1,20,21,10,7,1.3054213879050702,47.01771599248723
629,3642,0.971,0.64,0.02836575349956949,0.3377413459217731,13,35,4,1,10,22,10,7,1.162944968603416,33.389448498432316
629,3643,0.966,0.625,0.031120490595025974,0.34239355451220244,13,35,4,1,11,22,10,7,1.1505568217172066,32.9027835600022
629,3644,0.961,0.609,0.034254233488643315,0.3473656699580785,13,35,4,1,12,22,10,7,1.1377178912190842,32.36304344892521
629,3645,0.954,0.591,0.03773158867061199,0.3525052255423057,13,35,4,1,13,22,10,7,1.1222285863405903,31.778084623453143
629,3646,0.945,0.637,0.04140015253583196,0.35758215091858714,13,35,4,1,14,22,10,7,1.1396464364003425,33.98288838121079
629,3647,0.934,0.682,0.04498238809598054,0.3622191929471489,13,35,4,1,15,22,10,7,1.1564947038356899,36.136646830834636
629,3648,0.922,0.728,0.04795844545238914,0.3657706736419618,13,35,4,1,16,22,10,7,1.1747629548125869,38.294192714672114
629,3649,0.908,0.773,0.049488862457464755,0.3676292327714167,13,35,4,1,17,22,10,7,1.1924734797889638,40.40846802700742
629,3650,0.892,0.818,0.049451235725847975,0.3680130294442904,13,35,4,1,18,22,10,7,1.2102842641297127,42.52207955769344
629,3651,0.876,0.864,0.04757991725657573,0.3663754717210608,13,35,4,1,19,22,10,7,1.2303950585076322,44.604862957492514
629,3652,0.859,0.91,0.04070026667080273,0.36015900929631484,13,35,4,1,20,22,10,7,1.2513916253515525,46.651371161809024
629,3653,0.842,0.955,0.02670099456886854,0.34649324682482086,13,35,4,1,21,22,10,7,1.2731806627497921,48.598168899304795
629,3654,0.957,0.6,0.04552296725736771,0.3534584179792918,13,35,4,1,10,23,10,7,1.1295348600198225,32.08603599759541
629,3655,0.951,0.583,0.04982664984563845,0.35939308282011106,13,35,4,1,11,23,10,7,1.115477476240556,31.50991746917483
629,3656,0.944,0.565,0.05474554910623586,0.36575768347141224,13,35,4,1,12,23,10,7,1.1001640786719042,30.901235830996878
629,3657,0.934,0.546,0.06034917569847764,0.37235788471199005,13,35,4,1,13,23,10,7,1.0818835427161282,30.309806470328613
629,3658,0.923,0.591,0.06661969253713129,0.37885368325727786,13,35,4,1,14,23,10,7,1.0959972627703045,32.631571940591286
629,3659,0.91,0.636,0.07284761873615875,0.3847240520120261,13,35,4,1,15,23,10,7,1.1102234009423508,34.94974173846863
629,3660,0.895,0.682,0.07806492302705792,0.3894151661793276,13,35,4,1,16,23,10,7,1.1252328647884402,37.30780567047857
629,3661,0.879,0.727,0.08139390591754103,0.3928065398487617,13,35,4,1,17,23,10,7,1.1406883886495909,39.593341652753665
629,3662,0.861,0.773,0.0831847284057673,0.39496000413566956,13,35,4,1,18,23,10,7,1.1570868593152372,41.917281277844125
629,3663,0.843,0.818,0.08212582096503229,0.39449615706082763,13,35,4,1,19,23,10,7,1.1746373908572807,44.13769636443335
629,3664,0.824,0.864,0.07553631515469295,0.3897640781305014,13,35,4,1,20,23,10,7,1.1939313213078881,46.35746584453061
629,3665,0.805,0.909,0.06226940786212598,0.3790394661976775,13,35,4,1,21,23,10,7,1.2142100312548896,48.47226630520345
629,3666,0.787,0.955,0.036998355442951825,0.3571160281299677,13,35,4,1,22,23,10,7,1.2374950504951525,50.50861885870229
629,3667,0.94,0.56,0.06995419674957326,0.37334281926647905,13,35,4,1,10,24,10,7,1.0941663493271945,30.784146526326452
629,3668,0.932,0.542,0.0769423856624184,0.380780988201305,13,35,4,1,11,24,10,7,1.0781409926350078,30.17993062666153
629,3669,0.923,0.522,0.08448422633635766,0.38864256591490765,13,35,4,1,12,24,10,7,1.0603834212208338,29.490205278392807
629,3670,0.911,0.5,0.09253734806091773,0.39661655470772395,13,35,4,1,13,24,10,7,1.0391924749535093,28.760068150417705
629,3671,0.898,0.546,0.1008974519476088,0.4042379406496196,13,35,4,1,14,24,10,7,1.0509614645647098,31.300346664972217
629,3672,0.882,0.591,0.1089963997761062,0.41097115760375347,13,35,4,1,15,24,10,7,1.061699109917683,33.8247752233378
629,3673,0.864,0.637,0.11602855562613779,0.41644784995084394,13,35,4,1,16,24,10,7,1.0734360716875504,36.400183127369196
629,3674,0.845,0.682,0.12089318613828748,0.42059326145995624,13,35,4,1,17,24,10,7,1.0858862739716346,38.907019920858744
629,3675,0.825,0.727,0.12364380012037612,0.4230063355276854,13,35,4,1,18,24,10,7,1.0996153873059433,41.386893368831736
629,3676,0.805,0.773,0.12214176770810548,0.4224375625472573,13,35,4,1,19,24,10,7,1.1160439059463565,43.838267629611764
629,3677,0.785,0.819,0.11439781970223317,0.4176387551946258,13,35,4,1,20,24,10,7,1.134454053719233,46.214317219216134
629,3678,0.765,0.864,0.09800383898228793,0.40614299564619916,13,35,4,1,21,24,10,7,1.154002166375783,48.477786519798165
629,3679,0.746,0.909,0.07181022580332008,0.3865808609965631,13,35,4,1,22,24,10,7,1.1759238920950625,50.62488779318798
629,3680,0.728,0.955,0.03735692338251284,0.3571962125121707,13,35,4,1,23,24,10,7,1.2008367915749418,52.681593587884926
629,3681,0.919,0.52,0.10175401552660657,0.39650417229719803,13,35,4,1,10,25,10,7,1.0559171369004294,29.502588830458496
629,3682,0.909,0.5,0.11071450781580894,0.40517838717964594,13,35,4,1,11,25,10,7,1.037439636798209,28.813213328255117
629,3683,0.897,0.478,0.12029717144208019,0.41405181611891895,13,35,4,1,12,25,10,7,1.0164118259839365,28.05259141740505
629,3684,0.883,0.455,0.13033122304044276,0.42269579068029295,13,35,4,1,13,25,10,7,0.9933347874709715,27.261543678874116
629,3685,0.867,0.5,0.1401532949968809,0.4305980291747613,13,35,4,1,14,25,10,7,1.0008441437106979,29.972103422676636
629,3686,0.849,0.546,0.14888258203719928,0.4373033681111089,13,35,4,1,15,25,10,7,1.0094141865458401,32.74545766119762
629,3687,0.829,0.591,0.15569360234232965,0.44255708367672986,13,35,4,1,16,25,10,7,1.0180972448641632,35.485340944678306
629,3688,0.807,0.637,0.16042686027351993,0.4461785614117876,13,35,4,1,17,25,10,7,1.0281138069299527,38.28555890267462
629,3689,0.785,0.682,0.1624036513959759,0.4475547567561128,13,35,4,1,18,25,10,7,1.039879319921307,40.98377878164546
629,3690,0.763,0.727,0.15847769610201135,0.44553327777575114,13,35,4,1,19,25,10,7,1.0538965793663058,43.61594171751201
629,3691,0.742,0.773,0.14770209568124903,0.43868393551318663,13,35,4,1,20,25,10,7,1.0714910172278627,46.17222530423347
629,3692,0.721,0.818,0.12554297864062836,0.42505380649000246,13,35,4,1,21,25,10,7,1.090396716796231,48.60646442900046
629,3693,0.701,0.864,0.09447908018119233,0.4038370399877186,13,35,4,1,22,25,10,7,1.1126081969858033,50.946108516810014
629,3694,0.684,0.91,0.060935293489771336,0.3772945536859802,13,35,4,1,23,25,10,7,1.1384006324664442,53.06970626319495
629,3695,0.668,0.955,0.028024987883644936,0.3475686699486543,13,35,4,1,24,25,10,7,1.1654394021140697,55.02811749902106
629,3696,0.895,0.48,0.13715291955214481,0.42049346533602194,13,35,4,1,10,26,10,7,1.0155909609680465,28.2052310470565
629,3697,0.882,0.458,0.14732285925269262,0.42967970689597346,13,35,4,1,11,26,10,7,0.9938249342816873,27.44169586094156
629,3698,0.868,0.435,0.15756013382406275,0.43868792773725296,13,35,4,1,12,26,10,7,0.9709011278188938,26.617834008312105
629,3699,0.851,0.409,0.1677926415256188,0.4470522458157453,13,35,4,1,13,26,10,7,0.9441832449265344,25.669453483949493
629,3700,0.832,0.454,0.17753093556709698,0.45431422462311977,13,35,4,1,14,26,10,7,0.9478079974340794,28.620108668823324
629,3701,0.811,0.5,0.18576758099223734,0.4601337410024957,13,35,4,1,15,26,10,7,0.9527439320195118,31.654779231610704
629,3702,0.789,0.546,0.1911486970111047,0.46430614818329297,13,35,4,1,16,26,10,7,0.9594983064080937,34.683823537410305
629,3703,0.765,0.591,0.19383896181528715,0.4665466105366004,13,35,4,1,17,26,10,7,0.9666985052228021,37.68784513470177
629,3704,0.741,0.636,0.19215763736385716,0.46614962878266597,13,35,4,1,18,26,10,7,0.9765126727288285,40.63947909754061
629,3705,0.718,0.682,0.18472231499041025,0.4620083665911593,13,35,4,1,19,26,10,7,0.9902767290005355,43.52700455837128
629,3706,0.695,0.727,0.17017734950380448,0.45284000783322487,13,35,4,1,20,26,10,7,1.0057604088449694,46.28913892018575
629,3707,0.674,0.773,0.14643802159720165,0.43769806883993845,13,35,4,1,21,26,10,7,1.025575448224069,48.91392978829673
629,3708,0.655,0.818,0.1154119216067796,0.4174061817205953,13,35,4,1,22,26,10,7,1.0479260470090435,51.314575154689905
629,3709,0.637,0.864,0.08257116530606601,0.3939880858462358,13,35,4,1,23,26,10,7,1.0734360716875504,53.59981687263081
629,3710,0.623,0.909,0.05601492891735382,0.37369234328093337,13,35,4,1,24,26,10,7,1.1020027223196864,55.57448715030262
629,3711,0.611,0.955,0.032120010732268,0.3516738385191779,13,35,4,1,25,26,10,7,1.1337310086612256,57.389270164534416
629,3712,0.866,0.44,0.17130938930334405,0.44321572996201086,13,35,4,1,10,27,10,7,0.9713681073619825,26.934355875371473
629,3713,0.851,0.416,0.18142154957001988,0.4522428904591116,13,35,4,1,11,27,10,7,0.9472365068978286,26.05108016182068
629,3714,0.834,0.391,0.1914921627512871,0.46075491353809095,13,35,4,1,12,27,10,7,0.9211063999343398,25.118355039705893
629,3715,0.815,0.364,0.20111999140280556,0.4683416239493714,13,35,4,1,13,27,10,7,0.8925922921468682,24.066769654815744
629,3716,0.793,0.409,0.20956012913633937,0.47465879464228977,13,35,4,1,14,27,10,7,0.8922611725274165,27.283005821984396
629,3717,0.769,0.454,0.2157990982921726,0.479480479683165,13,35,4,1,15,27,10,7,0.8930156773539869,30.556629940460898
629,3718,0.744,0.5,0.2196134339838195,0.48264094981600325,13,35,4,1,16,27,10,7,0.8964016956699714,33.90279840308348
629,3719,0.719,0.546,0.2215037812377001,0.4838269597510698,13,35,4,1,17,27,10,7,0.9028161496118687,37.21260203184052
629,3720,0.694,0.591,0.2189511127706245,0.48236792921276817,13,35,4,1,18,27,10,7,0.9115464881178578,40.41721792864013
629,3721,0.669,0.636,0.21124161349646897,0.47730900909272256,13,35,4,1,19,27,10,7,0.9230693365072854,43.55144991372231
629,3722,0.646,0.682,0.19540761446807042,0.4676518111635878,13,35,4,1,20,27,10,7,0.939382776082253,46.552818544938006
629,3723,0.625,0.727,0.17198370826203047,0.45293096393765386,13,35,4,1,21,27,10,7,0.9587251952462708,49.31443738388932
629,3724,0.607,0.773,0.14293638457031166,0.43436020311041257,13,35,4,1,22,27,10,7,0.9828417980529726,51.85914457039819
629,3725,0.591,0.818,0.11277691561756564,0.4159569145039739,13,35,4,1,23,27,10,7,1.0091605422329988,54.152118852941875
629,3726,0.578,0.864,0.09051523102654135,0.40079924158372393,13,35,4,1,24,27,10,7,1.039509499716092,56.21821038666393
629,3727,0.568,0.909,0.06793420397933891,0.38400805145247985,13,35,4,1,25,27,10,7,1.0718698615037183,58.000282909334054
629,3728,0.561,0.955,0.03710313928079911,0.3567887304832431,13,35,4,1,26,27,10,7,1.1075856626013179,59.56855190112799
629,3729,0.833,0.4,0.20211375594495185,0.4642990726257885,13,35,4,1,10,28,10,7,0.9240611451630244,25.649949555668833
629,3730,0.816,0.375,0.21161251852686214,0.4729364329467136,13,35,4,1,11,28,10,7,0.8980428720278336,24.68156378395463
629,3731,0.796,0.348,0.22088729741146373,0.4808877521137659,13,35,4,1,12,28,10,7,0.8687462230133723,23.61427206807164
629,3732,0.774,0.318,0.22980815454165104,0.4878425500738499,13,35,4,1,13,28,10,7,0.8367795408588812,22.3354425653039
629,3733,0.749,0.364,0.2380623838083532,0.49357381907123876,13,35,4,1,14,28,10,7,0.8327646726416773,25.918885571046417
629,3734,0.723,0.409,0.24474149511382826,0.4979419689827237,13,35,4,1,15,28,10,7,0.8306684055626529,29.496775097103466
629,3735,0.696,0.455,0.24969777642972324,0.5008010209208732,13,35,4,1,16,28,10,7,0.8315293139751598,33.17407545642743
629,3736,0.669,0.5,0.25258389673239967,0.5018071836293405,13,35,4,1,17,28,10,7,0.8352011733708233,36.773855959792805
629,3737,0.643,0.546,0.2512639241516632,0.5002508320997123,13,35,4,1,18,28,10,7,0.8435431227862628,40.33607240893901
629,3738,0.618,0.591,0.24383981611868488,0.4950897998035301,13,35,4,1,19,28,10,7,0.8551052566789658,43.72065430762395
629,3739,0.596,0.637,0.2267625131609481,0.4852080953821698,13,35,4,1,20,28,10,7,0.8723445420245375,46.90451071826647
629,3740,0.576,0.682,0.20048820834371528,0.4703979412054369,13,35,4,1,21,28,10,7,0.8926925562588723,49.81640716148095
629,3741,0.558,0.727,0.17104518799101276,0.453156924215657,13,35,4,1,22,28,10,7,0.9164567638465003,52.492397401414195
629,3742,0.544,0.773,0.14635059710524145,0.43810014064846026,13,35,4,1,23,28,10,7,0.9452327755637762,54.86397095181659
629,3743,0.534,0.819,0.127130319655809,0.42573482230215076,13,35,4,1,24,28,10,7,0.9777100797271141,56.89506051803613
629,3744,0.526,0.864,0.10498208035257417,0.4105231634663674,13,35,4,1,25,28,10,7,1.0115196488452411,58.66709977579915
629,3745,0.523,0.91,0.0747987163751116,0.3891438631287577,13,35,4,1,26,28,10,7,1.0495851561450362,60.11292904343932
629,3746,0.523,0.955,0.041817475855805086,0.361250155790115,13,35,4,1,27,28,10,7,1.0888314837475999,61.292948552141475
629,3747,0.796,0.36,0.22978792686923344,0.4844673779233043,13,35,4,1,10,29,10,7,0.8736223440365981,24.335399056743693
629,3748,0.776,0.333,0.2392686100017053,0.4928550813620942,13,35,4,1,11,29,10,7,0.8444317616006637,23.225318444929627
629,3749,0.754,0.304,0.2493728629083266,0.5005429609015329,13,35,4,1,12,29,10,7,0.8129772444539884,21.95845554215847
629,3750,0.728,0.273,0.2598105145687919,0.5073126394323384,13,35,4,1,13,29,10,7,0.7775043408238954,20.556045219583467
629,3751,0.701,0.318,0.26960683782744044,0.5130155974883892,13,35,4,1,14,29,10,7,0.7697564549907977,24.400833569700794
629,3752,0.673,0.363,0.2781131548219259,0.5175387559253136,13,35,4,1,15,29,10,7,0.7646554779768469,28.34135507153243
629,3753,0.645,0.409,0.28550615934038837,0.5206807760004544,13,35,4,1,16,29,10,7,0.7637447217493551,32.37913247127434
629,3754,0.617,0.454,0.28954023733170287,0.5219503027229588,13,35,4,1,17,29,10,7,0.7660319836664785,36.34632154573322
629,3755,0.591,0.5,0.2877690111833504,0.5204015950887506,13,35,4,1,18,29,10,7,0.7741324176134209,40.232012122563425
629,3756,0.566,0.545,0.27742323850560024,0.5147416219925964,13,35,4,1,19,29,10,7,0.7857359607399931,43.91713041813726
629,3757,0.544,0.591,0.2576983870424131,0.5040362049826836,13,35,4,1,20,29,10,7,0.8032540071484238,47.371245806040456
629,3758,0.526,0.636,0.23091246072898364,0.4893539777331244,13,35,4,1,21,29,10,7,0.8253314485708152,50.40775381531473
629,3759,0.511,0.682,0.20373629888591804,0.47455636550371316,13,35,4,1,22,29,10,7,0.8522000938746721,53.15699546624491
629,3760,0.499,0.727,0.18563880889265028,0.4629354182636416,13,35,4,1,23,29,10,7,0.8817766157026392,55.53498177201422
629,3761,0.492,0.773,0.17046592561989882,0.4526512554066746,13,35,4,1,24,29,10,7,0.9162930753858178,57.52401187928801
629,3762,0.488,0.818,0.14972632548607911,0.4395170925854066,13,35,4,1,25,29,10,7,0.9525061679590322,59.18066896563381
629,3763,0.488,0.864,0.12470955466128131,0.4235794022031645,13,35,4,1,26,29,10,7,0.9922902801096058,60.54159521333485
629,3764,0.491,0.909,0.09469774357825478,0.40391334714076155,13,35,4,1,27,29,10,7,1.0331321309493768,61.624121975331796
629,3765,0.498,0.955,0.056638006027067256,0.3742305652059851,13,35,4,1,28,29,10,7,1.0770464242547766,62.45949201555858
629,3766,0.755,0.32,0.2577968314803427,0.5048837756635629,13,35,4,1,10,30,10,7,0.8200152437607486,22.96922512754321
629,3767,0.733,0.291,0.26907297436797395,0.5133728767435728,13,35,4,1,11,30,10,7,0.7886507465285252,21.653010106716213
629,3768,0.707,0.261,0.281290199173177,0.5212546196007759,13,35,4,1,12,30,10,7,0.7536378440603948,20.262405808174375
629,3769,0.679,0.227,0.29412262390128163,0.5283726727402964,13,35,4,1,13,30,10,7,0.7159399416152168,18.485563455968737
629,3770,0.65,0.273,0.306363457818725,0.5346056275763298,13,35,4,1,14,30,10,7,0.705002836873725,22.782405730481692
629,3771,0.62,0.318,0.317038178413511,0.5397973175841388,13,35,4,1,15,30,10,7,0.6967955223736731,27.15343387718272
629,3772,0.591,0.364,0.32527932378400837,0.5436025996164338,13,35,4,1,16,30,10,7,0.6941015775806881,31.629133497514932
629,3773,0.563,0.409,0.3289853250291377,0.5452837001975179,13,35,4,1,17,30,10,7,0.6958807369082722,35.99710620381285
629,3774,0.537,0.454,0.3262434058074555,0.5436390365056007,13,35,4,1,18,30,10,7,0.7031962741653287,40.21243522944773
629,3775,0.513,0.5,0.3139838144670979,0.5374375854353951,13,35,4,1,19,30,10,7,0.7163581506481238,44.26475395050343
629,3776,0.493,0.546,0.29325894402339425,0.5266330951019829,13,35,4,1,20,30,10,7,0.7356391778582758,47.92016027638049
629,3777,0.477,0.591,0.2698632882704084,0.5136184775038037,13,35,4,1,21,30,10,7,0.759480085321531,51.092771657336066
629,3778,0.465,0.636,0.2514471032615062,0.5020759511553166,13,35,4,1,22,30,10,7,0.7878584898317718,53.82826465397317
629,3779,0.457,0.682,0.23870319943712037,0.49316531546255804,13,35,4,1,23,30,10,7,0.8209585860443877,56.17443595073629
629,3780,0.453,0.727,0.22414017569585032,0.48389788501220543,13,35,4,1,24,30,10,7,0.8565850804210869,58.072608771297254
629,3781,0.453,0.773,0.2019569724821184,0.4715265694803975,13,35,4,1,25,30,10,7,0.8959564721569904,59.62848349512959
629,3782,0.456,0.818,0.17601421853264732,0.45664975976683586,13,35,4,1,26,30,10,7,0.9365148156863297,60.86220358091873
629,3783,0.463,0.864,0.1471605201801809,0.4386253112459295,13,35,4,1,27,30,10,7,0.9802372161880001,61.81404941482512
629,3784,0.473,0.909,0.1063311791918814,0.411495867783618,13,35,4,1,28,30,10,7,1.0246999560847068,62.50969366899281
629,3785,0.486,0.955,0.05594417146335873,0.3741004520055172,13,35,4,1,29,30,10,7,1.0715507454152602,63.02843300171672
629,3786,0.711,0.28,0.28913779809040163,0.5267646797730172,13,35,4,1,10,31,10,7,0.7641472371212239,21.49509231992153
629,3787,0.685,0.25,0.3029788870941458,0.5358007972212178,13,35,4,1,11,31,10,7,0.7291947613635194,20.050236871396663
629,3788,0.657,0.217,0.31820311494442155,0.5443783282927248,13,35,4,1,12,31,10,7,0.6919089535480807,18.277830991398403
629,3789,0.627,0.182,0.33368709831244436,0.5523623224958405,13,35,4,1,13,31,10,7,0.6528805403747304,16.186487596079367
629,3790,0.596,0.227,0.34762533245496496,0.5595980267527372,13,35,4,1,14,31,10,7,0.6377656309334958,20.85046028773491
629,3791,0.565,0.273,0.35998168337617553,0.5658061894609717,13,35,4,1,15,31,10,7,0.6274982071687535,25.78917571859063
629,3792,0.535,0.318,0.3695464129654835,0.5704092772070977,13,35,4,1,16,31,10,7,0.6223736819628543,30.726933220327425
629,3793,0.507,0.364,0.3738987456460082,0.5723808017215941,13,35,4,1,17,31,10,7,0.6241354019762059,35.67640822186198
629,3794,0.482,0.409,0.3705362408321221,0.5704001333677367,13,35,4,1,18,31,10,7,0.6321431799837754,40.31619445757631
629,3795,0.461,0.454,0.35802437806524934,0.5636727002698985,13,35,4,1,19,31,10,7,0.6470216379689323,44.56168018314151
629,3796,0.443,0.5,0.3382841060888949,0.5531539513159079,13,35,4,1,20,31,10,7,0.6680187123127614,48.459056944534346
629,3797,0.43,0.546,0.3177349241976546,0.5417036043259236,13,35,4,1,21,31,10,7,0.6949935251496951,51.77794873419905
629,3798,0.422,0.591,0.30350275920629766,0.5318899582492983,13,35,4,1,22,31,10,7,0.7261990085369161,54.4714939350984
629,3799,0.418,0.637,0.29038312052718396,0.5233481507839144,13,35,4,1,23,31,10,7,0.7619009121926551,56.72707675624905
629,3800,0.418,0.682,0.27232873655322687,0.5135104792132092,13,35,4,1,24,31,10,7,0.7999049943587051,58.49573328079582
629,3801,0.422,0.727,0.25172661476059865,0.5015377534303724,13,35,4,1,25,31,10,7,0.84060275992885,59.86622016646268
629,3802,0.429,0.773,0.22949335977592678,0.4882029182956119,13,35,4,1,26,31,10,7,0.8840644772865834,60.97057532339027
629,3803,0.44,0.818,0.2019953091987442,0.47116163762167285,13,35,4,1,27,31,10,7,0.9288293707673115,61.72431165816921
629,3804,0.453,0.864,0.16057001840311413,0.4465708211549667,13,35,4,1,28,31,10,7,0.9755536889377232,62.331727667800784
629,3805,0.468,0.91,0.11705981619563488,0.4190500250877809,13,35,4,1,29,31,10,7,1.0232907700160303,62.78388844269253
629,3806,0.484,0.955,0.06721104831384184,0.38285194625000607,13,35,4,1,30,31,10,7,1.0706451326186468,63.12382191708036
629,3807,0.662,0.24,0.3250710559405863,0.5511566092438515,13,35,4,1,10,32,10,7,0.704161913198946,19.927493067379647
629,3808,0.635,0.208,0.3420351987286455,0.5611988136953506,13,35,4,1,11,32,10,7,0.6681983238530309,18.13667722745496
629,3809,0.604,0.174,0.3600842652929248,0.5709382660194806,13,35,4,1,12,32,10,7,0.6285634415076969,16.07060500998338
629,3810,0.572,0.136,0.377864676164382,0.5802081920163131,13,35,4,1,13,32,10,7,0.5879455757125823,13.374440464871142
629,3811,0.539,0.182,0.3943976080631474,0.5887457606751567,13,35,4,1,14,32,10,7,0.5688980576518081,18.65788847411953
629,3812,0.508,0.227,0.4092560964253227,0.5960597471183255,13,35,4,1,15,32,10,7,0.556410819449083,24.077498596505706
629,3813,0.478,0.273,0.4204263419509875,0.601275054918522,13,35,4,1,16,32,10,7,0.5504661660810771,29.73197102687837
629,3814,0.451,0.318,0.42537893131597615,0.6031278864928405,13,35,4,1,17,32,10,7,0.5518378384996809,35.187655264997304
629,3815,0.429,0.364,0.4199526112826375,0.6004327300525223,13,35,4,1,18,32,10,7,0.5626162102179424,40.3141001604973
629,3816,0.41,0.409,0.4041906348723209,0.5931069932034381,13,35,4,1,19,32,10,7,0.579120885480743,44.93004181802188
629,3817,0.396,0.455,0.38344236119605435,0.5829110955781375,13,35,4,1,20,32,10,7,0.6031923408001796,48.965981566900005
629,3818,0.387,0.5,0.367204244210394,0.5726231978849436,13,35,4,1,21,32,10,7,0.6322728841252011,52.26012890906631
629,3819,0.382,0.546,0.35640380171767116,0.5638459274187909,13,35,4,1,22,32,10,7,0.6663632642935834,55.022067772515456
629,3820,0.383,0.591,0.3445884175784937,0.555757419699757,13,35,4,1,23,32,10,7,0.7042513755755113,57.05457771507592
629,3821,0.387,0.637,0.3288319947725613,0.54665552976475,13,35,4,1,24,32,10,7,0.74534421578221155,58.719841090975756
629,3822,0.395,0.682,0.31093146817863304,0.5361571257554139,13,35,4,1,25,32,10,7,0.7881300654079885,59.921483216580775
629,3823,0.407,0.728,0.2914064928451354,0.5235702818015415,13,35,4,1,26,32,10,7,0.8340461617920197,60.7919313874227
629,3824,0.421,0.773,0.26082294335434764,0.5061294623464062,13,35,4,1,27,32,10,7,0.8802102021676413,61.42590540817904
629,3825,0.436,0.819,0.2229338732157613,0.48456631424953045,13,35,4,1,28,32,10,7,0.9278237979271711,61.97110332735026
629,3826,0.452,0.864,0.18503485720229773,0.46135489906275073,13,35,4,1,29,32,10,7,0.9750897394599125,62.38376807337826
629,3827,0.468,0.91,0.13611005425624478,0.43138971432640427,13,35,4,1,30,32,10,7,1.0232907700160303,62.78388844269253
629,3828,0.487,0.955,0.07344803109727283,0.3879812054192989,13,35,4,1,31,32,10,7,1.0720046641689578,62.98079904734147
629,3829,0.611,0.2,0.36598005468197126,0.5790996987711075,13,35,4,1,10,33,10,7,0.6429004588581345,18.124940252172713
629,3830,0.581,0.166,0.3859932740412436,0.5906159818348823,13,35,4,1,11,33,10,7,0.604249120810283,15.945395900922858
629,3831,0.548,0.13,0.40734450285856105,0.6019550305731789,13,35,4,1,12,33,10,7,0.5632086647060751,13.345371773661729
629,3832,0.514,0.091,0.42828723831864124,0.6128557981733171,13,35,4,1,13,33,10,7,0.5219932949760945,10.039771929747207
629,3833,0.481,0.136,0.44793564070089864,0.6228688701919843,13,35,4,1,14,33,10,7,0.4998569795451495,15.787947054289644
629,3834,0.45,0.182,0.4653551607949523,0.6312217833278778,13,35,4,1,15,33,10,7,0.48541116592019184,22.020596556015665
629,3835,0.421,0.227,0.4769593536517831,0.6367483955845836,13,35,4,1,16,33,10,7,0.47829906962067154,28.333208767074538
629,3836,0.397,0.273,0.4782792952298107,0.6381168498648285,13,35,4,1,17,33,10,7,0.4818070153079966,34.51464760330655
629,3837,0.377,0.318,0.46789738104116696,0.6345674115920165,13,35,4,1,18,33,10,7,0.49320685315595525,40.14767578291787
629,3838,0.362,0.363,0.4506155606822154,0.6268258918519596,13,35,4,1,19,33,10,7,0.5126529040198641,45.07902861128015
629,3839,0.352,0.409,0.4348517120423637,0.6171449690952016,13,35,4,1,20,33,10,7,0.5396156039256093,49.28353811409265
629,3840,0.347,0.454,0.4252918737328556,0.6079444770340748,13,35,4,1,21,33,10,7,0.5714236606931848,52.60869908329348
629,3841,0.348,0.5,0.4174378223455817,0.6000802614195988,13,35,4,1,22,33,10,7,0.609183059514954,55.16208319400076
629,3842,0.353,0.546,0.40630551532021697,0.5924916021154636,13,35,4,1,23,33,10,7,0.6501730538864249,57.116517721432245
629,3843,0.362,0.591,0.3933907687007391,0.5836739414734686,13,35,4,1,24,33,10,7,0.6930548318856163,58.5116494062879
629,3844,0.374,0.636,0.37784524351015447,0.5727413901166275,13,35,4,1,25,33,10,7,0.7378156951434417,59.54232970659184
629,3845,0.388,0.682,0.3537102047080376,0.5582967762904151,13,35,4,1,26,33,10,7,0.7846451427237666,60.36380484429654
629,3846,0.404,0.727,0.31806921510156605,0.5391746107062829,13,35,4,1,27,33,10,7,0.8317120896079363,60.93870481377436
629,3847,0.42,0.773,0.280456708506884,0.5171959284111559,13,35,4,1,28,33,10,7,0.8797323456597467,61.48310135322682
629,3848,0.437,0.819,0.23651172188471403,0.49229384626843176,13,35,4,1,29,33,10,7,0.9282941344207664,61.91662102077409
629,3849,0.457,0.864,0.18418973619188883,0.4613681997609489,13,35,4,1,30,33,10,7,0.9774175157014529,62.1240613682896
629,3850,0.481,0.909,0.12159609534352855,0.4214780102527178,13,35,4,1,31,33,10,7,1.028417230505207,62.11431440606222
629,3851,0.51,0.955,0.06239218557697557,0.3788717725856242,13,35,4,1,32,33,10,7,1.08264721862664,61.89638251599436
629,3852,0.557,0.16,0.4119551959651332,0.6114986787154064,13,35,4,1,10,34,10,7,0.5795248053362342,16.0268783482611
629,3853,0.524,0.125,0.4359772287014013,0.6249373941122667,13,35,4,1,11,34,10,7,0.5387030722021177,13.417132621745946
629,3854,0.49,0.087,0.46115385298465883,0.6382508756902787,13,35,4,1,12,34,10,7,0.4976635409591504,10.068003294279718
629,3855,0.455,0.045,0.4855349298718924,0.6510094049672339,13,35,4,1,13,34,10,7,0.4572198595861733,5.648247373735264
629,3856,0.422,0.091,0.5082433996910639,0.6624957031919285,13,35,4,1,14,34,10,7,0.4317001274032705,12.168914329908992
629,3857,0.391,0.136,0.5256170152891106,0.6716107717445068,13,35,4,1,15,34,10,7,0.4139770525041213,19.17900802581072
629,3858,0.365,0.182,0.53392920564453,0.6769624525238029,13,35,4,1,16,34,10,7,0.40785904427878017,26.50222688261418
629,3859,0.344,0.227,0.5307089498272619,0.6773578246580123,13,35,4,1,17,34,10,7,0.41214681850039797,33.420170157178525
629,3860,0.328,0.273,0.5189136384776576,0.6726535853708084,13,35,4,1,18,34,10,7,0.4267469976461463,39.7711901905933
629,3861,0.317,0.318,0.5049094996043458,0.6642845787346658,13,35,4,1,19,34,10,7,0.44901336283010557,45.09022949944653
629,3862,0.313,0.364,0.4955462394592296,0.654659217186532,13,35,4,1,20,34,10,7,0.480067703558571,49.30808851762835
629,3863,0.313,0.409,0.4898744697388787,0.6456629749684926,13,35,4,1,21,34,10,7,0.5150242712727235,52.5738501270753
629,3864,0.319,0.454,0.48187893775470847,0.6374799866156788,13,35,4,1,22,34,10,7,0.5548666506468019,54.90646664113755
629,3865,0.328,0.5,0.47041455530036547,0.6287824766026666,13,35,4,1,23,34,10,7,0.5979832773581549,56.735125258599155
629,3866,0.341,0.546,0.45487742333388614,0.6180585700315704,13,35,4,1,24,34,10,7,0.6437367474364036,58.013485811327584
629,3867,0.356,0.591,0.4322492143758807,0.6043503462719566,13,35,4,1,25,34,10,7,0.6899398524509219,58.936549197025585
629,3868,0.372,0.637,0.39936809381155525,0.5869377504618387,13,35,4,1,26,34,10,7,0.7376672691667971,59.715608223391726
629,3869,0.388,0.682,0.36318568652451055,0.566230640857385,13,35,4,1,27,34,10,7,0.7846451427237666,60.36380484429654
629,3870,0.407,0.727,0.3268275747625121,0.5437377685004976,13,35,4,1,28,34,10,7,0.8331734513293135,60.75837373623962
629,3871,0.428,0.773,0.2831949741257569,0.5182574564654983,13,35,4,1,29,34,10,7,0.8835796511916738,61.02727395155923
629,3872,0.456,0.818,0.22792024805163247,0.48657120591907244,13,35,4,1,30,34,10,7,0.9365148156863297,60.86220358091873
629,3873,0.49,0.864,0.1653281743889673,0.44978028884314736,13,35,4,1,31,34,10,7,0.9932753898088887,60.441143307565305
629,3874,0.535,0.91,0.11019970347941155,0.41454850174915314,13,35,4,1,32,34,10,7,1.0556159339456752,59.54821487362648
629,3875,0.593,0.955,0.048311142611044855,0.3671073608589345,13,35,4,1,33,34,10,7,1.124132554461439,58.16210044169741
629,3876,0.5,0.12,0.46409251453489964,0.6490054137813335,13,35,4,1,10,35,10,7,0.5141984052872977,13.495733280795811
629,3877,0.465,0.083,0.4925422923440833,0.6647535102234652,13,35,4,1,11,35,10,7,0.47234944691404057,10.120406990015809
629,3878,0.429,0.043,0.5216965582221293,0.680300784158985,13,35,4,1,12,35,10,7,0.4311496260000697,5.723816257392521
629,3879,0.394,0,0.5490359710595261,0.6949582536324523,13,35,4,1,13,35,10,7,0.394,0
629,3880,0.362,0.045,0.5720225982832343,0.707652597799215,13,35,4,1,14,35,10,7,0.36478623877553273,7.0860528870311175
629,3881,0.334,0.091,0.587165012645961,0.7169295273770524,13,35,4,1,15,35,10,7,0.3461748113309228,15.240602417705066
629,3882,0.311,0.136,0.5917220095460571,0.7212720507968282,13,35,4,1,16,35,10,7,0.3394362974108691,23.619712450803647
629,3883,0.294,0.182,0.5859261967974214,0.7198346156100004,13,35,4,1,17,35,10,7,0.3457744929863971,31.7594800848128
629,3884,0.283,0.227,0.5744904727031583,0.7132033812052079,13,35,4,1,18,35,10,7,0.36279195139914555,38.73380190152075
629,3885,0.278,0.273,0.5654060501161822,0.7033770707378089,13,35,4,1,19,35,10,7,0.3896318775459729,44.48008886643688
629,3886,0.278,0.318,0.5594964493802665,0.6926919987205282,13,35,4,1,20,35,10,7,0.4223837118071671,48.83959633795347
629,3887,0.284,0.364,0.5518797116974521,0.6824651547799354,13,35,4,1,21,35,10,7,0.4616838745288815,52.03794076318467
629,3888,0.295,0.409,0.5403401271340837,0.6723638755995052,13,35,4,1,22,35,10,7,0.5042876163460689,54.198166497748225
629,3889,0.308,0.455,0.5247235266565886,0.6609696996929687,13,35,4,1,23,35,10,7,0.5494442646893314,55.90502204523445
629,3890,0.324,0.5,0.5044861266972476,0.6469956000895329,13,35,4,1,24,35,10,7,0.5957986236976383,57.05676253383263
629,3891,0.34,0.546,0.4766802843015392,0.6298402241611589,13,35,4,1,25,35,10,7,0.6432075870199294,58.089039546768
629,3892,0.357,0.591,0.4429817032300648,0.6093679216581283,13,35,4,1,26,35,10,7,0.6904563708157091,58.86546668748062
629,3893,0.377,0.637,0.4056337000403206,0.5859936376943853,13,35,4,1,27,35,10,7,0.7402013239653115,59.381394591090604
629,3894,0.402,0.682,0.35947040975237743,0.5596292341969715,13,35,4,1,28,35,10,7,0.7916615438430745,59.483081909141156
629,3895,0.435,0.728,0.30155471393491695,0.5281601850441806,13,35,4,1,29,35,10,7,0.8480619081175619,59.14052283016037
629,3896,0.476,0.773,0.2334087933023501,0.4911953335522877,13,35,4,1,30,35,10,7,0.9078022912506886,58.375958595803006
629,3897,0.53,0.818,0.16966769010411054,0.45346418547513634,13,35,4,1,31,35,10,7,0.9746917461433641,57.059919760968874
629,3898,0.601,0.864,0.11050225728732677,0.41375103473808394,13,35,4,1,32,35,10,7,1.0524718523552066,55.17745386323757
629,3899,0.692,0.91,0.048748940799150375,0.3657892999892086,13,35,4,1,33,35,10,7,1.1432252621421555,52.74920530249937
629,3900,0.815,0.955,0.011555527762006856,0.32572045759278434,13,35,4,1,34,35,10,7,1.255487952948972,49.522454146402
629,3904,1,1,0,0.2928932188134524,13,35,4,1,10,13,1,10,1.4142135623730951,45
629,3905,1,1,0,0.2928932188134524,13,35,4,1,11,13,1,10,1.4142135623730951,45
629,3906,1,1,0,0.2928932188134524,13,35,4,1,12,13,1,10,1.4142135623730951,45
629,3907,1,0.96,2.2839294899767992e-8,0.29289325184682,13,35,4,1,10,14,1,10,1.3862178760930766,43.830860672092584
629,3908,1,0.959,5.6014712646046405e-8,0.29289334622054897,13,35,4,1,11,14,1,10,1.385525532063556,43.80102906682782
629,3909,1,0.957,1.4662261482722982e-7,0.29289415743233804,13,35,4,1,12,14,1,10,1.3841419724869266,43.7412763666856
629,3910,1,0.955,3.83086954713896e-7,0.29292065491103103,13,35,4,1,13,14,1,10,1.3827599213167845,43.681404157171436
629,3911,1,0.92,1.3378230121485757e-6,0.2928955947461487,13,35,4,1,10,15,1,10,1.3588230201170424,42.61405596961119
629,3912,1,0.917,2.4416986745823266e-6,0.29289960086963596,13,35,4,1,11,15,1,10,1.3567936468011634,42.52082345847564
629,3913,1,0.913,4.867560701837803e-6,0.292917763871417,13,35,4,1,12,15,1,10,1.3540934236602733,42.39607920836728
629,3914,1,0.91,1.0205675822771987e-5,0.2930597774172865,13,35,4,1,13,15,1,10,1.3520724832641184,42.3021943666837
629,3915,1,0.955,1.9716025384530766e-5,0.2936563117721298,13,35,4,1,14,15,1,10,1.3827599213167845,43.681404157171436
629,3916,1,0.88,1.3892793202630038e-5,0.2929160246100172,13,35,4,1,10,16,1,10,1.332066064427737,41.34777721969367
629,3917,1,0.875,2.28747285083708e-5,0.2929424569030774,13,35,4,1,11,16,1,10,1.3287682265918312,41.18592516570965
629,3918,1,0.87,3.9785737090736184e-5,0.2930283785894673,13,35,4,1,12,16,1,10,1.3254810447531868,41.023269024922435
629,3919,1,0.864,6.932553052274582e-5,0.29340520034137085,13,35,4,1,13,16,1,10,1.3215506044037815,40.8270155239205
629,3920,0.999,0.91,1.159179200173055e-4,0.2945364067320736,13,35,4,1,14,16,1,10,1.3513330455516879,42.33073093011519
629,3921,0.998,0.955,1.5999902751218098e-4,0.2957242515261749,13,35,4,1,15,16,1,10,1.3813142292758733,43.738699167651745
629,3922,1,0.84,6.540450425107647e-5,0.29299449314848836,13,35,4,1,10,17,1,10,1.3059862173851606,40.0302592718897
629,3923,1,0.834,9.6137842366395e-5,0.2930825342256298,13,35,4,1,11,17,1,10,1.3021351696348578,39.82810630428432
629,3924,1,0.826,1.499699233902252e-4,0.29331617224201634,13,35,4,1,12,17,1,10,1.2970258285785985,39.556706487655674
629,3925,0.999,0.818,2.460104417376652e-4,0.29405225853485717,13,35,4,1,13,17,1,10,1.2911719482702526,39.31126237103608
629,3926,0.999,0.864,3.9118231577939255e-4,0.29571832282212385,13,35,4,1,14,17,1,10,1.320794079332581,40.85537625889571
629,3927,0.997,0.909,5.886925361068274e-4,0.2978864745476164,13,35,4,1,15,17,1,10,1.3491812331929318,42.35653172673995
629,3928,0.993,0.955,6.754398762942593e-4,0.29934455339720534,13,35,4,1,16,17,1,10,1.3777060644419041,43.88246226080229
629,3929,1,0.8,1.9723695439988198e-4,0.2931907774480197,13,35,4,1,10,18,1,10,1.2806248474865698,38.659808254090095
629,3930,1,0.792,2.814882944818242e-4,0.2933958314888244,13,35,4,1,11,18,1,10,1.2756425831713207,38.379223917685025
629,3931,0.999,0.783,4.2132513607595623e-4,0.29386913730131037,13,35,4,1,12,18,1,10,1.269287201542661,38.08877288097532
629,3932,0.999,0.773,6.459100311502208e-4,0.2950609610521806,13,35,4,1,13,18,1,10,1.263142905612821,37.731764392210756
629,3933,0.997,0.818,9.679135795102045e-4,0.2972910219809073,13,35,4,1,14,18,1,10,1.289625139333132,39.36755589406566
629,3934,0.995,0.864,0.0014343099185175623,0.3003939688315922,13,35,4,1,15,18,1,10,1.3177712244543816,40.969144624301904
629,3935,0.99,0.91,0.001903546398868694,0.30341847840428326,13,35,4,1,16,18,1,10,1.3446932735757995,42.58897025338877
629,3936,0.982,0.955,0.0018161876689553047,0.30423365797735136,13,35,4,1,17,18,1,10,1.3697988903485065,44.20140120472713
629,3937,1,0.76,4.810284892992067e-4,0.2935746697598739,13,35,4,1,10,19,1,10,1.2560254774486066,37.23483398157467
629,3938,0.999,0.75,6.579252084502052e-4,0.2939609893487952,13,35,4,1,11,19,1,10,1.2492001440922107,36.89741723042958
629,3939,0.999,0.739,9.429998837793274e-4,0.29476410412811505,13,35,4,1,12,19,1,10,1.2426270558779895,36.49180447648103
629,3940,0.998,0.728,0.0013735127152144644,0.2964816710973104,13,35,4,1,13,19,1,10,1.2353088682592706,36.10921470001234
629,3941,0.996,0.773,0.0019564853662110693,0.29931681428805257,13,35,4,1,14,19,1,10,1.2607715891469002,37.8151967724363
629,3942,0.993,0.819,0.0028126135142154673,0.303316570226292,13,35,4,1,15,19,1,10,1.2871713172689951,39.514905650356816
629,3943,0.987,0.864,0.0038586276331943337,0.307597955233897,13,35,4,1,16,19,1,10,1.3117412092329797,41.19825214045772
629,3944,0.978,0.91,0.0046637492797185764,0.31078974828328443,13,35,4,1,17,19,1,10,1.3358832284297906,42.937272451861496
629,3945,0.964,0.955,0.0038224177216421573,0.3103723526238259,13,35,4,1,18,19,1,10,1.356952836321145,44.73128804851018
629,3946,0.999,0.72,9.858151984846186e-4,0.2942158543941802,13,35,4,1,10,20,1,10,1.2314223483435731,35.78107386189255
629,3947,0.999,0.708,0.0013071550066728888,0.29484875344892914,13,35,4,1,11,20,1,10,1.2244447721314342,35.32553261115608
629,3948,0.998,0.696,0.001800706505156957,0.2960596055945488,13,35,4,1,12,20,1,10,1.2167251127514382,34.89171796683471
629,3949,0.997,0.682,0.0025192959758392197,0.298348984858009,13,35,4,1,13,20,1,10,1.2079457769287494,34.374163727121775
629,3950,0.994,0.727,0.0034651579210779326,0.30182036936095624,13,35,4,1,14,20,1,10,1.231488936206899,36.181301974656336
629,3951,0.99,0.773,0.004891532802707599,0.3066919347319086,13,35,4,1,15,20,1,10,1.2560370217473686,37.9830057315344
629,3952,0.983,0.819,0.006666511510141193,0.31211816913506973,13,35,4,1,16,20,1,10,1.2794725475757578,39.799837500818995
629,3953,0.973,0.864,0.008098618300544258,0.3169728040534522,13,35,4,1,17,20,1,10,1.3012397934277908,41.604286276625295
629,3954,0.958,0.909,0.008111331542638989,0.3186237749805845,13,35,4,1,18,20,1,10,1.3206229590613665,43.49659943943747
629,3955,0.938,0.955,0.006145914288220977,0.3151845034583054,13,35,4,1,19,20,1,10,1.338607111889071,45.514528298114584
629,3956,0.999,0.68,0.001780064471144649,0.2951717562187395,13,35,4,1,10,21,1,10,1.2084705209478632,34.2423622715212
629,3957,0.998,0.667,0.002300875591972673,0.2961091664524593,13,35,4,1,11,21,1,10,1.2003720256653767,33.75625947840964
629,3958,0.997,0.652,0.003078195478821266,0.2977843902662475,13,35,4,1,12,21,1,10,1.191265293710851,33.18315650990787
629,3959,0.995,0.637,0.004176385928765569,0.3006650936877978,13,35,4,1,13,21,1,10,1.1814372602893477,32.62741254379168
629,3960,0.992,0.682,0.005613527320267209,0.30477865073237775,13,35,4,1,14,21,1,10,1.2038222460147512,34.50852298766841
629,3961,0.987,0.727,0.007611490460053716,0.3104705643843291,13,35,4,1,15,21,1,10,1.2258458304370905,36.37444967298866
629,3962,0.979,0.773,0.009897923271118603,0.3168824475522951,13,35,4,1,16,21,1,10,1.247385265264906,38.29395811736092
629,3963,0.968,0.818,0.01212008191908831,0.32285843388745195,13,35,4,1,17,21,1,10,1.2673389444027987,40.19919118849399
629,3964,0.951,0.864,0.013722229403829167,0.32623688407909546,13,35,4,1,18,21,1,10,1.2848723672022835,42.25569127478273
629,3965,0.93,0.909,0.01397581817991811,0.3272831913087758,13,35,4,1,19,21,1,10,1.3004541514409496,44.34575362992117
629,3966,0.903,0.955,0.011723297354146345,0.32482034058833475,13,35,4,1,20,21,1,10,1.314318834986397,46.60312325448541
629,3967,0.998,0.64,0.0029310640713268166,0.29648119383808613,13,35,4,1,10,22,1,10,1.185581713759115,32.6713449307849
629,3968,0.997,0.625,0.003707059397238477,0.2977681764583392,13,35,4,1,11,22,1,10,1.1767047208199686,32.082802915284425
629,3969,0.995,0.609,0.004846292366383342,0.2999409046873023,13,35,4,1,12,22,1,10,1.1665787585928349,31.469145772373707
629,3970,0.993,0.591,0.006393689690556537,0.3034109390529245,13,35,4,1,13,22,1,10,1.1555647969715934,30.759676257059375
629,3971,0.989,0.637,0.00825831664072496,0.3081545520202722,13,35,4,1,14,22,1,10,1.1763885412566717,32.78497488066511
629,3972,0.984,0.682,0.010709300760521567,0.31461152793640934,13,35,4,1,15,22,1,10,1.1972384891908545,34.72542071252473
629,3973,0.975,0.728,0.013729698635510434,0.32190501862422805,13,35,4,1,16,22,1,10,1.216802777774607,36.747470952863914
629,3974,0.962,0.773,0.017300059394226297,0.32892559034871116,13,35,4,1,17,22,1,10,1.2340879223134793,38.78307157337892
629,3975,0.944,0.818,0.020945903676533484,0.3343417980210649,13,35,4,1,18,22,1,10,1.2491036786432101,40.909761474490814
629,3976,0.921,0.864,0.024391392752240226,0.33890856931184377,13,35,4,1,19,22,1,10,1.2628289670418555,43.17100837920569
629,3977,0.892,0.91,0.024781638121023963,0.34142487066599136,13,35,4,1,20,22,1,10,1.274269987090648,45.57230284799577
629,3978,0.859,0.955,0.019407453569851962,0.3350834336611609,13,35,4,1,21,22,1,10,1.284486667895,48.02936518426963
629,3979,0.997,0.6,0.004485029920908379,0.298172993273077,13,35,4,1,10,23,1,10,1.1636189238749943,31.039756784569477
629,3980,0.996,0.583,0.0055723898072698175,0.2998433125011265,13,35,4,1,11,23,1,10,1.1540818861761932,30.34220387476437
629,3981,0.994,0.565,0.007099384478236437,0.3025319419545619,13,35,4,1,12,23,1,10,1.1433551504235244,29.614353059988876
629,3982,0.991,0.546,0.009014606572005368,0.3065851237896505,13,35,4,1,13,23,1,10,1.1314579090713008,28.852945822828467
629,3983,0.986,0.591,0.011276963608177093,0.31195405087842054,13,35,4,1,14,23,1,10,1.149555131344295,30.938113189232656
629,3984,0.98,0.636,0.014393158864265843,0.31916158503021497,13,35,4,1,15,23,1,10,1.1682876358157694,32.98274815743553
629,3985,0.97,0.682,0.018569032039715494,0.32734953062851224,13,35,4,1,16,23,1,10,1.185758828767469,35.11077596227056
629,3986,0.955,0.727,0.02384737901837586,0.3355807676201983,13,35,4,1,17,23,1,10,1.2002308111359248,37.280441947567795
629,3987,0.936,0.773,0.030305389393530113,0.343270467449324,13,35,4,1,18,23,1,10,1.213929569620907,39.55175746517715
629,3988,0.912,0.818,0.03622424679857317,0.35083004219987124,13,35,4,1,19,23,1,10,1.2250991796585287,41.889877203798086
629,3989,0.882,0.864,0.04105723014066143,0.3567757452852217,13,35,4,1,20,23,1,10,1.2346740460542613,44.40934278535333
629,3990,0.846,0.909,0.040950915310023706,0.35798353375535696,13,35,4,1,21,23,1,10,1.241771718151126,47.055888785004676
629,3991,0.807,0.955,0.028634928273493565,0.3464279023650634,13,35,4,1,22,23,1,10,1.2503095616686293,49.80131503271305
629,3992,0.996,0.56,0.006466984552536359,0.3002762428263209,13,35,4,1,10,24,1,10,1.142635549945826,29.346827574290405
629,3993,0.994,0.542,0.00786407463385308,0.30235735494202187,13,35,4,1,11,24,1,10,1.1321660655575223,28.602381873897905
629,3994,0.992,0.522,0.009720337764981157,0.30557636030101276,13,35,4,1,12,24,1,10,1.1209585184118098,27.75377944272687
629,3995,0.988,0.5,0.012021567517265463,0.3102159906570723,13,35,4,1,13,24,1,10,1.1073138669772,26.842734525620685
629,3996,0.983,0.546,0.014862494513583457,0.31622715959604575,13,35,4,1,14,24,1,10,1.1244576470458991,29.04965499487307
629,3997,0.975,0.591,0.018966264647366726,0.3242200788576092,13,35,4,1,15,24,1,10,1.1401342026270416,31.22230973873603
629,3998,0.964,0.637,0.024596951588633842,0.33339817149511997,13,35,4,1,16,24,1,10,1.1554501287377141,33.456264634631125
629,3999,0.949,0.682,0.032061195250390306,0.3430600337295783,13,35,4,1,17,24,1,10,1.1686423747237646,35.70295910073108
629,4000,0.928,0.727,0.04113494923662342,0.3531334981234868,13,35,4,1,18,24,1,10,1.1788608908603253,38.075332632684876
629,4001,0.902,0.773,0.05061841345891782,0.36335750994788973,13,35,4,1,19,24,1,10,1.1879111919668068,40.59606310927092
629,4002,0.871,0.819,0.059876112727734965,0.37238302354373864,13,35,4,1,20,24,1,10,1.1955760118035157,43.23760897633949
629,4003,0.834,0.864,0.06359448539885548,0.37733703286697085,13,35,4,1,21,24,1,10,1.20085469562308,46.012187613982455
629,4004,0.793,0.909,0.05571671403452649,0.37204774474045066,13,35,4,1,22,24,1,10,1.206287693711579,48.898970647600144
629,4005,0.751,0.955,0.031498449495763414,0.3499487426698239,13,35,4,1,23,24,1,10,1.214918104235837,51.818934385962656
629,4006,0.995,0.52,0.008828565594123594,0.3028218310854578,13,35,4,1,10,25,1,10,1.122686510117584,27.592156311829996
629,4007,0.992,0.5,0.010508372153305579,0.3053385198884514,13,35,4,1,11,25,1,10,1.1108843324126954,26.749578009339476
629,4008,0.989,0.478,0.012741385182993281,0.30910412287860645,13,35,4,1,12,25,1,10,1.0984557342014287,25.79524378665714
629,4009,0.985,0.455,0.015588995868385691,0.3143458998421339,13,35,4,1,13,25,1,10,1.085011520676163,24.793581437043915
629,4010,0.979,0.5,0.01924796833493503,0.32103542652416917,13,35,4,1,14,25,1,10,1.099291135232155,27.054547554682166
629,4011,0.97,0.546,0.024579214290566642,0.3298787972482353,13,35,4,1,15,25,1,10,1.1131109558350416,29.374577202730528
629,4012,0.958,0.591,0.031937274370315016,0.34016783299071074,13,35,4,1,16,25,1,10,1.125630934187578,31.67086037493142
629,4013,0.941,0.637,0.04177917309659085,0.3514332317914639,13,35,4,1,17,25,1,10,1.136331817736351,34.095620334543234
629,4014,0.92,0.682,0.05383906066032673,0.36385540068596745,13,35,4,1,18,25,1,10,1.1452178831995248,36.5497010238924
629,4015,0.892,0.727,0.06742227414441093,0.37638036923905394,13,35,4,1,19,25,1,10,1.150735851531532,39.18080600418042
629,4016,0.86,0.773,0.0796600323415948,0.38776371945198174,13,35,4,1,20,25,1,10,1.1563429422104845,41.95038291966332
629,4017,0.822,0.818,0.08675620363717584,0.3946835390520971,13,35,4,1,21,25,1,10,1.1596585704421798,44.860254473417044
629,4018,0.78,0.864,0.07991531007353647,0.39147145883325607,13,35,4,1,22,25,1,10,1.1640000000000001,47.92497794915637
629,4019,0.736,0.91,0.05672890978668632,0.37368291870443293,13,35,4,1,23,25,1,10,1.1703828433465693,51.03437250169711
629,4020,0.692,0.955,0.02385456752157933,0.34235015940754,13,35,4,1,24,25,1,10,1.179359571971161,54.072637848424606
629,4021,0.993,0.48,0.011539594731242664,0.305832584474104,13,35,4,1,10,26,1,10,1.1029274681501045,25.798365097744085
629,4022,0.99,0.458,0.013565758795283434,0.30880655693364667,13,35,4,1,11,26,1,10,1.0908088741846576,24.826500582811537
629,4023,0.987,0.435,0.016313420895112563,0.31313493233166845,13,35,4,1,12,26,1,10,1.0786074355389916,23.78450209310091
629,4024,0.982,0.409,0.01989680589719378,0.3189994403130022,13,35,4,1,13,26,1,10,1.0637692418941243,22.61157862522408
629,4025,0.975,0.454,0.024556041903764814,0.32640736096474277,13,35,4,1,14,26,1,10,1.0755189445100444,24.968618665465893
629,4026,0.965,0.5,0.0312826386379198,0.3361638683613951,13,35,4,1,15,26,1,10,1.0868417548106992,27.390241970032857
629,4027,0.952,0.546,0.04065886746425107,0.34765208756540145,13,35,4,1,16,26,1,10,1.0974607054468966,29.835539100261556
629,4028,0.934,0.591,0.05281699976914178,0.3605795765929076,13,35,4,1,17,26,1,10,1.1052768883858923,32.32408666432705
629,4029,0.911,0.636,0.068607736226998,0.3751301899542696,13,35,4,1,18,26,1,10,1.1110432034804048,34.920199837139286
629,4030,0.882,0.682,0.08501208759299872,0.38943737601135786,13,35,4,1,19,26,1,10,1.1149206249774017,37.71272416806522
629,4031,0.848,0.727,0.10003292183738355,0.4022809707837731,13,35,4,1,20,26,1,10,1.1169749325745855,40.60685842237221
629,4032,0.809,0.773,0.10799442337350651,0.4099061308924059,13,35,4,1,21,26,1,10,1.1189325270095603,43.69640193716504
629,4033,0.766,0.818,0.1017537482542561,0.40699173823810764,13,35,4,1,22,26,1,10,1.120660519515165,46.88024680381006
629,4034,0.722,0.864,0.07537694629655989,0.38962703418573785,13,35,4,1,23,26,1,10,1.1259573704186139,50.116245040619866
629,4035,0.677,0.909,0.044641368810978466,0.362908131890325,13,35,4,1,24,26,1,10,1.1334063701956152,53.32219971285667
629,4036,0.635,0.955,0.02451135580775754,0.34231502172876216,13,35,4,1,25,26,1,10,1.1468434941176586,56.379213914876665
629,4037,0.991,0.44,0.014680236958569015,0.30931082165393975,13,35,4,1,10,27,1,10,1.0842882458092036,23.94102787266469
629,4038,0.988,0.416,0.017165664273649073,0.31275744632363833,13,35,4,1,11,27,1,10,1.0720074626605918,22.83365417791754
629,4039,0.984,0.391,0.020577424001572142,0.31765886246059993,13,35,4,1,12,27,1,10,1.0588375701683428,21.670780962479903
629,4040,0.978,0.364,0.02503849272760339,0.3241604321286611,13,35,4,1,13,27,1,10,1.043542045151991,20.414669648573174
629,4041,0.97,0.409,0.030813941084020247,0.33231352779329026,13,35,4,1,14,27,1,10,1.0527017621339863,22.86269544234803
629,4042,0.96,0.454,0.0391751495640682,0.3430157449366006,13,35,4,1,15,27,1,10,1.0619397346365753,25.310247391913357
629,4043,0.945,0.5,0.0505190640553731,0.3557233136429665,13,35,4,1,16,27,1,10,1.0691234727570058,27.883340620448212
629,4044,0.926,0.546,0.06542069666692141,0.3702366251372241,13,35,4,1,17,27,1,10,1.074984651053214,30.524997173817738
629,4045,0.901,0.591,0.0844719118950571,0.38653887235249473,13,35,4,1,18,27,1,10,1.077535150238729,33.26238496596062
629,4046,0.872,0.636,0.10301082176781584,0.4020300303426838,13,35,4,1,19,27,1,10,1.0792960668880434,36.10543298192063
629,4047,0.836,0.682,0.11953435674132173,0.41552003018976036,13,35,4,1,20,27,1,10,1.078897585501052,39.20720350496784
629,4048,0.796,0.727,0.1274193961377872,0.42303671936612464,13,35,4,1,21,27,1,10,1.0780282927641556,42.40597030369372
629,4049,0.752,0.773,0.1196584890460467,0.41968963830413686,13,35,4,1,22,27,1,10,1.078440077148471,45.78894119663078
629,4050,0.707,0.818,0.09227930421875097,0.4024594121568653,13,35,4,1,23,27,1,10,1.081190547498451,49.16303985413472
629,4051,0.662,0.864,0.06442345889970613,0.3798220229716447,13,35,4,1,24,27,1,10,1.0884576243474064,52.54053043073175
629,4052,0.62,0.909,0.050356632922233024,0.36672737641897546,13,35,4,1,25,27,1,10,1.1003095019129845,55.70334491866161
629,4053,0.584,0.955,0.030847578630925798,0.34949997188158466,13,35,4,1,26,27,1,10,1.1194110058419113,58.55344995029896
629,4054,0.989,0.4,0.018360560388909652,0.31323479990549674,13,35,4,1,10,28,1,10,1.066827539951983,22.02081783931976
629,4055,0.985,0.375,0.021416590356916232,0.3171603222297792,13,35,4,1,11,28,1,10,1.0539686902370489,20.842362667262126
629,4056,0.98,0.348,0.025601805394889654,0.3226346775903942,13,35,4,1,12,28,1,10,1.0399538451296768,19.550054325048063
629,4057,0.974,0.318,0.031024713271214033,0.32977424917078146,13,35,4,1,13,28,1,10,1.0245974819410792,18.08127566367555
629,4058,0.965,0.364,0.03806282446771736,0.33867695579914503,13,35,4,1,14,28,1,10,1.0313685083421928,20.666579382470125
629,4059,0.954,0.409,0.04810309486232289,0.3503173021782573,13,35,4,1,15,28,1,10,1.037977360061384,23.205838556558682
629,4060,0.938,0.455,0.061456993855327546,0.36419436670452476,13,35,4,1,16,28,1,10,1.0425300954888543,25.8768466840383
629,4061,0.918,0.5,0.0792979841249114,0.38011428376712897,13,35,4,1,17,28,1,10,1.045334396257963,28.575464538533055
629,4062,0.892,0.546,0.10061011333001735,0.3977295742490319,13,35,4,1,18,28,1,10,1.0458393758125577,31.47111816272578
629,4063,0.861,0.591,0.12076617012383917,0.41386944320275565,13,35,4,1,19,28,1,10,1.0443189168065472,34.46613819031551
629,4064,0.824,0.637,0.13735085393861846,0.427448684032361,13,35,4,1,20,28,1,10,1.0415109216902143,37.706112368894466
629,4065,0.783,0.682,0.14474326197241472,0.4345194834125853,13,35,4,1,21,28,1,10,1.0383703578203685,41.056156001137964
629,4066,0.738,0.727,0.13466799382014027,0.4307655921118101,13,35,4,1,22,28,1,10,1.0359406353647878,44.569800866288894
629,4067,0.692,0.773,0.1088717476192882,0.4144013396241695,13,35,4,1,23,28,1,10,1.0374936144381806,48.1646673491853
629,4068,0.647,0.819,0.08589758720714447,0.3957619750378717,13,35,4,1,24,28,1,10,1.0437288920021328,51.69169518578326
629,4069,0.605,0.864,0.07521539868737803,0.3872757064652159,13,35,4,1,25,28,1,10,1.0547611103941972,54.99907948624876
629,4070,0.569,0.91,0.058322496569716664,0.37464014882191154,13,35,4,1,26,28,1,10,1.073247874444669,57.983299107221626
629,4071,0.542,0.955,0.034013719886465954,0.35288324777713964,13,35,4,1,27,28,1,10,1.098084240848579,60.423387762634995
629,4072,0.986,0.36,0.022658020521113875,0.31756438531228726,13,35,4,1,10,29,1,10,1.0496647083712018,20.057722503827268
629,4073,0.982,0.333,0.02636458304750866,0.3219653689717238,13,35,4,1,11,29,1,10,1.036924780299902,18.731996558468357
629,4074,0.977,0.304,0.031386967539631216,0.3280013418412481,13,35,4,1,12,29,1,10,1.0232033033566692,17.2838747546988
629,4075,0.969,0.273,0.03785247645064316,0.3357653350868768,13,35,4,1,13,29,1,10,1.006722404637942,15.734319485526724
629,4076,0.96,0.318,0.0462384956374442,0.34539992289037436,13,35,4,1,14,29,1,10,1.0112981756138988,18.327452176982565
629,4077,0.947,0.363,0.05787131060426198,0.3579360188915237,13,35,4,1,15,29,1,10,1.0141883454270217,20.972614233677774
629,4078,0.93,0.409,0.07343959911797837,0.37288288871013364,13,35,4,1,16,29,1,10,1.01596308988073,23.739170557068533
629,4079,0.909,0.454,0.09372603309059246,0.38998129361010303,13,35,4,1,17,29,1,10,1.0160693873943847,26.539832965892593
629,4080,0.882,0.5,0.11667036658131258,0.40850173790927613,13,35,4,1,18,29,1,10,1.013865868840647,29.548615631231534
629,4081,0.85,0.545,0.13748634423352024,0.42490227683551507,13,35,4,1,19,29,1,10,1.0097153064106734,32.66703733731196
629,4082,0.812,0.591,0.15360169898514864,0.43828798402908764,13,35,4,1,20,29,1,10,1.0043032410581976,36.04834548501366
629,4083,0.77,0.636,0.15973462591186827,0.44491267178349336,13,35,4,1,21,29,1,10,0.9986971512926228,39.5558218402822
629,4084,0.724,0.682,0.14891979106848663,0.44110009244765025,13,35,4,1,22,29,1,10,0.9946356116689167,43.288970594521594
629,4085,0.677,0.727,0.12612565672658205,0.4262436221442324,13,35,4,1,23,29,1,10,0.9934072679420057,47.03958604294283
629,4086,0.631,0.773,0.10833495229025047,0.4111521276829765,13,35,4,1,24,29,1,10,0.9978426729700429,50.77523367362052
629,4087,0.589,0.818,0.0987976053211369,0.40523246548363523,13,35,4,1,25,29,1,10,1.0079905753527658,54.244267589711995
629,4088,0.554,0.864,0.08560381656030258,0.395848591625788,13,35,4,1,26,29,1,10,1.0263586117921941,57.33185691877432
629,4089,0.527,0.909,0.06632815517428536,0.3809438303690832,13,35,4,1,27,29,1,10,1.0507188015829927,59.89664429732001
629,4090,0.511,0.955,0.04516803912330436,0.36318173782743435,13,35,4,1,28,29,1,10,1.0831186453939383,61.849720547574705
629,4091,0.984,0.32,0.027597286965317602,0.32224953330058925,13,35,4,1,10,30,1,10,1.0347250842615154,18.014693918205243
629,4092,0.979,0.291,0.031999644220861656,0.3271141466566666,13,35,4,1,11,30,1,10,1.0213334421235798,16.554164730980403
629,4093,0.973,0.261,0.03790050430686598,0.3336909911135917,13,35,4,1,12,30,1,10,1.0073976374798583,15.015681004386506
629,4094,0.965,0.227,0.045490019696053485,0.34205398265794584,13,35,4,1,13,30,1,10,0.9913394978512658,13.237210507259674
629,4095,0.954,0.273,0.055160371114743145,0.35238583020642233,13,35,4,1,14,30,1,10,0.9922927995304611,15.96918982792425
629,4096,0.94,0.318,0.0684132369955589,0.36575235359797365,13,35,4,1,15,30,1,10,0.9923326055310285,18.690568832861043
629,4097,0.922,0.364,0.08615947496902177,0.3816446502246533,13,35,4,1,16,30,1,10,0.9912517339202994,21.54380561922327
629,4098,0.9,0.409,0.10815800442050372,0.39969109386068036,13,35,4,1,17,30,1,10,0.9885752373997642,24.43915814756771
629,4099,0.872,0.454,0.1322536753783199,0.4187903488912419,13,35,4,1,18,30,1,10,0.9831073186585481,27.503387688831904
629,4100,0.838,0.5,0.1528456105916115,0.43521903966024256,13,35,4,1,19,30,1,10,0.9758299032105954,30.822783018100026
629,4101,0.799,0.546,0.16839192497052702,0.44833181309711057,13,35,4,1,20,30,1,10,0.9677380844009397,34.34691211694445
629,4102,0.756,0.591,0.17317072456015836,0.45467933237698244,13,35,4,1,21,30,1,10,0.959592100842853,38.01637684244365
629,4103,0.71,0.636,0.16342872281503718,0.4512058909877952,13,35,4,1,22,30,1,10,0.9532030213968061,41.85317707396537
629,4104,0.662,0.682,0.14448303130699025,0.4382375060548396,13,35,4,1,23,30,1,10,0.9504567323134705,45.85255283973276
629,4105,0.616,0.727,0.12981376127755995,0.4261670761455906,13,35,4,1,24,30,1,10,0.9528824691429683,49.72480188804516
629,4106,0.574,0.773,0.12276164380463395,0.4222001944878222,13,35,4,1,25,30,1,10,0.9628109887200083,53.40384412854298
629,4107,0.538,0.818,0.11289611251090059,0.41598512001018495,13,35,4,1,26,30,1,10,0.979064859955662,56.66701202916854
629,4108,0.512,0.864,0.1026858673258656,0.40715550478806406,13,35,4,1,27,30,1,10,1.0043107088944139,59.34933204294713
629,4109,0.497,0.909,0.08649628967896983,0.39629662752736194,13,35,4,1,28,30,1,10,1.0359971042430574,61.33216071115048
629,4110,0.494,0.955,0.045655994857145776,0.3638772757095635,13,35,4,1,29,30,1,10,1.0752027715738088,62.64849209403644
629,4111,0.98,0.28,0.033156926577725954,0.32723812344148195,13,35,4,1,10,31,1,10,1.0192153844992726,15.945395900922858
629,4112,0.975,0.25,0.03827673026900458,0.33254842165260556,13,35,4,1,11,31,1,10,1.0065411069598698,14.381394591090604
629,4113,0.968,0.217,0.04511740229450012,0.3396390294548446,13,35,4,1,12,31,1,10,0.992024697273208,12.635305317942393
629,4114,0.959,0.182,0.05378313755144837,0.3485680197605494,13,35,4,1,13,31,1,10,0.9761173085239294,10.745857229577847
629,4115,0.948,0.227,0.06466361416065436,0.3595525551901416,13,35,4,1,14,31,1,10,0.9747989536309526,13.466013183961305
629,4116,0.933,0.273,0.0796045425246038,0.3736738161521471,13,35,4,1,15,31,1,10,0.9721203629180906,16.309713454981686
629,4117,0.914,0.318,0.09915587699398454,0.39038399790149536,13,35,4,1,16,31,1,10,0.9677396344058664,19.18387060574584
629,4118,0.89,0.364,0.12237224551988213,0.40917590361035727,13,35,4,1,17,31,1,10,0.9615591505466525,22.244010025836197
629,4119,0.861,0.409,0.14700045886056134,0.4286239310791756,13,35,4,1,18,31,1,10,0.953206168674962,25.40907547502609
629,4120,0.826,0.454,0.16701695355322255,0.4449765833613173,13,35,4,1,19,31,1,10,0.9425454896184056,28.79481462852825
629,4121,0.787,0.5,0.18179975473331345,0.4578649855085628,13,35,4,1,20,31,1,10,0.9323995924495034,32.42877541814862
629,4122,0.743,0.546,0.18577200601119825,0.46417247406226936,13,35,4,1,21,31,1,10,0.9220439252009636,36.31062905764411
629,4123,0.695,0.591,0.17810781029194334,0.46140417616638896,13,35,4,1,22,31,1,10,0.9123080620053732,40.37649961203344
629,4124,0.648,0.637,0.1636758777048205,0.45055487263439087,13,35,4,1,23,31,1,10,0.9086655050127082,44.509542271944206
629,4125,0.601,0.682,0.15119617764617677,0.4411833685686296,13,35,4,1,24,31,1,10,0.909024202098052,48.61247611088358
629,4126,0.559,0.727,0.14701228833312785,0.43918756865587183,13,35,4,1,25,31,1,10,0.917065973635485,52.44283589061004
629,4127,0.523,0.773,0.14335781286386973,0.4361350004634954,13,35,4,1,26,31,1,10,0.9333048805186867,55.91831808840081
629,4128,0.498,0.818,0.13842779713999798,0.43132837833023907,13,35,4,1,27,31,1,10,0.9576680009272525,58.66686318746627
629,4129,0.484,0.864,0.12262603611084766,0.4224987714018976,13,35,4,1,28,31,1,10,0.9903292381829388,60.74309701006515
629,4130,0.481,0.91,0.08811310459321198,0.3977218675332259,13,35,4,1,29,31,1,10,1.0293012192745135,62.14034930475773
629,4131,0.488,0.955,0.053945062831713075,0.37133726633304465,13,35,4,1,30,31,1,10,1.0724593232379491,62.93320544803009
629,4132,0.977,0.24,0.03928585351346148,0.33248146548277946,13,35,4,1,10,32,1,10,1.0060462216021688,13.80142601413284
629,4133,0.971,0.208,0.04516251913525027,0.3382158881534726,13,35,4,1,11,32,1,10,0.9930281969813344,12.090727271173122
629,4134,0.964,0.174,0.05291410742331204,0.34579000506820734,13,35,4,1,12,32,1,10,0.9795774599285142,10.231605008186511
629,4135,0.954,0.136,0.06257225930793586,0.3552487085505308,13,35,4,1,13,32,1,10,0.9636451629100827,8.113285278174843
629,4136,0.942,0.182,0.07468715794650782,0.3668378450129035,13,35,4,1,14,32,1,10,0.9594206585226316,10.93514940069945
629,4137,0.926,0.227,0.09120834802424826,0.3816380355822445,13,35,4,1,15,32,1,10,0.9534175370738679,13.773888641327929
629,4138,0.906,0.273,0.11204024270677759,0.39905009437157535,13,35,4,1,16,32,1,10,0.946237285251432,16.76884125960347
629,4139,0.881,0.318,0.13617113698265504,0.41842708314748667,13,35,4,1,17,32,1,10,0.936634934219304,19.84722332620508
629,4140,0.85,0.364,0.1607182936215199,0.43808289945215906,13,35,4,1,18,32,1,10,0.9246599374905349,23.18231792689086
629,4141,0.815,0.409,0.18016154139423424,0.45434763078912865,13,35,4,1,19,32,1,10,0.9118695082082743,26.649350938975136
629,4142,0.774,0.455,0.19413486379167166,0.46713132658607304,13,35,4,1,20,32,1,10,0.8978312759087869,30.449366983501438
629,4143,0.729,0.5,0.1983829792894135,0.4736519668445597,13,35,4,1,21,32,1,10,0.8839915157963903,34.445098414952724
629,4144,0.681,0.546,0.19341911151145808,0.4719049177156469,13,35,4,1,22,32,1,10,0.872855658170353,38.721317387211194
629,4145,0.632,0.591,0.1829022157533221,0.46332319100022845,13,35,4,1,23,32,1,10,0.8652774121632899,43.07992844006082
629,4146,0.586,0.637,0.17321260428517438,0.45646289424705433,13,35,4,1,24,32,1,10,0.8655431820539053,47.3878926675854
629,4147,0.543,0.682,0.1725319395512811,0.45648088019916433,13,35,4,1,25,32,1,10,0.8717643030085598,51.473628468775125
629,4148,0.508,0.728,0.17535034452068388,0.45616048645806395,13,35,4,1,26,32,1,10,0.8877206767897209,55.09258037416019
629,4149,0.483,0.773,0.1723668341157868,0.4536199063389076,13,35,4,1,27,32,1,10,0.9114921831809639,58.00127986660599
629,4150,0.47,0.819,0.1578474107595601,0.44627995598604087,13,35,4,1,28,32,1,10,0.9442780310904199,60.149754193801826
629,4151,0.468,0.864,0.13129464475076336,0.4274739031401953,13,35,4,1,29,32,1,10,0.982608772604845,61.557071375636646
629,4152,0.476,0.91,0.10403559384787242,0.40907803319294667,13,35,4,1,30,32,1,10,1.026974196365225,62.38697217691553
629,4153,0.488,0.955,0.0628428517487164,0.37852594086198765,13,35,4,1,31,32,1,10,1.0724593232379491,62.93320544803009
629,4154,0.974,0.2,0.04594549746258492,0.3379374260946486,13,35,4,1,10,33,1,10,0.994321879473644,11.603754408670918
629,4155,0.967,0.166,0.05256784743712506,0.34407304014902995,13,35,4,1,11,33,1,10,0.9811447395771941,9.740734494917842
629,4156,0.959,0.13,0.061157642431395653,0.35210003318912353,13,35,4,1,12,33,1,10,0.9677711506342809,7.7198370883942795
629,4157,0.948,0.091,0.07175405293650339,0.3620524249630579,13,35,4,1,13,33,1,10,0.9523576009041982,5.483111350716431
629,4158,0.935,0.136,0.08510327949904473,0.3741995603417747,13,35,4,1,14,33,1,10,0.9448391397481373,8.2758928270752
629,4159,0.918,0.182,0.10295263162102253,0.38960979525728745,13,35,4,1,15,33,1,10,0.93586751199088,11.213879287369533
629,4160,0.897,0.227,0.12468813430688308,0.4076273589677548,13,35,4,1,16,33,1,10,0.9252772557455414,14.201447092583129
629,4161,0.871,0.273,0.14940015668261386,0.4274742974014154,13,35,4,1,17,33,1,10,0.9127814634401819,17.402704131356284
629,4162,0.839,0.318,0.1735004638877844,0.44726948293399527,13,35,4,1,18,33,1,10,0.8972429994154314,20.757842721568167
629,4163,0.802,0.363,0.1924326143481374,0.46349498127375843,13,35,4,1,19,33,1,10,0.8803255079798609,24.352385031198974
629,4164,0.761,0.409,0.20582537739091722,0.4763281890903589,13,35,4,1,20,33,1,10,0.863945600139268,28.255839046207324
629,4165,0.715,0.454,0.21127415133465455,0.48330755565127814,13,35,4,1,21,33,1,10,0.846959857372237,32.41411963249548
629,4166,0.666,0.5,0.20932733058934794,0.48284978840453374,13,35,4,1,22,33,1,10,0.8328000960614739,36.897417230429575
629,4167,0.617,0.546,0.20215506352044121,0.47663320079897376,13,35,4,1,23,33,1,10,0.8238962313301355,41.50648509978361
629,4168,0.57,0.591,0.19592085745861598,0.4721561030234991,13,35,4,1,24,33,1,10,0.8210852574489448,46.03624476925208
629,4169,0.528,0.636,0.19986745600904088,0.474159586693342,13,35,4,1,25,33,1,10,0.8266075247661372,50.30092651652569
629,4170,0.493,0.682,0.20668781082227472,0.4761100267794862,13,35,4,1,26,33,1,10,0.8415301539457751,54.13781580632667
629,4171,0.469,0.727,0.20401822507437162,0.47514968906152133,13,35,4,1,27,33,1,10,0.8651531656302252,57.17325335786511
629,4172,0.456,0.773,0.1945457236310162,0.4698136843113073,13,35,4,1,28,33,1,10,0.8974770192043916,59.46324404725133
629,4173,0.455,0.819,0.17352420043071015,0.4555090667259233,13,35,4,1,29,33,1,10,0.936902342829817,60.94539590092286
629,4174,0.464,0.864,0.15368740435046468,0.44182674702742364,13,35,4,1,30,33,1,10,0.9807099469262051,61.76255446183274
629,4175,0.476,0.909,0.11297253689042497,0.41586792162117725,13,35,4,1,31,33,1,10,1.0260882028363838,62.36109091941313
629,4176,0.498,0.955,0.050974244133287216,0.36927208747801,13,35,4,1,32,33,1,10,1.0770464242547766,62.45949201555858
629,4177,0.97,0.16,0.05306300386253737,0.3435718768882544,13,35,4,1,10,34,1,10,0.9831073186585481,9.366509957012122
629,4178,0.962,0.125,0.06037184122737049,0.3500861869607045,13,35,4,1,11,34,1,10,0.970087109490689,7.403397948309721
629,4179,0.953,0.087,0.06972513699807392,0.35853717636536797,13,35,4,1,12,34,1,10,0.9569629041922157,5.216111320895826
629,4180,0.942,0.045,0.08127718492358349,0.36895011217927476,13,35,4,1,13,34,1,10,0.9430742282556553,2.7349803507039403
629,4181,0.928,0.091,0.09574324274286206,0.38161359091003766,13,35,4,1,14,34,1,10,0.932451071102393,5.600538419447651
629,4182,0.91,0.136,0.1145535469423904,0.39757608925773025,13,35,4,1,15,34,1,10,0.9201065155730612,8.499974673793057
629,4183,0.888,0.182,0.1370058802841677,0.4161256704898496,13,35,4,1,16,34,1,10,0.9064590448553095,11.582649399597463
629,4184,0.86,0.227,0.16192716357574888,0.4363695079924884,13,35,4,1,17,34,1,10,0.8894543271017349,14.786186298345807
629,4185,0.828,0.273,0.1855215297952143,0.4562906677423436,13,35,4,1,18,34,1,10,0.8718445962440784,18.24791212218748
629,4186,0.79,0.318,0.20395185374506253,0.47256301896461095,13,35,4,1,19,34,1,10,0.8516008454669359,21.926345571618768
629,4187,0.747,0.364,0.2171904269600694,0.4856139783525718,13,35,4,1,20,34,1,10,0.8309663049727106,25.979162120719828
629,4188,0.701,0.409,0.22437764992009657,0.49328240983396465,13,35,4,1,21,34,1,10,0.8115922621612406,30.261518829104684
629,4189,0.652,0.454,0.2258085463266114,0.4943434271428887,13,35,4,1,22,34,1,10,0.7944935493759532,34.85022849912154
629,4190,0.602,0.5,0.22182665796335632,0.4905598648220135,13,35,4,1,23,34,1,10,0.7825624575712791,39.71182808115917
629,4191,0.555,0.546,0.21938859050923443,0.48837106366005156,13,35,4,1,24,34,1,10,0.7785505763917975,44.531652560887515
629,4192,0.513,0.591,0.2282107055402145,0.4923026975542919,13,35,4,1,25,34,1,10,0.7825918476447349,49.041355854431494
629,4193,0.478,0.637,0.23724466718839265,0.4961995983198062,13,35,4,1,26,34,1,10,0.7964000251130081,53.11571366045718
629,4194,0.455,0.682,0.23621787751485812,0.49664974957359675,13,35,4,1,27,34,1,10,0.8198469369339622,56.290549599416906
629,4195,0.443,0.727,0.23254310033597148,0.4934598014296372,13,35,4,1,28,34,1,10,0.8513389454265556,58.64381275858561
629,4196,0.443,0.773,0.21727008790748936,0.48201105641356845,13,35,4,1,29,34,1,10,0.890942197900627,60.183329513892915
629,4197,0.452,0.818,0.19918922758740298,0.46969556254079603,13,35,4,1,30,34,1,10,0.9345736996085434,61.07639828636837
629,4198,0.465,0.864,0.15458599242364113,0.4437257571445419,13,35,4,1,31,34,1,10,0.981183469082108,61.71110917056311
629,4199,0.488,0.91,0.09909094913556904,0.405229178292399,13,35,4,1,32,34,1,10,1.0325909160940745,61.79695437588013
629,4200,0.544,0.955,0.04977853134033239,0.3679791762244523,13,35,4,1,33,34,1,10,1.0990727910379732,60.33271140521756
629,4201,0.965,0.12,0.0605300083357464,0.3493586170082911,13,35,4,1,10,35,1,10,0.9724325169388361,7.088475678146005
629,4202,0.958,0.083,0.0684608879156241,0.35623084705078667,13,35,4,1,11,35,1,10,0.9615887894521233,4.951674491925638
629,4203,0.948,0.043,0.07855829122305757,0.36508011597892776,13,35,4,1,12,35,1,10,0.9489747098843045,2.5970790904525143
629,4204,0.935,0,0.09101956037722614,0.3759249615476006,13,35,4,1,13,35,1,10,0.935,0
629,4205,0.92,0.045,0.10644268461176964,0.3890700359311532,13,35,4,1,14,35,1,10,0.9210998860058556,2.800279168037945
629,4206,0.901,0.091,0.12593405944552227,0.40553987275836645,13,35,4,1,15,35,1,10,0.9055837896075658,5.767253048226423
629,4207,0.878,0.136,0.14891260786489424,0.4245706496035041,13,35,4,1,16,35,1,10,0.8884705960244267,8.804997545157672
629,4208,0.85,0.182,0.17374900727253106,0.4451740533700652,13,35,4,1,17,35,1,10,0.8692663573381866,12.085549977699888
629,4209,0.816,0.227,0.1969194461742485,0.4652469571684481,13,35,4,1,18,35,1,10,0.8469858322309766,15.545837259827096
629,4210,0.778,0.273,0.21493177485843173,0.4816732319998618,13,35,4,1,19,35,1,10,0.824507731922509,19.33595891688728
629,4211,0.734,0.318,0.2286053769172408,0.4951121741650675,13,35,4,1,20,35,1,10,0.7999249964840454,23.424311392564213
629,4212,0.686,0.364,0.23782481622503193,0.503681737501617,13,35,4,1,21,35,1,10,0.7765899819080851,27.950969027890178
629,4213,0.637,0.409,0.2427288883918518,0.5064576410964805,13,35,4,1,22,35,1,10,0.7570006605016933,32.703392760295344
629,4214,0.587,0.455,0.24215161157789655,0.5051492656004839,13,35,4,1,23,35,1,10,0.7426937457660459,37.78025760216789
629,4215,0.54,0.5,0.24385193047191212,0.5051598959891296,13,35,4,1,24,35,1,10,0.735934779718964,42.797401838234194
629,4216,0.498,0.546,0.2566189602393836,0.5109361911825179,13,35,4,1,25,35,1,10,0.7389993234097039,47.632434868986486
629,4217,0.464,0.591,0.2671912267726857,0.5165283675879202,13,35,4,1,26,35,1,10,0.7513833908198929,51.86418759144887
629,4218,0.44,0.637,0.26959022426221635,0.5182641572780242,13,35,4,1,27,35,1,10,0.7741892533483011,55.36569483521034
629,4219,0.429,0.682,0.2707539788147111,0.5168679092329829,13,35,4,1,28,35,1,10,0.8057077633981194,57.82878287145543
629,4220,0.43,0.728,0.25942985750453407,0.5067051028736668,13,35,4,1,29,35,1,10,0.8455081312441649,59.43138051043397
629,4221,0.44,0.773,0.23903989110547708,0.4940981055185727,13,35,4,1,30,35,1,10,0.8894543271017349,60.35099775930919
629,4222,0.453,0.818,0.19450892505876127,0.4682840806838008,13,35,4,1,31,35,1,10,0.9350577522271017,61.022766284316425
629,4223,0.479,0.864,0.1407578774866446,0.43283066548167615,13,35,4,1,32,35,1,10,0.9878952373607234,60.996095132171625
629,4224,0.543,0.91,0.07779376923691428,0.39260919270481665,13,35,4,1,33,35,1,10,1.0596928800364755,59.17533312716655
629,4225,0.685,0.955,0.0160976246736817,0.33416858466529586,13,35,4,1,34,35,1,10,1.1752659273543158,54.34897758928727
629,4229,1,1,0,0.2928932188134524,13,35,4,1,10,13,4,10,1.4142135623730951,45
629,4230,1,1,0,0.2928932188134524,13,35,4,1,11,13,4,10,1.4142135623730951,45
629,4231,1,1,0,0.2928932188134524,13,35,4,1,12,13,4,10,1.4142135623730951,45
629,4232,1,0.96,8.158223430143607e-8,0.29289344939222084,13,35,4,1,10,14,4,10,1.3862178760930766,43.830860672092584
629,4233,1,0.959,1.5023576649397796e-7,0.2928940646159611,13,35,4,1,11,14,4,10,1.385525532063556,43.80102906682782
629,4234,1,0.957,2.845474151857985e-7,0.2928984691753921,13,35,4,1,12,14,4,10,1.3841419724869266,43.7412763666856
629,4235,1,0.955,5.153590955098153e-7,0.29296416871817077,13,35,4,1,13,14,4,10,1.3827599213167845,43.681404157171436
629,4236,1,0.92,3.987230670632336e-6,0.2929066848395512,13,35,4,1,10,15,4,10,1.3588230201170424,42.61405596961119
629,4237,1,0.917,6.200633880015793e-6,0.29292709803157235,13,35,4,1,11,15,4,10,1.3567936468011634,42.52082345847564
629,4238,1,0.913,1.0073027163604031e-5,0.29300286275140786,13,35,4,1,12,15,4,10,1.3540934236602733,42.39607920836728
629,4239,1,0.91,1.6152604390251568e-5,0.2933195217381993,13,35,4,1,13,15,4,10,1.3520724832641184,42.3021943666837
629,4240,1,0.955,2.4750801810635714e-5,0.2939737419530619,13,35,4,1,14,15,4,10,1.3827599213167845,43.681404157171436
629,4241,1,0.88,4.0360336593603385e-5,0.2930061404653207,13,35,4,1,10,16,4,10,1.332066064427737,41.34777721969367
629,4242,1,0.875,5.695248128267938e-5,0.29312354198374146,13,35,4,1,11,16,4,10,1.3287682265918312,41.18592516570965
629,4243,1,0.87,8.105175415440424e-5,0.2934362835575095,13,35,4,1,12,16,4,10,1.3254810447531868,41.023269024922435
629,4244,1,0.864,1.1596517804945972e-4,0.29423152266745933,13,35,4,1,13,16,4,10,1.3215506044037815,40.8270155239205
629,4245,0.999,0.91,1.6363840972100085e-4,0.2955143780134154,13,35,4,1,14,16,4,10,1.3513330455516879,42.33073093011519
629,4246,0.998,0.955,1.976580701098518e-4,0.2964832333010481,13,35,4,1,15,16,4,10,1.3813142292758733,43.738699167651745
629,4247,1,0.84,1.7514616481073553e-4,0.2933470160441384,13,35,4,1,10,17,4,10,1.3059862173851606,40.0302592718897
629,4248,1,0.834,2.3857359167189784e-4,0.29369973426430773,13,35,4,1,11,17,4,10,1.3021351696348578,39.82810630428432
629,4249,0.999,0.826,3.3096654816389126e-4,0.2944446754176999,13,35,4,1,12,17,4,10,1.2962549903471923,39.58485553044823
629,4250,0.999,0.818,4.520579336556585e-4,0.2958277419701807,13,35,4,1,13,17,4,10,1.2911719482702526,39.31126237103608
629,4251,0.998,0.864,6.116960826801909e-4,0.2977676710750874,13,35,4,1,14,17,4,10,1.3200378782444084,40.88376949447557
629,4252,0.996,0.909,8.078550001617835e-4,0.2998932574479335,13,35,4,1,15,17,4,10,1.3484424348113642,42.38515925361078
629,4253,0.993,0.955,8.137446253111413e-4,0.30078975401284413,13,35,4,1,16,17,4,10,1.3777060644419041,43.88246226080229
629,4254,0.999,0.8,5.465725716089498e-4,0.2941237367839664,13,35,4,1,10,18,4,10,1.2798441311347253,38.687774465176346
629,4255,0.999,0.792,7.167357594817236e-4,0.2948687756645145,13,35,4,1,11,18,4,10,1.274858815712548,38.40712729240576
629,4256,0.999,0.783,9.501612611303445e-4,0.29618690103147594,13,35,4,1,12,18,4,10,1.269287201542661,38.08877288097532
629,4257,0.998,0.773,0.001243753617628185,0.2982277574486252,13,35,4,1,13,18,4,10,1.2623521695628364,37.75954035523315
629,4258,0.996,0.818,0.0016410801539458175,0.3010021140001242,13,35,4,1,14,18,4,10,1.2888522025430225,39.395753312241965
629,4259,0.994,0.864,0.0021325702302756877,0.3041639390262407,13,35,4,1,15,18,4,10,1.3170163248798399,40.997668281919076
629,4260,0.989,0.91,0.00252620338722076,0.30662570394987754,13,35,4,1,16,18,4,10,1.3439572165809446,42.61782088776455
629,4261,0.982,0.955,0.0022130917118482474,0.30639896378726994,13,35,4,1,17,18,4,10,1.3697988903485065,44.20140120472713
629,4262,0.999,0.76,0.0013244775796852348,0.2955237539523141,13,35,4,1,10,19,4,10,1.2552294610946637,37.26245340885938
629,4263,0.998,0.75,0.0016859785445622055,0.2967965533970508,13,35,4,1,11,19,4,10,1.2484005767380917,36.92497207250216
629,4264,0.997,0.739,0.0021515791780268856,0.29877695033236296,13,35,4,1,12,19,4,10,1.2410197419864037,36.5467177883751
629,4265,0.996,0.728,0.0027386514440415066,0.30155913201776263,13,35,4,1,13,19,4,10,1.2336936410632908,36.16395424561979
629,4266,0.994,0.773,0.0035178981405171728,0.30524019593526064,13,35,4,1,14,19,4,10,1.259192201373563,37.87099286058344
629,4267,0.99,0.819,0.004543974852233457,0.3094286405070633,13,35,4,1,15,19,4,10,1.2848583579523465,39.600026576674935
629,4268,0.984,0.864,0.005629626334878957,0.31329540678059675,13,35,4,1,16,19,4,10,1.309485395107559,41.284710894571234
629,4269,0.976,0.91,0.006031557920547437,0.3155413964781628,13,35,4,1,17,19,4,10,1.3344197240748505,42.99576939148192
629,4270,0.964,0.955,0.00454152353271664,0.31309259830053215,13,35,4,1,18,19,4,10,1.356952836321145,44.73128804851018
629,4271,0.998,0.72,0.0026946286040040457,0.297690602950783,13,35,4,1,10,20,4,10,1.2306112302429228,35.808296313852665
629,4272,0.997,0.708,0.003349350984082844,0.29958635519428334,13,35,4,1,11,20,4,10,1.2228135589696412,35.379718537649445
629,4273,0.995,0.696,0.004186003381192349,0.3022857686427529,13,35,4,1,12,20,4,10,1.214265621682505,34.97269224776264
629,4274,0.993,0.682,0.005254799518691455,0.3058757857182197,13,35,4,1,13,20,4,10,1.2046464211543568,34.48157756106816
629,4275,0.99,0.727,0.006627853380094417,0.3104908507879137,13,35,4,1,14,20,4,10,1.2282625940734335,36.291454779910346
629,4276,0.985,0.773,0.008230370984275814,0.3157108024170877,13,35,4,1,15,20,4,10,1.252099836275047,38.123814976135016
629,4277,0.978,0.819,0.00983820543872882,0.32075105468328957,13,35,4,1,16,20,4,10,1.275635135922494,39.9435913721495
629,4278,0.968,0.864,0.010866017742299894,0.32406703207141974,13,35,4,1,17,20,4,10,1.2975052986404332,41.750888439279315
629,4279,0.954,0.909,0.010397780327924044,0.3237453268780546,13,35,4,1,18,20,4,10,1.317724174476586,43.616313032631496
629,4280,0.937,0.955,0.007513375470521555,0.31906644529297523,13,35,4,1,19,20,4,10,1.337906573718808,45.54508082316928
629,4281,0.996,0.68,0.0048687739897294025,0.3006870113392487,13,35,4,1,10,21,4,10,1.2059917080975309,34.32256193741365
629,4282,0.995,0.667,0.0059469350599201665,0.30325199655074686,13,35,4,1,11,21,4,10,1.197878958826809,33.835993020749214
629,4283,0.993,0.652,0.007240553239864944,0.3066882975867823,13,35,4,1,12,21,4,10,1.1879196100746885,33.288749460209864
629,4284,0.99,0.637,0.008752390567005608,0.3110943325448583,13,35,4,1,13,21,4,10,1.1772293744211448,32.75862065840027
629,4285,0.985,0.682,0.010578131426768667,0.31658579561767064,13,35,4,1,14,21,4,10,1.198060516000757,34.698178172497755
629,4286,0.979,0.727,0.01278839159504852,0.3226836089756441,13,35,4,1,15,21,4,10,1.2194137935910025,36.59737590142778
629,4287,0.971,0.773,0.015348488335641508,0.32853819078494495,13,35,4,1,16,21,4,10,1.2411164328941906,38.52282351311473
629,4288,0.959,0.818,0.017814234104373772,0.33295432585404605,13,35,4,1,17,21,4,10,1.2604780839030878,40.463244673237845
629,4289,0.943,0.864,0.019147088379686927,0.3352396111058369,13,35,4,1,18,21,4,10,1.278962470129597,42.496687284914486
629,4290,0.924,0.909,0.01858151074328307,0.3351034512749377,13,35,4,1,19,21,4,10,1.2961701277224376,44.531141566296505
629,4291,0.901,0.955,0.01433763982281644,0.3303607044619974,13,35,4,1,20,21,4,10,1.3129455434251642,46.66654068522967
629,4292,0.994,0.64,0.007892869237860811,0.304511237928873,13,35,4,1,10,22,4,10,1.1822165622253817,32.77599374404379
629,4293,0.992,0.625,0.009329413411306997,0.30775748564949945,13,35,4,1,11,22,4,10,1.1724713216108955,32.2125815798382
629,4294,0.989,0.609,0.011009078331442268,0.3119283008800019,13,35,4,1,12,22,4,10,1.1614654536403568,31.623661019443674
629,4295,0.985,0.591,0.01305236497218798,0.3171387572969383,13,35,4,1,13,22,4,10,1.1486975232845242,30.96375653207352
629,4296,0.98,0.637,0.015694318979402766,0.32347095127192205,13,35,4,1,14,22,4,10,1.168832323303903,33.02386755579665
629,4297,0.972,0.682,0.019119953724799577,0.33044221444246336,13,35,4,1,15,22,4,10,1.1873954690834896,35.05526927402651
629,4298,0.962,0.728,0.02327352097733182,0.33734469878229256,13,35,4,1,16,22,4,10,1.2064112068444988,37.116860683270275
629,4299,0.948,0.773,0.027953801704750925,0.3436074572759662,13,35,4,1,17,22,4,10,1.2232060333402546,39.1938315927432
629,4300,0.93,0.818,0.03207622329982207,0.3486165279186825,13,35,4,1,18,22,4,10,1.238557225161599,41.33388598699462
629,4301,0.909,0.864,0.03375224197280613,0.351979422511281,13,35,4,1,19,22,4,10,1.2541040626678472,43.54610453489112
629,4302,0.884,0.91,0.03239209706407886,0.3513622261588577,13,35,4,1,20,22,4,10,1.2686827814706085,45.830315486258016
629,4303,0.856,0.955,0.024101464941289286,0.342723783164288,13,35,4,1,21,22,4,10,1.2824823585531304,48.12901270021755
629,4304,0.991,0.6,0.011578965017127074,0.30917926767322723,13,35,4,1,10,23,4,10,1.1584821966694179,31.192768790926145
629,4305,0.988,0.583,0.013485023069649604,0.31312429178567813,13,35,4,1,11,23,4,10,1.147184815101734,30.54404611514208
629,4306,0.984,0.565,0.015839818994069832,0.31805708457681037,13,35,4,1,12,23,4,10,1.1346721993597975,29.863881979649737
629,4307,0.98,0.546,0.018854840894212743,0.32412089800319277,13,35,4,1,13,23,4,10,1.1218359951436752,29.124053494777428
629,4308,0.973,0.591,0.022820854767602206,0.33139488467349043,13,35,4,1,14,23,4,10,1.13842434970445,31.274486848486486
629,4309,0.964,0.636,0.02795848142066193,0.33948258310211843,13,35,4,1,15,23,4,10,1.1548991297944595,33.414873775144954
629,4310,0.952,0.682,0.034536466447607106,0.3479252885603259,13,35,4,1,16,23,4,10,1.1710798435631962,35.61730260801461
629,4311,0.936,0.727,0.041768372993052916,0.35645810172116854,13,35,4,1,17,23,4,10,1.1851687643538367,37.83682321748832
629,4312,0.916,0.773,0.04836795244383174,0.3639345567234591,13,35,4,1,18,23,4,10,1.198576238709912,40.160566572243454
629,4313,0.892,0.818,0.05441240826613514,0.3700486243885196,13,35,4,1,19,23,4,10,1.2102842641297127,42.52207955769344
629,4314,0.865,0.864,0.05776442466247833,0.37383355455729406,13,35,4,1,20,23,4,10,1.2225878291558443,44.96686190102695
629,4315,0.835,0.909,0.052735791244230557,0.37077677966475675,13,35,4,1,21,23,4,10,1.2343038523799559,47.429670827156244
629,4316,0.803,0.955,0.0351319417401581,0.3547560922120707,13,35,4,1,22,23,4,10,1.2477315416386652,49.94161181902794
629,4317,0.987,0.56,0.0162615343277549,0.314768082319708,13,35,4,1,10,24,4,10,1.1347991011628447,29.569531333267772
629,4318,0.983,0.542,0.01896171239666955,0.3194635159407546,13,35,4,1,11,24,4,10,1.122520823860297,28.871170976375353
629,4319,0.979,0.522,0.022366107693841508,0.3252418472917852,13,35,4,1,12,24,4,10,1.1094705944728773,28.066411353508617
629,4320,0.973,0.5,0.02672408506748969,0.3322909423231095,13,35,4,1,13,24,4,10,1.0939510957990763,27.19748094797262
629,4321,0.965,0.546,0.03248926893339865,0.34072480445607256,13,35,4,1,14,24,4,10,1.1087565106911437,29.501316412004517
629,4322,0.954,0.591,0.03997182924412335,0.35027414959184655,13,35,4,1,15,24,4,10,1.1222285863405903,31.778084623453143
629,4323,0.94,0.637,0.048958644577905774,0.3606654024862227,13,35,4,1,16,24,4,10,1.1355038529216888,34.123906123904376
629,4324,0.922,0.682,0.05953786040686593,0.3715481165837927,13,35,4,1,17,24,4,10,1.1468251828417442,36.4901962596702
629,4325,0.9,0.727,0.07041482828251566,0.3812967901165334,13,35,4,1,18,24,4,10,1.156948140583665,38.93050714204422
629,4326,0.874,0.773,0.07975734476866236,0.38999563432378825,13,35,4,1,19,24,4,10,1.166792612249495,41.49080993195536
629,4327,0.844,0.819,0.08649803381295595,0.3962146734114109,13,35,4,1,20,24,4,10,1.176051444453005,44.138733253989905
629,4328,0.812,0.864,0.08514616046856138,0.3961036456439042,13,35,4,1,21,24,4,10,1.1856812387821611,46.77710326634335
629,4329,0.779,0.909,0.06853694959741496,0.38427472117970807,13,35,4,1,22,24,4,10,1.1971307363859638,49.40389660074676
629,4330,0.745,0.955,0.0375768971377598,0.3573808935957705,13,35,4,1,23,24,4,10,1.211218394840501,52.0420391737294
629,4331,0.982,0.52,0.02242420712066273,0.3213885013147544,13,35,4,1,10,25,4,10,1.111181353335269,27.902632290360547
629,4332,0.978,0.5,0.02620160933682203,0.3269196481919472,13,35,4,1,11,25,4,10,1.098400655498712,27.078273260434482
629,4333,0.972,0.478,0.03094857223045333,0.3336681785603285,13,35,4,1,12,25,4,10,1.0831749627830214,26.186554423591815
629,4334,0.965,0.455,0.0371172813485221,0.3418765057111667,13,35,4,1,13,25,4,10,1.066887997870442,25.243999002535418
629,4335,0.956,0.5,0.04504098008866786,0.3517069654364815,13,35,4,1,14,25,4,10,1.0788586561732727,27.61013190297003
629,4336,0.943,0.546,0.05494735377427451,0.36298697585981066,13,35,4,1,15,25,4,10,1.0896627918764594,30.07097782999185
629,4337,0.927,0.591,0.06751993697541026,0.37546264524262896,13,35,4,1,16,25,4,10,1.0993680002619688,32.51915860824301
629,4338,0.907,0.637,0.08204561505289043,0.3884228345390994,13,35,4,1,17,25,4,10,1.108340200479979,35.08095584815884
629,4339,0.883,0.682,0.09558972361736084,0.3999601033424628,13,35,4,1,18,25,4,10,1.1157118803705552,37.68131105180253
629,4340,0.854,0.727,0.10818056572755752,0.4102816558807113,13,35,4,1,19,25,4,10,1.1215368919478306,40.40735415911035
629,4341,0.823,0.773,0.11656056559820682,0.4172368243017436,13,35,4,1,20,25,4,10,1.1290960986559115,43.20560632932319
629,4342,0.788,0.818,0.11549246305394922,0.4176654451540215,13,35,4,1,21,25,4,10,1.1358116040963835,46.07015784498009
629,4343,0.753,0.864,0.09900791359591254,0.40659826260099885,13,35,4,1,22,25,4,10,1.146082457766456,48.926944975431304
629,4344,0.718,0.91,0.06534914486953558,0.38235145382148983,13,35,4,1,23,25,4,10,1.159147962945197,51.726172025992334
629,4345,0.685,0.955,0.028238988475684623,0.34741434142153493,13,35,4,1,24,25,4,10,1.1752659273543158,54.34897758928727
629,4346,0.977,0.48,0.030347387275229232,0.3291045625433181,13,35,4,1,10,26,4,10,1.0885444409853002,26.164881738317415
629,4347,0.972,0.458,0.03547966848071715,0.3355614199359259,13,35,4,1,11,26,4,10,1.074498953000886,25.2295047505013
629,4348,0.965,0.435,0.041956741522232166,0.34339686890839327,13,35,4,1,12,26,4,10,1.0585131080907784,24.264766062003037
629,4349,0.956,0.409,0.05008653227905424,0.3529004720210219,13,35,4,1,13,26,4,10,1.0398158490809803,23.162414372784884
629,4350,0.945,0.454,0.06039806868252984,0.3642584782602364,13,35,4,1,14,26,4,10,1.0483992560088928,25.660713380200285
629,4351,0.931,0.5,0.07370840785254373,0.3773046564327821,13,35,4,1,15,26,4,10,1.056769132781612,28.238330087207125
629,4352,0.913,0.546,0.08976331787062974,0.39161408728708147,13,35,4,1,16,26,4,10,1.0638068433696035,30.88062552227651
629,4353,0.89,0.591,0.10681346899615962,0.4059994086805603,13,35,4,1,17,26,4,10,1.0683543419671209,33.585947584364945
629,4354,0.864,0.636,0.12277200391714382,0.41846978466593565,13,35,4,1,18,26,4,10,1.0728429521602871,36.35719741999547
629,4355,0.833,0.682,0.13631668093357918,0.4291699970338684,13,35,4,1,19,26,4,10,1.0765746606715207,39.3081297490678
629,4356,0.799,0.727,0.14454734883788145,0.4356008931324733,13,35,4,1,20,26,4,10,1.0802453425032668,42.298663813441024
629,4357,0.764,0.773,0.1423943591754364,0.43495693058330687,13,35,4,1,21,26,4,10,1.0868417548106992,45.33549519982564
629,4358,0.727,0.818,0.12149686327880016,0.4226963607544657,13,35,4,1,22,26,4,10,1.094373336663499,48.370808499171424
629,4359,0.691,0.864,0.08774510981275718,0.39888032003104923,13,35,4,1,23,26,4,10,1.106334940241878,51.34827980055877
629,4360,0.657,0.909,0.053239712832942154,0.37142139212280023,13,35,4,1,24,26,4,10,1.1215747857365552,54.141640223524895
629,4361,0.627,0.955,0.029803530964985225,0.3492452319325766,13,35,4,1,25,26,4,10,1.1424333678600254,56.71331925535223
629,4362,0.971,0.44,0.040259953021832495,0.3378687284284302,13,35,4,1,10,27,4,10,1.0660398679223964,24.37723353950279
629,4363,0.964,0.416,0.0469822460533843,0.3453088877378996,13,35,4,1,11,27,4,10,1.0499295214441775,23.341901319120595
629,4364,0.956,0.391,0.05523067776025592,0.3542884022682473,13,35,4,1,12,27,4,10,1.0328683362365214,22.24435616673244
629,4365,0.946,0.364,0.06563142305591352,0.36511698944022963,13,35,4,1,13,27,4,10,1.0136133385073423,21.045627724547728
629,4366,0.933,0.409,0.07898466702213225,0.377950393325166,13,35,4,1,14,27,4,10,1.0187099685386416,23.671244123839017
629,4367,0.917,0.454,0.0952714695965311,0.3925187088561848,13,35,4,1,15,27,4,10,1.0232326226230282,26.33967558440355
629,4368,0.897,0.5,0.11363629298570765,0.40809554933932013,13,35,4,1,16,27,4,10,1.0269415757481046,29.135890027015435
629,4369,0.872,0.546,0.13262557979893252,0.42308098946052475,13,35,4,1,17,27,4,10,1.0288342918079665,32.052608237169245
629,4370,0.844,0.591,0.1489076216590991,0.4356077411943321,13,35,4,1,18,27,4,10,1.0303479994642586,35.00113139821361
629,4371,0.811,0.636,0.16222866854619677,0.44575650828440705,13,35,4,1,19,27,4,10,1.0306391220985163,38.10414604387796
629,4372,0.775,0.682,0.16883346069397365,0.4510319020525486,13,35,4,1,20,27,4,10,1.0323511999314963,41.34777721969367
629,4373,0.737,0.727,0.16317168736727095,0.4489671902135649,13,35,4,1,21,27,4,10,1.0352284771971838,44.60864147231667
629,4374,0.699,0.773,0.1420874597620304,0.4360059491097724,13,35,4,1,22,27,4,10,1.0421756090026286,47.87793569385177
629,4375,0.662,0.818,0.11059091332308935,0.41470568160298804,13,35,4,1,23,27,4,10,1.0523155420310013,51.01706670301156
629,4376,0.628,0.864,0.08147526387328652,0.3931968741231556,13,35,4,1,24,27,4,10,1.0681198434632697,53.988401884187496
629,4377,0.599,0.909,0.0631416677199721,0.37962312500393924,13,35,4,1,25,27,4,10,1.0886147160497142,56.616480216431945
629,4378,0.575,0.955,0.03670156730494434,0.35663242246305205,13,35,4,1,26,27,4,10,1.1147421226454124,58.9480961843736
629,4379,0.963,0.4,0.05212052349859175,0.34752872333575546,13,35,4,1,10,28,4,10,1.0427698691465916,22.556465985076805
629,4380,0.955,0.375,0.060444297553575055,0.3559569007975647,13,35,4,1,11,28,4,10,1.0259873293564594,21.438454652228973
629,4381,0.946,0.348,0.07078399949835934,0.36605686884163113,13,35,4,1,12,28,4,10,1.0079781743668856,20.196787027969485
629,4382,0.934,0.318,0.08380494568349484,0.3781205434732322,13,35,4,1,13,28,4,10,0.9866509007749398,18.802224430260104
629,4383,0.92,0.364,0.09965131402923766,0.39221348491839825,13,35,4,1,14,28,4,10,0.989391732328505,21.586336249101674
629,4384,0.902,0.409,0.11794391170878227,0.4078832074021739,13,35,4,1,15,28,4,10,0.9903963852922728,24.39128883263182
629,4385,0.88,0.455,0.13796802076439696,0.4240848399538384,13,35,4,1,16,28,4,10,0.9906689659013247,27.34101880386696
629,4386,0.853,0.5,0.1570749871441789,0.43899691262871754,13,35,4,1,17,28,4,10,0.9887411187970286,30.377402156041576
629,4387,0.822,0.546,0.1728148075838527,0.45104839775781114,13,35,4,1,18,28,4,10,0.9868130522039116,33.593447416027594
629,4388,0.787,0.591,0.18490979003400454,0.4603354246516712,13,35,4,1,19,28,4,10,0.9842001828896396,36.904826992977775
629,4389,0.75,0.637,0.1887939228588894,0.4646086616945463,13,35,4,1,20,28,4,10,0.9840066056688848,40.342353841806826
629,4390,0.71,0.682,0.18299362197763536,0.461863770448358,13,35,4,1,21,28,4,10,0.9844917470451442,43.84765408843362
629,4391,0.671,0.727,0.16385811404599804,0.4497175352220145,13,35,4,1,22,28,4,10,0.9893280547927467,47.29388352600999
629,4392,0.634,0.773,0.13769681197893902,0.4316410912083357,13,35,4,1,23,28,4,10,0.9997424668383353,50.64204307859536
629,4393,0.599,0.819,0.11175971287583997,0.41482492982946073,13,35,4,1,24,28,4,10,1.0146733464519504,53.81901899494701
629,4394,0.57,0.864,0.09485601852446479,0.40371241330164975,13,35,4,1,25,28,4,10,1.035082605399202,56.586276534628496
629,4395,0.548,0.91,0.07211414126494609,0.38655800457748934,13,35,4,1,26,28,4,10,1.0622636207646388,58.94374148256534
629,4396,0.533,0.955,0.04046626945776444,0.36025455469158885,13,35,4,1,27,28,4,10,1.0936699685005529,60.83345047060892
629,4397,0.955,0.36,0.06566847441351797,0.3578809418069655,13,35,4,1,10,29,4,10,1.0206003135410062,20.654604376119902
629,4398,0.946,0.333,0.07586234372427325,0.36725128969415577,13,35,4,1,11,29,4,10,1.0028982999287614,19.392499623778555
629,4399,0.935,0.304,0.0884098611505082,0.3783802024914732,13,35,4,1,12,29,4,10,0.9831790274410862,18.01108941826029
629,4400,0.922,0.273,0.10349086337034696,0.3915060002771156,13,35,4,1,13,29,4,10,0.9615679903158175,16.49378161610359
629,4401,0.905,0.318,0.12102946602515885,0.4065631833338602,13,35,4,1,14,29,4,10,0.9592439731371785,19.36051722998908
629,4402,0.886,0.363,0.14074860393258692,0.4228957705295441,13,35,4,1,15,29,4,10,0.9574784592877273,22.279233652837938
629,4403,0.861,0.409,0.160957693941012,0.43921968039661274,13,35,4,1,16,29,4,10,0.953206168674962,25.40907547502609
629,4404,0.833,0.454,0.17943129819264814,0.453704626491486,13,35,4,1,17,29,4,10,0.9486859332782372,28.591179518795883
629,4405,0.8,0.5,0.19413686725411428,0.4651644822900376,13,35,4,1,18,29,4,10,0.9433981132056605,32.005383208083494
629,4406,0.763,0.545,0.20444945258520797,0.4737737294346882,13,35,4,1,19,29,4,10,0.9376534541076463,35.53767779197438
629,4407,0.723,0.591,0.20811880983957276,0.4776237483296958,13,35,4,1,20,29,4,10,0.9338147567906603,39.263504613128845
629,4408,0.683,0.636,0.20406477801905798,0.47514249239601936,13,35,4,1,21,29,4,10,0.9332657713641919,42.95923975303825
629,4409,0.642,0.682,0.18928908766648433,0.4646577649791188,13,35,4,1,22,29,4,10,0.9366365356956775,46.73046396152939
629,4410,0.604,0.727,0.1654767037752385,0.44913799277600996,13,35,4,1,23,29,4,10,0.9451692970045101,50.279805920491015
629,4411,0.57,0.773,0.1418609502447643,0.43510148169606566,13,35,4,1,24,29,4,10,0.9604316737800769,53.59542644255417
629,4412,0.542,0.818,0.12802370520713346,0.42629321938227915,13,35,4,1,25,29,4,10,0.9812685667033261,56.471876021046754
629,4413,0.521,0.864,0.10787477987236505,0.41273895209178213,13,35,4,1,26,29,4,10,1.0089286396965842,58.90963392835353
629,4414,0.508,0.909,0.0852467545226323,0.39595228788472125,13,35,4,1,27,29,4,10,1.0413188752730838,60.80110126643858
629,4415,0.504,0.955,0.05496615617210565,0.37299531101932737,13,35,4,1,28,29,4,10,1.0798337835055911,62.177207096033925
629,4416,0.945,0.32,0.08083845051006089,0.3687224805051851,13,35,4,1,10,30,4,10,0.9977098776698565,18.707351427434702
629,4417,0.935,0.291,0.09287462329838847,0.3789548803506242,13,35,4,1,11,30,4,10,0.9792374584338571,17.287706066380867
629,4418,0.923,0.261,0.10710664272069159,0.39098344199784485,13,35,4,1,12,30,4,10,0.9591923686101761,15.789500565921477
629,4419,0.908,0.227,0.12360402444992391,0.4049690043027908,13,35,4,1,13,30,4,10,0.9359449770152091,14.036243467926479
629,4420,0.89,0.273,0.14236875519257164,0.4207030771241357,13,35,4,1,14,30,4,10,0.930929105786257,17.052953782186883
629,4421,0.868,0.318,0.16241096953109635,0.43735615560630137,13,35,4,1,15,30,4,10,0.9244176545263509,20.120785579209706
629,4422,0.842,0.364,0.18207472566422878,0.4535235701183036,13,35,4,1,16,30,4,10,0.9173112884948053,23.37902323371983
629,4423,0.811,0.409,0.19975065597815378,0.4675237127768691,13,35,4,1,17,30,4,10,0.9082962071923455,26.76252477063334
629,4424,0.776,0.454,0.21311691911788255,0.4785610750893903,13,35,4,1,18,30,4,10,0.8990506103662907,30.329834439009623
629,4425,0.737,0.5,0.22326476150805585,0.4869081096903495,13,35,4,1,19,30,4,10,0.890600359308259,34.15399082460588
629,4426,0.696,0.546,0.22874041234628595,0.49097634249282396,13,35,4,1,20,30,4,10,0.8846083879321968,38.11357266856802
629,4427,0.654,0.591,0.22806693085519703,0.48945276198011145,13,35,4,1,21,30,4,10,0.8814743331487309,42.10316635625985
629,4428,0.613,0.636,0.21597590812495893,0.4807926460939198,13,35,4,1,22,30,4,10,0.88332610059932,46.054967175670086
629,4429,0.574,0.682,0.19358768614414745,0.46719845354655576,13,35,4,1,23,30,4,10,0.891403387922662,49.91461836240777
629,4430,0.541,0.727,0.1735978556078125,0.4557969841810734,13,35,4,1,24,30,4,10,0.9062063782604931,53.345071164859995
629,4431,0.514,0.773,0.16429384845531902,0.45000646757065954,13,35,4,1,25,30,4,10,0.9282914413049385,56.378406632652144
629,4432,0.495,0.818,0.15182481217627808,0.4407072396219519,13,35,4,1,26,30,4,10,0.9561113951836365,58.82042182145598
629,4433,0.484,0.864,0.13329400810799807,0.4291274470343627,13,35,4,1,27,30,4,10,0.9903292381829388,60.74309701006515
629,4434,0.482,0.909,0.10517069331212314,0.4111474376041717,13,35,4,1,28,30,4,10,1.0288853191682734,62.06509342630345
629,4435,0.488,0.955,0.05495414022100109,0.37282818539183094,13,35,4,1,29,30,4,10,1.0724593232379491,62.93320544803009
629,4436,0.935,0.28,0.09721872314563706,0.3798875455175563,13,35,4,1,10,31,4,10,0.9760251021362105,16.67113050734258
629,4437,0.923,0.25,0.11062428634295118,0.390888749313388,13,35,4,1,11,31,4,10,0.9562578104256195,15.155272907517135
629,4438,0.909,0.217,0.12603605388201988,0.4036824384149744,13,35,4,1,12,31,4,10,0.9345426689028169,13.426578713058532
629,4439,0.893,0.182,0.1435900581871109,0.418343380543012,13,35,4,1,13,31,4,10,0.9113577782627414,11.519535208392295
629,4440,0.873,0.227,0.1627945433767254,0.4345336810839776,13,35,4,1,14,31,4,10,0.9020299329844881,14.575445694820017
629,4441,0.849,0.273,0.18245440866883367,0.4513073118520645,13,35,4,1,15,31,4,10,0.8918127606173842,17.825442246246816
629,4442,0.821,0.318,0.2015678743837016,0.4672492573070429,13,35,4,1,16,31,4,10,0.8804345517981447,21.17300597025235
629,4443,0.788,0.364,0.21822113156449574,0.4809113842829873,13,35,4,1,17,31,4,10,0.8680092165409306,24.793581437043912
629,4444,0.751,0.409,0.2313016194330456,0.4918471721042116,13,35,4,1,18,31,4,10,0.8551502791907397,28.573028924058143
629,4445,0.71,0.454,0.2432749711018295,0.5004198781245137,13,35,4,1,19,31,4,10,0.8427431399898785,32.5963375876793
629,4446,0.668,0.5,0.2515799127274715,0.5052872995231129,13,35,4,1,20,31,4,10,0.8344003835090202,36.814964029394545
629,4447,0.624,0.546,0.254128444452977,0.5051886994792005,13,35,4,1,21,31,4,10,0.8291513733933027,41.18592516570965
629,4448,0.583,0.591,0.24328568427968256,0.4983412954888291,13,35,4,1,22,31,4,10,0.8301626346686533,45.39042516318927
629,4449,0.545,0.637,0.2234952986730414,0.4866446538042405,13,35,4,1,23,31,4,10,0.8383280980618507,49.450596977059384
629,4450,0.512,0.682,0.20954534530558688,0.47823246952121257,13,35,4,1,24,31,4,10,0.8528000938086252,53.10322816310937
629,4451,0.486,0.727,0.20724395627774816,0.47530033117252257,13,35,4,1,25,31,4,10,0.8744855630597911,56.23724519362026
629,4452,0.469,0.773,0.1968532164059581,0.4684008390862602,13,35,4,1,26,31,4,10,0.9041515359717086,58.753679319558664
629,4453,0.461,0.818,0.17769186236344092,0.4578399966460389,13,35,4,1,27,31,4,10,0.9389595305443148,60.59571047433479
629,4454,0.461,0.864,0.15185950061210762,0.4415829526800943,13,35,4,1,28,31,4,10,0.9792941335472198,61.917188260165865
629,4455,0.47,0.91,0.11017104490209917,0.4138052054616519,13,35,4,1,29,31,4,10,1.0242070103255494,62.68439202655775
629,4456,0.484,0.955,0.06490365072214632,0.3814184045843879,13,35,4,1,30,31,4,10,1.0706451326186468,63.12382191708036
629,4457,0.923,0.24,0.11408626594434268,0.39126385138825437,13,35,4,1,10,32,4,10,0.9536922983855957,14.57537909187891
629,4458,0.91,0.208,0.1284737325894132,0.40294628579504865,13,35,4,1,11,32,4,10,0.9334687996928446,12.875001559612475
629,4459,0.895,0.174,0.1447958075309208,0.41639046709935645,13,35,4,1,12,32,4,10,0.9117570948448934,11.001827358732696
629,4460,0.877,0.136,0.16286658919471353,0.4315897953722907,13,35,4,1,13,32,4,10,0.8874823941915693,8.814879861165124
629,4461,0.855,0.182,0.18186405822197205,0.4481059501732896,13,35,4,1,14,32,4,10,0.8741561645381218,12.01693447772027
629,4462,0.829,0.227,0.20117219839819478,0.46493787752284343,13,35,4,1,15,32,4,10,0.8595173063993534,15.31358376390167
629,4463,0.799,0.273,0.21961013106154048,0.4807405450480372,13,35,4,1,16,32,4,10,0.8443518224058026,18.864122665124288
629,4464,0.764,0.318,0.2358986793753196,0.49432777670953487,13,35,4,1,17,32,4,10,0.8275385187409707,22.598561442975264
629,4465,0.725,0.364,0.2504318150567153,0.5055449252900008,13,35,4,1,18,32,4,10,0.8112465716414461,26.659807065629103
629,4466,0.683,0.409,0.26484498611525775,0.5148263934167518,13,35,4,1,19,32,4,10,0.7960967277912905,30.9143849117961
629,4467,0.638,0.455,0.2767146875540175,0.5209802951937396,13,35,4,1,20,32,4,10,0.7836255483328756,35.49517981763397
629,4468,0.594,0.5,0.28113143338926716,0.5226001500621801,13,35,4,1,21,32,4,10,0.7764251412724861,40.0890241533487
629,4469,0.552,0.546,0.2728058057685946,0.5175045172520853,13,35,4,1,22,32,4,10,0.776414837570741,44.68691142497935
629,4470,0.514,0.591,0.25695385337046206,0.5077660837342557,13,35,4,1,23,32,4,10,0.7832477258185944,48.986113049891344
629,4471,0.483,0.637,0.2504476529788725,0.5021328922279473,13,35,4,1,24,32,4,10,0.7994110331988169,52.82907651005961
629,4472,0.459,0.682,0.250445594281161,0.5009593855916809,13,35,4,1,25,32,4,10,0.8220735976784561,56.058636806811265
629,4473,0.444,0.728,0.23875399671955277,0.49492620221638395,13,35,4,1,26,32,4,10,0.8527133164200029,58.62139792921548
629,4474,0.438,0.773,0.22308829847847655,0.4858438850292103,13,35,4,1,27,32,4,10,0.8884666566619144,60.46308795128838
629,4475,0.442,0.819,0.203271200115413,0.4728213952935335,13,35,4,1,28,32,4,10,0.930658369112963,61.64503821467594
629,4476,0.452,0.864,0.16648269803036952,0.4506502068872301,13,35,4,1,29,32,4,10,0.9750897394599125,62.38376807337826
629,4477,0.468,0.91,0.13031691210024698,0.42735716253471645,13,35,4,1,30,32,4,10,1.0232907700160303,62.78388844269253
629,4478,0.485,0.955,0.07500325678563868,0.3891988044249791,13,35,4,1,31,32,4,10,1.0710975679180679,63.07610729657327
629,4479,0.91,0.2,0.13096571708800575,0.40279414738282526,13,35,4,1,10,33,4,10,0.9317188417113824,12.395406833758463
629,4480,0.896,0.166,0.14613742855814782,0.4150890893312482,13,35,4,1,11,33,4,10,0.911247496567206,10.496056644606483
629,4481,0.879,0.13,0.16299786511121916,0.4291036721446735,13,35,4,1,12,33,4,10,0.8885611965419152,8.412794499975492
629,4482,0.859,0.091,0.18103754764891533,0.4447634308057137,13,35,4,1,13,33,4,10,0.8638066913378247,6.047196194500341
629,4483,0.836,0.136,0.19982808555507903,0.4615639469889051,13,35,4,1,14,33,4,10,0.8469899645214222,9.2399018209791155
629,4484,0.808,0.182,0.21878920731140195,0.47850197022082974,13,35,4,1,15,33,4,10,0.8282439254229398,12.693881525497444
629,4485,0.776,0.227,0.23691125137593128,0.49435136878716834,13,35,4,1,16,33,4,10,0.8085202533022906,16.30555830652795
629,4486,0.739,0.273,0.25407601353290565,0.5081832775915331,13,35,4,1,17,33,4,10,0.7878134296900504,20.275144079314796
629,4487,0.698,0.318,0.2707831461263849,0.5200793449473977,13,35,4,1,18,33,4,10,0.7670254233074677,24.49341163435089
629,4488,0.654,0.363,0.2884457601809889,0.5305183132095793,13,35,4,1,19,33,4,10,0.7479872993574156,29.032283967945574
629,4489,0.609,0.409,0.3033365981023851,0.5383511765167432,13,35,4,1,20,33,4,10,0.7335952562551096,33.88502405736708
629,4490,0.564,0.454,0.3102079968371628,0.5418482691954047,13,35,4,1,21,33,4,10,0.7240248614515941,38.832832083864034
629,4491,0.522,0.5,0.3049669752253771,0.5384052962465302,13,35,4,1,22,33,4,10,0.7228305472238981,43.76681751208307
629,4492,0.484,0.546,0.29447086392833655,0.5305866283469556,13,35,4,1,23,33,4,10,0.7296382665403454,48.444715719955106
629,4493,0.454,0.591,0.2916628887603421,0.5272910189568787,13,35,4,1,24,33,4,10,0.7452496226097669,52.46890827147961
629,4494,0.432,0.636,0.2919266324251868,0.5272353995742309,13,35,4,1,25,33,4,10,0.7688432870227846,55.813877513624966
629,4495,0.42,0.682,0.28282491264157594,0.5222781111470249,13,35,4,1,26,33,4,10,0.8009519336389669,58.37375220247717
629,4496,0.417,0.727,0.2731621552148046,0.5156431633930509,13,35,4,1,27,33,4,10,0.8381038121855787,60.161844614278706
629,4497,0.423,0.773,0.2568296698613768,0.5049221429560132,13,35,4,1,28,33,4,10,0.8811685423345524,61.31169990618068
629,4498,0.436,0.819,0.22648565666104892,0.4860684179326028,13,35,4,1,29,33,4,10,0.9278237979271711,61.97110332735026
629,4499,0.452,0.864,0.1899875777968264,0.464205389842127,13,35,4,1,30,33,4,10,0.9750897394599125,62.38376807337826
629,4500,0.47,0.909,0.1313806071727186,0.42852257024633245,13,35,4,1,31,33,4,10,1.0233186209583016,62.65869860846764
629,4501,0.499,0.955,0.061212922029086236,0.3781584078611645,13,35,4,1,32,33,4,10,1.0775091646942034,62.412343214122664
629,4502,0.897,0.16,0.1476515236785605,0.41447019381366335,13,35,4,1,10,34,4,10,0.9111580543462259,10.113617523046724
629,4503,0.881,0.125,0.1633496408462185,0.42733519437351297,13,35,4,1,11,34,4,10,0.8898235780198229,8.075465581607322
629,4504,0.862,0.087,0.18033091649208277,0.4418804900415306,13,35,4,1,12,34,4,10,0.8663792472122125,5.7632365401780845
629,4505,0.841,0.045,0.19827780058785727,0.4579815685849974,13,35,4,1,13,34,4,10,0.8422030633997956,3.0628462104416374
629,4506,0.815,0.091,0.21695556324060827,0.475100875023858,13,35,4,1,14,34,4,10,0.8200646315992417,6.371053999597917
629,4507,0.786,0.136,0.23568970845054504,0.4922727501799067,13,35,4,1,15,34,4,10,0.797679133486642,9.81657849036043
629,4508,0.752,0.182,0.25430338561361954,0.5084147564485284,13,35,4,1,16,34,4,10,0.7737105401892881,13.605186175076511
629,4509,0.713,0.227,0.2733820916926054,0.5228353644279861,13,35,4,1,17,34,4,10,0.7482633226344854,17.6600742828425
629,4510,0.67,0.273,0.2928300676814485,0.5358042883041274,13,35,4,1,18,34,4,10,0.7234839320952471,22.169062163023536
629,4511,0.625,0.318,0.3139586502895033,0.5478116050433399,13,35,4,1,19,34,4,10,0.7012481729031456,26.966992016197985
629,4512,0.578,0.364,0.33158963290257537,0.5576367572495391,13,35,4,1,20,34,4,10,0.683066614613831,32.200991875371436
629,4513,0.533,0.409,0.3417415924467718,0.5630782175932906,13,35,4,1,21,34,4,10,0.6718407549412286,37.500995623700746
629,4514,0.491,0.454,0.34054105305687277,0.56117694586003,13,35,4,1,22,34,4,10,0.6687278968309907,42.75781846371644
629,4515,0.454,0.5,0.33307367922239617,0.5551872574970198,13,35,4,1,23,34,4,10,0.6753636057709951,47.76055149551519
629,4516,0.426,0.546,0.3325832240088905,0.5538672597160197,13,35,4,1,24,34,4,10,0.6925258117933223,52.03794076318467
629,4517,0.406,0.591,0.3352098314083034,0.5547755241609209,13,35,4,1,25,34,4,10,0.7170195255360903,55.51205443549266
629,4518,0.396,0.637,0.3309499925176068,0.5511880239669088,13,35,4,1,26,34,4,10,0.7500566645260877,58.132268908609035
629,4519,0.396,0.682,0.3261573048494454,0.5464113441447074,13,35,4,1,27,34,4,10,0.7886317264731366,59.85861444792466
629,4520,0.405,0.727,0.3119038565047929,0.5357238030441154,13,35,4,1,28,34,4,10,0.8321982936776546,60.87852410645858
629,4521,0.419,0.773,0.2805627715947111,0.5168802753123483,13,35,4,1,29,34,4,10,0.8792553667734988,61.54035941075406
629,4522,0.436,0.818,0.23789378431197616,0.4933927803876008,13,35,4,1,30,34,4,10,0.9269412063340371,61.94205698552856
629,4523,0.458,0.864,0.18191706265651786,0.4594825045139993,13,35,4,1,31,34,4,10,0.9778854738669553,62.07226869573222
629,4524,0.495,0.91,0.11797819705486956,0.41945539904319884,13,35,4,1,32,34,4,10,1.0359174677550331,61.45575268458282
629,4525,0.559,0.955,0.05606837043430457,0.3746611956160032,13,35,4,1,33,34,4,10,1.1065739921035558,59.657840990016304
629,4526,0.882,0.12,0.16396597904273247,0.42632061317094283,13,35,4,1,10,35,4,10,0.8901258338010419,7.747772036108116
629,4527,0.865,0.083,0.17988731422141102,0.43974169778593764,13,35,4,1,11,35,4,10,0.8689729570015399,5.480965112059449
629,4528,0.845,0.043,0.19687030802971095,0.45481752419837906,13,35,4,1,12,35,4,10,0.8460933754615976,2.9131303909677895
629,4529,0.821,0,0.2148489946706894,0.471392285050109,13,35,4,1,13,35,4,10,0.821,0
629,4530,0.794,0.045,0.23345550268594562,0.4889235420901572,13,35,4,1,14,35,4,10,0.7952741665614445,3.2437718155907223
629,4531,0.763,0.091,0.25249400025546986,0.5065105387401905,13,35,4,1,15,35,4,10,0.7684074440035052,6.801314823981574
629,4532,0.727,0.136,0.272621340991267,0.523223449199127,13,35,4,1,16,35,4,10,0.7396113844445608,10.595861349153745
629,4533,0.686,0.182,0.29394875094460604,0.53858275392709,13,35,4,1,17,35,4,10,0.7097323439156483,14.858614447924657
629,4534,0.642,0.227,0.3166810781686058,0.5530044396111655,13,35,4,1,18,35,4,10,0.6809500715911556,19.47270592732269
629,4535,0.595,0.273,0.3409649390699837,0.5669484349810605,13,35,4,1,19,35,4,10,0.6546403592813386,24.64677085193117
629,4536,0.548,0.318,0.362140825890632,0.5790009181537645,13,35,4,1,20,35,4,10,0.6335834593800568,30.126249295071062
629,4537,0.502,0.364,0.3758663524586997,0.5863681937048817,13,35,4,1,21,35,4,10,0.6200806399170998,35.94585229307131
629,4538,0.46,0.409,0.3780146901325804,0.585855834668207,13,35,4,1,22,35,4,10,0.6155331022780173,41.64126947407228
629,4539,0.425,0.455,0.37216626754024196,0.5815187440601368,13,35,4,1,23,35,4,10,0.6226154511413927,46.95250904939961
629,4540,0.398,0.5,0.3750662104696918,0.581807251642384,13,35,4,1,24,35,4,10,0.6390649419268749,51.48021047869178
629,4541,0.38,0.546,0.38153514673104516,0.5834605754899688,13,35,4,1,25,35,4,10,0.6652187610102409,55.16321429220441
629,4542,0.373,0.591,0.381213512311979,0.5808290541149441,13,35,4,1,26,35,4,10,0.6988633628972118,57.74259693902862
629,4543,0.376,0.637,0.37998566975733317,0.5763441342775839,13,35,4,1,27,35,4,10,0.7396925036797385,59.44805394312041
629,4544,0.388,0.682,0.3612678150763401,0.5639011234663517,13,35,4,1,28,35,4,10,0.7846451427237666,60.36380484429654
629,4545,0.403,0.728,0.326593342834421,0.5439345246851444,13,35,4,1,29,35,4,10,0.8321015563018735,61.032339353935974
629,4546,0.421,0.773,0.2859165221639395,0.5196121441218299,13,35,4,1,30,35,4,10,0.8802102021676413,61.42590540817904
629,4547,0.449,0.818,0.22862778792136895,0.4851712517085274,13,35,4,1,31,35,4,10,0.9331264651696467,61.23762748739963
629,4548,0.497,0.864,0.15389645447399636,0.44276973490455895,13,35,4,1,32,35,4,10,0.9967472096775591,60.09113172813803
629,4549,0.583,0.91,0.07778187855625585,0.39265962191415715,13,35,4,1,33,35,4,10,1.0807353977732015,57.35396483983484
629,4550,0.732,0.955,0.016347127768288394,0.3344954350880399,13,35,4,1,34,35,4,10,1.2032659722604973,52.530118616020935
629,4554,1,1,0,0.2928932188134524,13,35,4,1,10,13,7,10,1.4142135623730951,45
629,4555,1,1,0,0.2928932188134524,13,35,4,1,11,13,7,10,1.4142135623730951,45
629,4556,1,1,0,0.2928932188134524,13,35,4,1,12,13,7,10,1.4142135623730951,45
629,4557,1,0.96,1.491295376077062e-7,0.2928939942856891,13,35,4,1,10,14,7,10,1.3862178760930766,43.830860672092584
629,4558,1,0.959,2.405242799374818e-7,0.2928959202178718,13,35,4,1,11,14,7,10,1.385525532063556,43.80102906682782
629,4559,1,0.957,3.78691315638946e-7,0.29290751815032445,13,35,4,1,12,14,7,10,1.3841419724869266,43.7412763666856
629,4560,1,0.955,5.909867092368515e-7,0.2930035454372749,13,35,4,1,13,14,7,10,1.3827599213167845,43.681404157171436
629,4561,1,0.92,6.857008622240812e-6,0.2929313521901491,13,35,4,1,10,15,7,10,1.3588230201170424,42.61405596961119
629,4562,1,0.917,9.849392045624406e-6,0.2929826621489051,13,35,4,1,11,15,7,10,1.3567936468011634,42.52082345847564
629,4563,1,0.913,1.4131233460390469e-5,0.2931386052875363,13,35,4,1,12,15,7,10,1.3540934236602733,42.39607920836728
629,4564,1,0.91,2.025603531230491e-5,0.29355717697383865,13,35,4,1,13,15,7,10,1.3520724832641184,42.3021943666837
629,4565,1,0.955,2.7477120637886543e-5,0.2941520462330537,13,35,4,1,14,15,7,10,1.3827599213167845,43.681404157171436
629,4566,1,0.88,6.624164906809948e-5,0.2931832071105366,13,35,4,1,10,16,7,10,1.332066064427737,41.34777721969367
629,4567,1,0.875,8.635197040451903e-5,0.29344418401956796,13,35,4,1,11,16,7,10,1.3287682265918312,41.18592516570965
629,4568,1,0.87,1.1366344565399977e-4,0.2939971762410568,13,35,4,1,12,16,7,10,1.3254810447531868,41.023269024922435
629,4569,0.999,0.864,1.4853522844837652e-4,0.2949682236547472,13,35,4,1,13,16,7,10,1.320794079332581,40.85537625889571
629,4570,0.999,0.91,1.9311576233282945e-4,0.2961307757932127,13,35,4,1,14,16,7,10,1.3513330455516879,42.33073093011519
629,4571,0.998,0.955,2.1385350832636707e-4,0.29680218503381206,13,35,4,1,15,16,7,10,1.3813142292758733,43.738699167651745
629,4572,1,0.84,2.9474698031051183e-4,0.29397164992919644,13,35,4,1,10,17,7,10,1.3059862173851606,40.0302592718897
629,4573,0.999,0.834,3.7557647746899736e-4,0.2946575993095437,13,35,4,1,11,17,7,10,1.3013673578202274,39.85630524032165
629,4574,0.999,0.826,4.768987918676304e-4,0.29577574472349133,13,35,4,1,12,17,7,10,1.2962549903471923,39.58485553044823
629,4575,0.998,0.818,6.006838469841957e-4,0.29733552420797227,13,35,4,1,13,17,7,10,1.2903983880957075,39.33939226269854
629,4576,0.997,0.864,7.68545013428712e-4,0.2992621313349837,13,35,4,1,14,17,7,10,1.3192820016963773,40.91219527258994
629,4577,0.995,0.909,9.302766027858844e-4,0.3009738584461088,13,35,4,1,15,17,7,10,1.3477039734303673,42.41381815999662
629,4578,0.992,0.955,8.662271570955005e-4,0.30124646679972966,13,35,4,1,16,17,7,10,1.3769854755951494,43.91130523841521
629,4579,0.999,0.8,9.154623989673372e-4,0.2956162834670203,13,35,4,1,10,18,7,10,1.2798441311347253,38.687774465176346
629,4580,0.998,0.792,0.0011288138198708442,0.29688330419339626,13,35,4,1,11,18,7,10,1.2740753509898854,38.43506499089726
629,4581,0.998,0.783,0.001387222015154399,0.2986582989589319,13,35,4,1,12,18,7,10,1.2685002956247193,38.11663626995281
629,4582,0.997,0.773,0.0017138447327761375,0.3009733136261513,13,35,4,1,13,18,7,10,1.2615617305546327,37.78735113118806
629,4583,0.995,0.818,0.0021207624332439945,0.3037699122389358,13,35,4,1,14,18,7,10,1.2880795782869938,39.42398456437962
629,4584,0.992,0.864,0.0025706411145204333,0.30644343113294237,13,35,4,1,15,18,7,10,1.3155075066300457,41.05481377096244
629,4585,0.987,0.91,0.0028321556013284344,0.30810696765277457,13,35,4,1,16,18,7,10,1.3424861265577384,42.67561702905185
629,4586,0.981,0.955,0.0023487404385514887,0.3070034802014011,13,35,4,1,17,18,7,10,1.3690821743051071,44.23057814167079
629,4587,0.998,0.76,0.002198745396328028,0.2983503400279094,13,35,4,1,10,19,7,10,1.2544337367912264,37.29010788221107
629,4588,0.997,0.75,0.002646958415985168,0.3002968712221713,13,35,4,1,11,19,7,10,1.2476012984924312,36.952562227091214
629,4589,0.996,0.739,0.003190260822334423,0.30282623166984934,13,35,4,1,12,19,7,10,1.2402165133556318,36.57422780720157
629,4590,0.994,0.728,0.003874585935534469,0.30600418438462007,13,35,4,1,13,19,7,10,1.2320795428867406,36.21883726561453
629,4591,0.991,0.773,0.0047472436356139625,0.3096921359216904,13,35,4,1,14,19,7,10,1.2568253657529354,37.954949795286474
629,4592,0.987,0.819,0.005759765300799025,0.3133777524561949,13,35,4,1,15,19,7,10,1.2825482447066074,39.68545433005525
629,4593,0.981,0.864,0.006593240201296036,0.31635636253126365,13,35,4,1,16,19,7,10,1.3072325730335823,41.37146784456358
629,4594,0.972,0.91,0.006583364808113057,0.31732997355930737,13,35,4,1,17,19,7,10,1.3314969019866325,43.113148743282466
629,4595,0.962,0.955,0.0046718007707371445,0.3134808784954993,13,35,4,1,18,19,7,10,1.355532736602108,44.790783164310575
629,4596,0.996,0.72,0.004490503211525665,0.3023071833060623,13,35,4,1,10,20,7,10,1.2289898290872874,35.862848985861284
629,4597,0.994,0.708,0.005342462876528176,0.3050022782619781,13,35,4,1,11,20,7,10,1.2203687967167958,35.46126891050555
629,4598,0.992,0.696,0.006357545248127816,0.30836228536105637,13,35,4,1,12,20,7,10,1.2118085657396551,35.0539950575827
629,4599,0.99,0.682,0.007538277636733426,0.3124462812518063,13,35,4,1,13,20,7,10,1.2021746961236541,34.562524648881826
629,4600,0.986,0.727,0.00889167946345315,0.31704500370406585,13,35,4,1,14,20,7,10,1.2250408156465644,36.40218738580551
629,4601,0.98,0.773,0.010353662549934972,0.3216430405017827,13,35,4,1,15,20,7,10,1.248170260821816,38.2655116917397
629,4602,0.972,0.819,0.011683234848315904,0.3253430441910421,13,35,4,1,16,20,7,10,1.2710409120087363,40.117240436166945
629,4603,0.962,0.864,0.012303195012733137,0.3270050363038871,13,35,4,1,17,20,7,10,1.2930351890029907,41.92792739216212
629,4604,0.949,0.909,0.011247858164482705,0.32532486929327986,13,35,4,1,18,20,7,10,1.314108823499789,43.766696873896876
629,4605,0.934,0.955,0.007853415148481702,0.3199521126862993,13,35,4,1,19,20,7,10,1.3358072465741455,45.63693054851268
629,4606,0.993,0.68,0.007996018043738506,0.30747266803941564,13,35,4,1,10,21,7,10,1.2035152678715797,34.40309181091784
629,4607,0.99,0.667,0.009218084157320283,0.31093464715979513,13,35,4,1,11,21,7,10,1.1937290312294495,33.969621852620115
629,4608,0.988,0.652,0.010620604513293719,0.3151189335119988,13,35,4,1,12,21,7,10,1.183743215397664,33.4215794278826
629,4609,0.984,0.637,0.012284345684476117,0.3200332495749313,13,35,4,1,13,21,7,10,1.1721881248332113,32.917312815270506
629,4610,0.979,0.682,0.01430467903178767,0.3253885373542369,13,35,4,1,14,21,7,10,1.193132431878373,34.86219614691487
629,4611,0.971,0.727,0.01671391221574936,0.33063389887628847,13,35,4,1,15,21,7,10,1.213000412201084,36.82266288365693
629,4612,0.962,0.773,0.019277086954272438,0.335059525703408,13,35,4,1,16,21,7,10,1.2340879223134793,38.78307157337892
629,4613,0.949,0.818,0.021308146626109026,0.3382669966421189,13,35,4,1,17,21,7,10,1.2528866668617715,40.76002204990584
629,4614,0.934,0.864,0.021829456746329523,0.33910864461624346,13,35,4,1,18,21,7,10,1.2723411492206012,42.770478281984246
629,4615,0.916,0.909,0.020484469481683254,0.3380201782959271,13,35,4,1,19,21,7,10,1.2904793682969131,44.780236443964036
629,4616,0.896,0.955,0.014888238384533348,0.33143006476729253,13,35,4,1,20,21,7,10,1.3095193774816773,46.82566550471934
629,4617,0.988,0.64,0.012445147475405038,0.31378788099186183,13,35,4,1,10,22,7,10,1.1771762824657996,32.93408791778863
629,4618,0.985,0.625,0.01421159651169901,0.318023183116096,13,35,4,1,11,22,7,10,1.1665547565373862,32.395852716238174
629,4619,0.982,0.609,0.016372357774119273,0.32302896080680366,13,35,4,1,12,22,7,10,1.155510709599872,31.805655586529653
629,4620,0.977,0.591,0.01906531716935833,0.32877581622439644,13,35,4,1,13,22,7,10,1.1418449982375016,31.170288937068825
629,4621,0.97,0.637,0.022385077094463912,0.334984147378126,13,35,4,1,14,22,7,10,1.160460684383577,33.29294730641494
629,4622,0.961,0.682,0.026392503031665182,0.3412525803225639,13,35,4,1,15,22,7,10,1.1784078241423892,35.36246188706906
629,4623,0.949,0.728,0.031038189994181398,0.347232819222107,13,35,4,1,16,22,7,10,1.1960706500871927,37.49265333305034
629,4624,0.934,0.773,0.035430428394775726,0.35248607643918695,13,35,4,1,17,22,7,10,1.2123881391699607,39.61194368021906
629,4625,0.916,0.818,0.037650470951807624,0.3557438874028337,13,35,4,1,18,22,7,10,1.2280798019672825,41.76527135380626
629,4626,0.896,0.864,0.038200410229431436,0.3572719187607857,13,35,4,1,19,22,7,10,1.2447136216817103,43.958373323990024
629,4627,0.874,0.91,0.035615263233154115,0.3546197788528055,13,35,4,1,20,22,7,10,1.2617353129717817,46.156035961829076
629,4628,0.85,0.955,0.02510935350866106,0.34424450504299475,13,35,4,1,21,22,7,10,1.2784854320640497,48.329243533546844
629,4629,0.983,0.6,0.018584843370974546,0.32136166319632753,13,35,4,1,10,23,7,10,1.1516462130359306,31.398905984371073
629,4630,0.979,0.583,0.021358320290943977,0.32645306077787806,13,35,4,1,11,23,7,10,1.1394428463069133,30.774036101248207
629,4631,0.974,0.565,0.024761038339121244,0.33240861834903357,13,35,4,1,12,23,7,10,1.1260111011886162,30.117254440338876
629,4632,0.967,0.546,0.02901442885651273,0.3392128513488649,13,35,4,1,13,23,7,10,1.1104976361973942,29.450501461580252
629,4633,0.959,0.591,0.03436781325909688,0.3466731637027668,13,35,4,1,14,23,7,10,1.1264821347895402,31.644155545967912
629,4634,0.948,0.636,0.040703725007776415,0.3545463980871375,13,35,4,1,15,23,7,10,1.1415778554264269,33.85711014166069
629,4635,0.933,0.682,0.047491616867883946,0.3625133141532956,13,35,4,1,16,23,7,10,1.1556872414282335,36.165883174541825
629,4636,0.916,0.727,0.05431740149478581,0.36965506759413,13,35,4,1,17,23,7,10,1.1694378991635255,38.437910644771
629,4637,0.896,0.773,0.060140393192268715,0.3750872931396654,13,35,4,1,18,23,7,10,1.18336173674832,40.78510265632565
629,4638,0.874,0.818,0.06450597664197844,0.3794292412719181,13,35,4,1,19,23,7,10,1.1970797801316335,43.10437774138525
629,4639,0.849,0.864,0.06432752344022763,0.3801286095300077,13,35,4,1,20,23,7,10,1.2113203539939383,45.50170153370043
629,4640,0.823,0.909,0.05659306434249467,0.374301367135904,13,35,4,1,21,23,7,10,1.2262177620634926,47.84260595966041
629,4641,0.796,0.955,0.03602348882994999,0.3557638879432765,13,35,4,1,22,23,7,10,1.243238110741462,50.18852820955659
629,4642,0.976,0.56,0.02725520488305866,0.3304878213199868,13,35,4,1,10,24,7,10,1.1252448622411035,29.845931949687408
629,4643,0.971,0.542,0.0314654166625441,0.33661901136132233,13,35,4,1,11,24,7,10,1.1120274277192987,29.169705955662515
629,4644,0.964,0.522,0.03669714200702312,0.34377887862872547,13,35,4,1,12,24,7,10,1.0962572690751016,28.435269272826453
629,4645,0.956,0.5,0.04305124500829627,0.3519914957206377,13,35,4,1,13,24,7,10,1.0788586561732727,27.61013190297003
629,4646,0.946,0.546,0.050593725766833075,0.36113340479547695,13,35,4,1,14,24,7,10,1.0922600422976207,29.992124779489266
629,4647,0.932,0.591,0.05975422351922255,0.37096451204012926,13,35,4,1,15,24,7,10,1.1035873322940963,32.37960831653028
629,4648,0.916,0.637,0.07036090849297372,0.38090744537817023,13,35,4,1,16,24,7,10,1.1157172580900594,34.81532476491833
629,4649,0.896,0.682,0.08055524179550111,0.3897924194546878,13,35,4,1,17,24,7,10,1.126028418824321,37.27696560663375
629,4650,0.873,0.727,0.08888902301689938,0.39730248932454637,13,35,4,1,18,24,7,10,1.1360713005793255,39.7861991400518
629,4651,0.848,0.773,0.09609202942751083,0.40345238437375186,13,35,4,1,19,24,7,10,1.1474462950395543,42.350943205308354
629,4652,0.821,0.819,0.09807760183842928,0.4052618472298155,13,35,4,1,20,24,7,10,1.15965598347096,44.93012713279331
629,4653,0.793,0.864,0.09126801793886663,0.4010570464336144,13,35,4,1,21,24,7,10,1.1727510392235856,47.45353860825932
629,4654,0.765,0.909,0.07022437784531932,0.38558307336083264,13,35,4,1,22,24,7,10,1.1880681798617452,49.91656600601002
629,4655,0.738,0.955,0.0374339027703543,0.3574706147836646,13,35,4,1,23,24,7,10,1.2069254326593668,52.30405206580886
629,4656,0.967,0.52,0.03914666186656601,0.34147383660593544,13,35,4,1,10,25,7,10,1.0979476308094116,28.268946379624413
629,4657,0.961,0.5,0.0452073239194033,0.3488679445356797,13,35,4,1,11,25,7,10,1.0832917427913868,27.487570707343835
629,4658,0.953,0.478,0.05244746010723644,0.357493928874449,13,35,4,1,12,25,7,10,1.066158055824745,26.637151532702557
629,4659,0.943,0.455,0.06136942520010491,0.3673858608756341,13,35,4,1,13,25,7,10,1.0470310406095895,25.757432424563255
629,4660,0.93,0.5,0.07238799575523835,0.3783871395107644,13,35,4,1,14,25,7,10,1.0558882516630252,28.26400414852393
629,4661,0.915,0.546,0.08510413055972588,0.39007308716141775,13,35,4,1,15,25,7,10,1.0655238148441357,30.825428023644204
629,4662,0.896,0.591,0.09833405387452376,0.40152783965536865,13,35,4,1,16,25,7,10,1.073357815455778,33.40877267733503
629,4663,0.873,0.637,0.11096711383125901,0.41158583934015947,13,35,4,1,17,25,7,10,1.0806932959910502,36.11702586849059
629,4664,0.848,0.682,0.1217712809121616,0.42012612900640667,13,35,4,1,18,25,7,10,1.0882224037392356,38.80781654014005
629,4665,0.821,0.727,0.1296458230063805,0.4264251254625212,13,35,4,1,19,25,7,10,1.0966175267612677,41.525065820746036
629,4666,0.792,0.773,0.1308059621533042,0.4279890138786804,13,35,4,1,20,25,7,10,1.1067036640401982,44.30443045987619
629,4667,0.762,0.818,0.12273069821377902,0.42256137823092366,13,35,4,1,21,25,7,10,1.1179302303811272,47.02988678631053
629,4668,0.732,0.864,0.09943746772385842,0.4069240069158918,13,35,4,1,22,25,7,10,1.1323956905605037,49.7279878188422
629,4669,0.704,0.91,0.06337458110060434,0.3805634962716373,13,35,4,1,23,25,7,10,1.1505285741779732,52.273518570375316
629,4670,0.678,0.955,0.0281504246943437,0.34719755356066984,13,35,4,1,24,25,7,10,1.1711998121584548,54.62724260673901
629,4671,0.957,0.48,0.05441133178864477,0.35437933232930674,13,35,4,1,10,26,7,10,1.0706301882536284,26.636850361942386
629,4672,0.949,0.458,0.06265448535136109,0.3631780384220973,13,35,4,1,11,26,7,10,1.0537385823817973,25.76257363509548
629,4673,0.939,0.435,0.0727672176831049,0.37336850727915405,13,35,4,1,12,26,7,10,1.034865208614146,24.8563453042129
629,4674,0.927,0.409,0.08494775287318235,0.38491652588735525,13,35,4,1,13,26,7,10,1.0132176469051455,23.807465197460704
629,4675,0.913,0.454,0.09874571967287582,0.3975033540783852,13,35,4,1,14,26,7,10,1.019649449565879,26.43940273921631
629,4676,0.895,0.5,0.11387042800028835,0.410413231115591,13,35,4,1,15,26,7,10,1.025195103382766,29.190311518239078
629,4677,0.873,0.546,0.12928277089738716,0.4224917798819604,13,35,4,1,16,26,7,10,1.0296819897424643,32.02307801280602
629,4678,0.848,0.591,0.14281654608704653,0.43272963121193286,13,35,4,1,17,26,7,10,1.0336271087776288,34.87395028029975
629,4679,0.821,0.636,0.15354936577283984,0.44099004556320487,13,35,4,1,18,26,7,10,1.03852635980027,37.76369226764428
629,4680,0.791,0.682,0.16092214655944714,0.4461768105772418,13,35,4,1,19,26,7,10,1.0444161048164664,40.767903566447096
629,4681,0.76,0.727,0.1596255788942763,0.4461415952134976,13,35,4,1,20,26,7,10,1.051726675519833,43.72868163016424
629,4682,0.728,0.773,0.14595195785621295,0.4384015162788293,13,35,4,1,21,26,7,10,1.0618441505230416,46.71721387852492
629,4683,0.698,0.818,0.11962555799571883,0.42083209276007827,13,35,4,1,22,26,7,10,1.0753269270319608,49.52584930095489
629,4684,0.669,0.864,0.08571178813881974,0.39677807362012274,13,35,4,1,23,26,7,10,1.0927291521690083,52.24918230324218
629,4685,0.643,0.909,0.05365546907343277,0.3718680529426682,13,35,4,1,24,26,7,10,1.1134316323870093,54.725529199534925
629,4686,0.62,0.955,0.030566420194572896,0.3501648771478062,13,35,4,1,25,26,7,10,1.1386066045829877,57.00777591273486
629,4687,0.945,0.44,0.07336681714884741,0.3688855534339853,13,35,4,1,10,27,7,10,1.0424130659196478,24.967085510774456
629,4688,0.935,0.416,0.08434299221358654,0.37905094467765577,13,35,4,1,11,27,7,10,1.0233674804291957,23.985227649647147
629,4689,0.924,0.391,0.09705998409643735,0.3906410425789907,13,35,4,1,12,27,7,10,1.0033229789055966,22.936146035430408
629,4690,0.91,0.364,0.11142703690236488,0.40347181715223024,13,35,4,1,13,27,7,10,0.9800999948984798,21.80140948635181
629,4691,0.893,0.409,0.12734253708973642,0.41699307135469377,13,35,4,1,14,27,7,10,0.9822066992237428,24.608097953151024
629,4692,0.872,0.454,0.14391094865094245,0.4302423830780704,13,35,4,1,15,27,7,10,0.9831073186585481,27.503387688831904
629,4693,0.848,0.5,0.1593400503127117,0.44203251273497,13,35,4,1,16,27,7,10,0.9844308000057698,30.524564036938578
629,4694,0.821,0.546,0.1723072553539361,0.4516002488306021,13,35,4,1,17,27,7,10,0.9859802229253891,33.625599728135754
629,4695,0.791,0.591,0.18211715034099285,0.4587773785994945,13,35,4,1,18,27,7,10,0.9874016406711101,36.76544930790603
629,4696,0.759,0.636,0.1863851053454375,0.462400835916569,13,35,4,1,19,27,7,10,0.9902408797863276,39.961144975480934
629,4697,0.726,0.682,0.18169624590575495,0.4606481268347764,13,35,4,1,20,27,7,10,0.9960923651951159,43.21008939175394
629,4698,0.693,0.727,0.16683300446354254,0.451501604201905,13,35,4,1,21,27,7,10,1.0043794103823513,46.37160870319119
629,4699,0.662,0.773,0.14084912801187144,0.4346228859551067,13,35,4,1,22,27,7,10,1.017729335334302,49.42313070980411
629,4700,0.633,0.818,0.1107797585787037,0.41372995975932625,13,35,4,1,23,27,7,10,1.0343176494675124,52.265911308339405
629,4701,0.607,0.864,0.08549783019915869,0.39628470292265927,13,35,4,1,24,27,7,10,1.055909560521165,54.910182771016146
629,4702,0.586,0.909,0.06512065836157332,0.38152587030503726,13,35,4,1,25,27,7,10,1.0815160655302352,57.1915624939145
629,4703,0.569,0.955,0.03681535983875106,0.3565133718071466,13,35,4,1,26,27,7,10,1.1116591204141673,59.21302716954149
629,4704,0.931,0.4,0.09562649189608385,0.38442861465120093,13,35,4,1,10,28,7,10,1.01329215925122,23.2505628275772
629,4705,0.919,0.375,0.10855341190712753,0.39574714616956674,13,35,4,1,11,28,7,10,0.9925653630869858,22.198025011342
629,4706,0.906,0.348,0.1231003622342437,0.40837079020118483,13,35,4,1,12,28,7,10,0.9705359344197411,21.012080144041185
629,4707,0.89,0.318,0.13909176553541325,0.4219348726743498,13,35,4,1,13,28,7,10,0.9451052851402324,19.66198004084706
629,4708,0.87,0.364,0.15570870048935626,0.4356938438645708,13,35,4,1,14,28,7,10,0.9430779395150753,22.703985934190733
629,4709,0.847,0.409,0.1719392720192291,0.4485937912412855,13,35,4,1,15,28,7,10,0.9405796085393304,25.775002533975123
629,4710,0.821,0.455,0.1867186024087808,0.4596063735744458,13,35,4,1,16,28,7,10,0.9386511599097931,28.995316268920515
629,4711,0.791,0.5,0.1980824055702699,0.468246403379067,13,35,4,1,17,28,7,10,0.935778285706609,32.29744117672002
629,4712,0.759,0.546,0.20564057196266194,0.4743733732371621,13,35,4,1,18,28,7,10,0.9349850266180738,35.73001650089106
629,4713,0.725,0.591,0.20839405437039848,0.47695500930389656,13,35,4,1,19,28,7,10,0.9353641002304931,39.18596943099673
629,4714,0.69,0.637,0.2043685126102316,0.4745521692562641,13,35,4,1,20,28,7,10,0.9390788039350052,42.71283860184467
629,4715,0.656,0.682,0.19058128208534852,0.4657264775314911,13,35,4,1,21,28,7,10,0.9462874827450695,46.11323079700238
629,4716,0.625,0.727,0.16788918745798354,0.4507282111026407,13,35,4,1,22,28,7,10,0.9587251952462708,49.31443738388932
629,4717,0.596,0.773,0.13959860094762788,0.43276776513714976,13,35,4,1,23,28,7,10,0.9760865740291688,52.36698648346965
629,4718,0.571,0.819,0.11722221152950962,0.4189305389407948,13,35,4,1,24,28,7,10,0.9983997195512426,55.11611152904023
629,4719,0.551,0.864,0.09924768347154211,0.4067913644382152,13,35,4,1,25,28,7,10,1.0247424066564241,57.473060018213424
629,4720,0.537,0.91,0.0730411321750144,0.3875030951056936,13,35,4,1,26,28,7,10,1.0566309667996676,59.45472492058935
629,4721,0.528,0.955,0.041006254153780564,0.3603723343042664,13,35,4,1,27,28,7,10,1.0912419530058401,61.06269016775591
629,4722,0.915,0.36,0.11931497533046898,0.40044148635308086,13,35,4,1,10,29,7,10,0.9832725969943432,21.476790979540382
629,4723,0.902,0.333,0.13372130164602192,0.4126142643684514,13,35,4,1,11,29,7,10,0.961505590207358,20.26311743224523
629,4724,0.886,0.304,0.14938264923860334,0.4258630991509006,13,35,4,1,12,29,7,10,0.9367027276569659,18.937869825133234
629,4725,0.868,0.273,0.16556231657037457,0.43967541810411537,13,35,4,1,13,29,7,10,0.9099192271844793,17.45920263562721
629,4726,0.846,0.318,0.18178668681834487,0.4532144351989328,13,35,4,1,14,29,7,10,0.9037920114716659,20.600564075824874
629,4727,0.821,0.363,0.19737420403952155,0.4654927112192426,13,35,4,1,15,29,7,10,0.8976692041058332,23.852317381854338
629,4728,0.791,0.409,0.2106813934308046,0.47573765216046315,13,35,4,1,16,29,7,10,0.8904841379833781,27.341993028587236
629,4729,0.759,0.454,0.22048612840924864,0.4837154432125864,13,35,4,1,17,29,7,10,0.884419018339158,30.885984530857513
629,4730,0.724,0.5,0.22834607656550998,0.4893441345755817,13,35,4,1,18,29,7,10,0.8798727180677897,34.62925847171537
629,4731,0.689,0.545,0.23214453703195026,0.4917515516602772,13,35,4,1,19,29,7,10,0.8784907512319069,38.34404804376264
629,4732,0.653,0.591,0.2306073052618518,0.4897059791890167,13,35,4,1,20,29,7,10,0.8807326495594449,42.146783416181876
629,4733,0.619,0.636,0.21911253321910196,0.4818145847255282,13,35,4,1,21,29,7,10,0.8875004225351107,45.77607066433573
629,4734,0.587,0.682,0.1957885971594414,0.4680003430447647,13,35,4,1,22,29,7,10,0.8998294282807159,49.281296135086485
629,4735,0.559,0.727,0.16885879819685756,0.4520492953403349,13,35,4,1,23,29,7,10,0.917065973635485,52.44283589061004
629,4736,0.536,0.773,0.15079664134530923,0.44100105098570286,13,35,4,1,24,29,7,10,0.9406513700622564,55.26247079071
629,4737,0.518,0.818,0.13544701676493798,0.4312235028876923,13,35,4,1,25,29,7,10,0.968218983494953,57.655889394482024
629,4738,0.506,0.864,0.11344460427907932,0.4161071800198425,13,35,4,1,26,29,7,10,1.0012651996349418,59.64470608997228
629,4739,0.5,0.909,0.08883179938207453,0.39890697821213283,13,35,4,1,27,29,7,10,1.037439636798209,61.18678667174489
629,4740,0.501,0.955,0.055331505356730704,0.3735577730422792,13,35,4,1,28,29,7,10,1.0784368317152377,62.31816715552419
629,4741,0.897,0.32,0.14337353497161154,0.4165200723940472,13,35,4,1,10,30,7,10,0.9523702011297918,19.633589640363272
629,4742,0.882,0.291,0.15849135354036725,0.4292667489737336,13,35,4,1,11,30,7,10,0.9287653094296751,18.25937497152199
629,4743,0.864,0.261,0.1741034685965377,0.4428248675529376,13,35,4,1,12,30,7,10,0.9025613552551427,16.808691626206862
629,4744,0.844,0.227,0.1899467857828403,0.4566014884053349,13,35,4,1,13,30,7,10,0.8739937070711665,15.053879963782805
629,4745,0.819,0.273,0.20560203898783447,0.4697745580023305,13,35,4,1,14,30,7,10,0.8633018012259676,18.434948822922014
629,4746,0.791,0.318,0.22008804596353226,0.48151760999204873,13,35,4,1,15,30,7,10,0.8525285918958965,21.90124955870444
629,4747,0.76,0.364,0.23266629999299915,0.49132068657164785,13,35,4,1,16,30,7,10,0.8426719409117643,25.591968024302655
629,4748,0.725,0.409,0.24353522639784797,0.49914047896842273,13,35,4,1,17,30,7,10,0.8324097548683581,29.42899359578221
629,4749,0.689,0.454,0.25324452944030407,0.5049312702290842,13,35,4,1,18,30,7,10,0.8251284748449783,33.381925128103084
629,4750,0.651,0.5,0.2597446779511281,0.5078782396994551,13,35,4,1,19,30,7,10,0.8208538237713218,37.52603407816563
629,4751,0.615,0.546,0.26005510344971594,0.5066513693185455,13,35,4,1,20,30,7,10,0.8223995379376134,41.59882514541465
629,4752,0.58,0.591,0.24788192780952856,0.49951664192092415,13,35,4,1,21,30,7,10,0.8280585728075037,45.53820242314885
629,4753,0.549,0.636,0.22533071896812906,0.486577163922537,13,35,4,1,22,30,7,10,0.8401767671151114,49.19899198271832
629,4754,0.522,0.682,0.20114647362367244,0.47330897166396035,13,35,4,1,23,30,7,10,0.8588410795950553,52.569705054817824
629,4755,0.501,0.727,0.18982527458038867,0.46569089411272624,13,35,4,1,24,30,7,10,0.8829099614343469,55.42797474522539
629,4756,0.485,0.773,0.18091428934468823,0.4586262912979808,13,35,4,1,25,30,7,10,0.9125535600719554,57.894786867070735
629,4757,0.476,0.818,0.16248869073438077,0.44766701530926634,13,35,4,1,26,30,7,10,0.9464142856064673,59.804571401273556
629,4758,0.474,0.864,0.1395736087683006,0.43351979729159285,13,35,4,1,27,30,7,10,0.9854805934162275,61.2503380337904
629,4759,0.478,0.909,0.10529563024032018,0.41114477554582785,13,35,4,1,28,30,7,10,1.027017526627467,62.262246039726996
629,4760,0.487,0.955,0.05524672020355581,0.3731493478784347,13,35,4,1,29,30,7,10,1.0720046641689578,62.98079904734147
629,4761,0.877,0.28,0.16667359324735742,0.43248717090368927,13,35,4,1,10,31,7,10,0.920613382479312,17.706735256828278
629,4762,0.86,0.25,0.18168737315941863,0.4456166356602733,13,35,4,1,11,31,7,10,0.8956003573022958,16.20902492780798
629,4763,0.84,0.217,0.19706820276972525,0.45932294226419745,13,35,4,1,12,31,7,10,0.8675765095943988,14.484733560322967
629,4764,0.817,0.182,0.21246565598766898,0.47300104262228626,13,35,4,1,13,31,7,10,0.8370262839361736,12.558506179739469
629,4765,0.791,0.227,0.22743582429464848,0.485915548058244,13,35,4,1,14,31,7,10,0.8229277003479711,16.012341364798242
629,4766,0.76,0.273,0.24185616823830647,0.49743210974544905,13,35,4,1,15,31,7,10,0.8075450451832392,19.758822453574503
629,4767,0.726,0.318,0.2558685429895692,0.5072647715504167,13,35,4,1,16,31,7,10,0.7925906888173744,23.65421335091024
629,4768,0.689,0.364,0.2688811251639547,0.5154937973568667,13,35,4,1,17,31,7,10,0.7792412976735767,27.84757825978817
629,4769,0.651,0.409,0.2817018481017085,0.5220547502127594,13,35,4,1,18,31,7,10,0.7688185741772893,32.1396761169578
629,4770,0.613,0.454,0.29041682910417266,0.5260405268208297,13,35,4,1,19,31,7,10,0.7628138698267094,36.524384548102034
629,4771,0.575,0.5,0.2906007408126936,0.5257922059329853,13,35,4,1,20,31,7,10,0.7619875327064085,41.00908690157023
629,4772,0.541,0.546,0.2788861690515604,0.5193371923045428,13,35,4,1,21,31,7,10,0.7686332025094935,45.263548185024426
629,4773,0.511,0.591,0.2585169597438377,0.5077941421605665,13,35,4,1,22,31,7,10,0.7812822793331485,49.15211946040441
629,4774,0.485,0.637,0.24241062293453453,0.4977546930558754,13,35,4,1,23,31,7,10,0.800621008967414,52.71502652647932
629,4775,0.466,0.682,0.23715823602871278,0.4928649455907579,13,35,4,1,24,31,7,10,0.8260024213039573,55.655811632007655
629,4776,0.454,0.727,0.22785283208598395,0.4867211652123884,13,35,4,1,25,31,7,10,0.857114344763871,58.01587419120571
629,4777,0.449,0.773,0.20853603168087742,0.4762318042181143,13,35,4,1,26,31,7,10,0.893940713917875,59.84967455417399
629,4778,0.45,0.818,0.186505223941272,0.46324130547643627,13,35,4,1,27,31,7,10,0.9336080548067267,61.18382889622499
629,4779,0.457,0.864,0.15551450065788963,0.44351370677937607,13,35,4,1,28,31,7,10,0.9774175157014529,62.1240613682896
629,4780,0.469,0.91,0.11272065895595273,0.4160043172672052,13,35,4,1,29,31,7,10,1.0237485042724117,62.73411797265961
629,4781,0.484,0.955,0.06579535075611365,0.38160409731038014,13,35,4,1,30,31,7,10,1.0706451326186468,63.12382191708036
629,4782,0.856,0.24,0.1885642569090411,0.44836912399957873,13,35,4,1,10,32,7,10,0.8890084364054145,15.66210634532605
629,4783,0.836,0.208,0.20347267928589208,0.46180449883967856,13,35,4,1,11,32,7,10,0.8614870863802893,13.971721220974871
629,4784,0.814,0.174,0.21857467885745185,0.4756517068979915,13,35,4,1,12,32,7,10,0.8323893319835376,12.065912082211378
629,4785,0.789,0.136,0.23362020435208375,0.489344438527786,13,35,4,1,13,32,7,10,0.8006353726884667,9.779975225878902
629,4786,0.76,0.182,0.24895012190381383,0.5022689356519942,13,35,4,1,14,32,7,10,0.7814883236491765,13.467216570273186
629,4787,0.727,0.227,0.2651149182785403,0.5139754939256854,13,35,4,1,15,32,7,10,0.7616153884999961,17.340561227835256
629,4788,0.691,0.273,0.2812622444023686,0.5243497757441662,13,35,4,1,16,32,7,10,0.7429737545835653,21.557964749972097
629,4789,0.652,0.318,0.297541908264881,0.5335297488746027,13,35,4,1,17,32,7,10,0.7254157428674953,25.999883026945668
629,4790,0.612,0.364,0.3130286316776847,0.541353018780414,13,35,4,1,18,32,7,10,0.7120674125390095,30.74296464034994
629,4791,0.573,0.409,0.3230893781852038,0.5466606982014741,13,35,4,1,19,32,7,10,0.7039957386234663,35.518755804712136
629,4792,0.535,0.455,0.3243893763311916,0.5473571441665044,13,35,4,1,20,32,7,10,0.7023175919767353,40.38007651833961
629,4793,0.502,0.5,0.3141130839070485,0.5415608379631727,13,35,4,1,21,32,7,10,0.7085224061382956,44.88563731851586
629,4794,0.473,0.546,0.2985231862059554,0.5316667373929944,13,35,4,1,22,32,7,10,0.722388399685377,49.097604180493136
629,4795,0.45,0.591,0.28817531265911633,0.5242512196694628,13,35,4,1,23,32,7,10,0.7428196281736233,52.71358140772113
629,4796,0.434,0.637,0.28350351238444804,0.5205255644311797,13,35,4,1,24,32,7,10,0.7707950440940834,55.73266455665579
629,4797,0.425,0.682,0.27143346062844986,0.5143325681035165,13,35,4,1,25,32,7,10,0.8035850919473309,58.070194876973545
629,4798,0.423,0.728,0.2562358183983837,0.5050825626790497,13,35,4,1,26,32,7,10,0.8419697144197053,59.8415293640888
629,4799,0.428,0.773,0.2400373415868392,0.4945578793150698,13,35,4,1,27,32,7,10,0.8835796511916738,61.02727395155923
629,4800,0.438,0.819,0.20972780829246662,0.4768401144712566,13,35,4,1,28,32,7,10,0.9287653094296751,61.86219394422561
629,4801,0.452,0.864,0.17430472063222224,0.45505567568153826,13,35,4,1,29,32,7,10,0.9750897394599125,62.38376807337826
629,4802,0.468,0.91,0.13218504753577043,0.4288142833845695,13,35,4,1,30,32,7,10,1.0232907700160303,62.78388844269253
629,4803,0.485,0.955,0.07459819148850044,0.3888209004345915,13,35,4,1,31,32,7,10,1.0710975679180679,63.07610729657327
629,4804,0.832,0.2,0.2093671885632592,0.46433693854447167,13,35,4,1,10,33,7,10,0.8557008823181147,13.516568108791322
629,4805,0.811,0.166,0.22417341089944431,0.47810918493301036,13,35,4,1,11,33,7,10,0.8278145927682117,11.56783639688166
629,4806,0.787,0.13,0.23919420607391761,0.49221344353475804,13,35,4,1,12,33,7,10,0.7976647165319525,9.379661412821594
629,4807,0.759,0.091,0.25482871753957315,0.5061528676103126,13,35,4,1,13,33,7,10,0.7644357396145212,6.836819985853417
629,4808,0.727,0.136,0.2720447654936261,0.5194442974677087,13,35,4,1,14,33,7,10,0.7396113844445608,10.595861349153745
629,4809,0.692,0.182,0.290520159392895,0.5317975594293465,13,35,4,1,15,33,7,10,0.7155333674958841,14.73541149501014
629,4810,0.654,0.227,0.3097190860699446,0.5432158907021458,13,35,4,1,16,33,7,10,0.692275234281857,19.141622008181308
629,4811,0.613,0.273,0.3291867360333287,0.5538259875780535,13,35,4,1,17,33,7,10,0.6710424725753207,24.005835750627387
629,4812,0.572,0.318,0.34670201354072727,0.5632674493724,13,35,4,1,18,33,7,10,0.6544524428864178,29.0716108600835
629,4813,0.532,0.363,0.35934019933542494,0.5699846848270536,13,35,4,1,19,33,7,10,0.6440442531379347,34.3069233159489
629,4814,0.495,0.409,0.3623241458335875,0.5714663692108335,13,35,4,1,20,33,7,10,0.6421105823765871,39.56564998813261
629,4815,0.462,0.454,0.3544282293399399,0.5662878743994043,13,35,4,1,21,33,7,10,0.6477345135161473,44.49961290120777
629,4816,0.435,0.5,0.34046028943719364,0.5580025942631737,13,35,4,1,22,33,7,10,0.6627405223765934,48.976730975077565
629,4817,0.415,0.546,0.3330933662300084,0.5525421421563848,13,35,4,1,23,33,7,10,0.6858141147570528,52.762505429640946
629,4818,0.402,0.591,0.3298073548102456,0.5495474704182566,13,35,4,1,24,33,7,10,0.7147621982170014,55.776343434806115
629,4819,0.397,0.636,0.320671122644696,0.5441742859883036,13,35,4,1,25,33,7,10,0.7497366204207982,58.02701932176515
629,4820,0.399,0.682,0.3099817772432665,0.5370728374359819,13,35,4,1,26,33,7,10,0.7901423922306663,59.6704881823526
629,4821,0.407,0.727,0.2972116239871361,0.5278148444701343,13,35,4,1,27,33,7,10,0.8331734513293135,60.75837373623962
629,4822,0.42,0.773,0.2685308352554151,0.5107491615777464,13,35,4,1,28,33,7,10,0.8797323456597467,61.48310135322682
629,4823,0.436,0.819,0.23528343613547975,0.4908855150744562,13,35,4,1,29,33,7,10,0.9278237979271711,61.97110332735026
629,4824,0.453,0.864,0.18901464344019392,0.4643269027452681,13,35,4,1,30,33,7,10,0.9755536889377232,62.331727667800784
629,4825,0.473,0.909,0.12724540291713637,0.4257285502222675,13,35,4,1,31,33,7,10,1.0246999560847068,62.50969366899281
629,4826,0.503,0.955,0.06156510078384925,0.37812550428732494,13,35,4,1,32,33,7,10,1.079367407327088,62.224153230897066
629,4827,0.806,0.16,0.22940512618005937,0.480651204903921,13,35,4,1,10,34,7,10,0.8217274487322423,11.227886067790894
629,4828,0.783,0.125,0.24434779277861352,0.4948806052792163,13,35,4,1,11,34,7,10,0.7929148756329395,9.070298318563957
629,4829,0.757,0.087,0.2600946696688139,0.5094484738450757,13,35,4,1,12,34,7,10,0.76198293944156,6.556087864293424
629,4830,0.727,0.045,0.27761264634495075,0.5239425156403195,13,35,4,1,13,34,7,10,0.7283913783125113,3.541987333073203
629,4831,0.693,0.091,0.297203526915499,0.5380044691909038,13,35,4,1,14,34,7,10,0.6989492113165304,7.480886179523676
629,4832,0.656,0.136,0.3187949631119993,0.55147202114959,13,35,4,1,15,34,7,10,0.6699492518094188,11.712472311087508
629,4833,0.615,0.182,0.3411775938689574,0.5644115903800597,13,35,4,1,16,34,7,10,0.6413649507105919,16.48532729369611
629,4834,0.573,0.227,0.36345871798550466,0.5768619307352604,13,35,4,1,17,34,7,10,0.6163262123259078,21.611517571005102
629,4835,0.531,0.273,0.3840228840097635,0.5881522818737193,13,35,4,1,18,34,7,10,0.5970678353420155,27.20879689125337
629,4836,0.491,0.318,0.3992607456198469,0.5962276001720237,13,35,4,1,19,34,7,10,0.5849829057331505,32.9294285608562
629,4837,0.455,0.364,0.40412623935771796,0.5983018807420317,13,35,4,1,20,34,7,10,0.5826843056063893,38.65980825409009
629,4838,0.424,0.409,0.3957685392545126,0.5937184213806205,13,35,4,1,21,34,7,10,0.5891154386026561,43.96837476914493
629,4839,0.399,0.454,0.383348454949234,0.5869352551441422,13,35,4,1,22,34,7,10,0.6044145928086118,48.68922819714363
629,4840,0.382,0.5,0.3809861911521045,0.583033125283662,13,35,4,1,23,34,7,10,0.629224920040521,52.62017245327351
629,4841,0.373,0.546,0.3809043163413247,0.5807709341842795,13,35,4,1,24,34,7,10,0.6612450377885645,55.66105667305134
629,4842,0.372,0.591,0.3751348908283926,0.5763407730287368,13,35,4,1,25,34,7,10,0.6983301511462898,57.811980590554946
629,4843,0.377,0.637,0.368730535523371,0.5699975023546264,13,35,4,1,26,34,7,10,0.7402013239653115,59.381394591090604
629,4844,0.389,0.682,0.35365448720127624,0.55922624755982,13,35,4,1,27,34,7,10,0.7851401148839614,60.300376023434545
629,4845,0.404,0.727,0.31990167476070686,0.5405815552362909,13,35,4,1,28,34,7,10,0.8317120896079363,60.93870481377436
629,4846,0.42,0.773,0.2828974668481261,0.519095959936277,13,35,4,1,29,34,7,10,0.8797323456597467,61.48310135322682
629,4847,0.44,0.818,0.23628733757391818,0.49198256223155146,13,35,4,1,30,34,7,10,0.9288293707673115,61.72431165816921
629,4848,0.467,0.864,0.17694939645610086,0.45620769491063884,13,35,4,1,31,34,7,10,0.9821328830662377,61.608367616951035
629,4849,0.508,0.91,0.11545300901831468,0.4180772092158498,13,35,4,1,32,34,7,10,1.0421919209051662,60.82792102832548
629,4850,0.572,0.955,0.05294738796282117,0.37210313032951703,13,35,4,1,33,34,7,10,1.1131976464222335,59.080378245449815
629,4851,0.779,0.12,0.249188237606926,0.49761032087718904,13,35,4,1,10,35,7,10,0.7881884292477276,8.757215755137878
629,4852,0.754,0.083,0.2649478033333966,0.5124846750029852,13,35,4,1,11,35,7,10,0.7585545464895719,6.281803287946069
629,4853,0.725,0.043,0.2825148135107257,0.5277842050487076,13,35,4,1,12,35,7,10,0.7262740529579726,3.394256155838439
629,4854,0.693,0,0.30236435583686727,0.5431857539494624,13,35,4,1,13,35,7,10,0.693,0
629,4855,0.657,0.045,0.3250457233947389,0.5584422781535041,13,35,4,1,14,35,7,10,0.6585392926773619,3.9182488640673765
629,4856,0.617,0.091,0.3500152086563375,0.5734839837239198,13,35,4,1,15,35,7,10,0.6236745946405065,8.389945377767921
629,4857,0.575,0.136,0.3753545151728487,0.5883817189933439,13,35,4,1,16,35,7,10,0.5908646207042693,13.30714934092834
629,4858,0.532,0.182,0.40134672332244603,0.6029973844373067,13,35,4,1,17,35,7,10,0.5622703975846497,18.88608736970929
629,4859,0.489,0.227,0.42519726854770634,0.6162323743172652,13,35,4,1,18,35,7,10,0.5391196527673611,24.901326172786398
629,4860,0.45,0.273,0.4429386833264346,0.6254824008360987,13,35,4,1,19,35,7,10,0.5263354443698429,31.24379232524569
629,4861,0.415,0.318,0.4466338498151665,0.6278979160971778,13,35,4,1,20,35,7,10,0.5228278875500043,37.461684575960966
629,4862,0.386,0.364,0.4377197538817639,0.6237821807316393,13,35,4,1,21,35,7,10,0.5305581966193719,43.31980559507259
629,4863,0.364,0.409,0.430847315461399,0.6181958895436397,13,35,4,1,22,35,7,10,0.5475189494437612,48.3316990844927
629,4864,0.351,0.455,0.4337384213298521,0.6152985439390478,13,35,4,1,23,35,7,10,0.574652938737809,52.35237935989236
629,4865,0.346,0.5,0.43493928922617564,0.6132279114109682,13,35,4,1,24,35,7,10,0.6080427616541455,55.316765707103166
629,4866,0.348,0.546,0.43207534953527515,0.6086192190413131,13,35,4,1,25,35,7,10,0.6474720071169101,57.488085768948515
629,4867,0.358,0.591,0.42422258672746327,0.6008702141747831,13,35,4,1,26,35,7,10,0.69097395030493,58.794490558658374
629,4868,0.372,0.637,0.4002418564836655,0.5870892036443819,13,35,4,1,27,35,7,10,0.7376672691667971,59.715608223391726
629,4869,0.388,0.682,0.3647989334202473,0.5667210722648099,13,35,4,1,28,35,7,10,0.7846451427237666,60.36380484429654
629,4870,0.406,0.728,0.3293103726065232,0.5439934765726469,13,35,4,1,29,35,7,10,0.833558636209835,60.851928154286945
629,4871,0.431,0.773,0.2800767061533408,0.5147956825570621,13,35,4,1,30,35,7,10,0.8850367224019577,60.85736470228403
629,4872,0.47,0.818,0.20831654222833218,0.4749451744191583,13,35,4,1,31,35,7,10,0.9434108330944689,60.119525473251414
629,4873,0.529,0.864,0.13924866428398963,0.43403385569041963,13,35,4,1,32,35,7,10,1.0130829186201886,58.52217628833123
629,4874,0.621,0.91,0.06675384656041083,0.38250053653420957,13,35,4,1,33,35,7,10,1.1016991422343942,55.68968517326636
629,4875,0.763,0.955,0.014420181696388035,0.3311301193000492,13,35,4,1,34,35,7,10,1.2223722837171989,51.37679310768278
629,4879,1,1,0,0.2928932188134524,13,35,4,1,10,13,10,10,1.4142135623730951,45
629,4880,1,1,0,0.2928932188134524,13,35,4,1,11,13,10,10,1.4142135623730951,45
629,4881,1,1,0,0.2928932188134524,13,35,4,1,12,13,10,10,1.4142135623730951,45
629,4882,1,0.96,2.1610235345637108e-7,0.29289509200985964,13,35,4,1,10,14,10,10,1.3862178760930766,43.830860672092584
629,4883,1,0.959,3.1244737275226697e-7,0.29289934168031573,13,35,4,1,11,14,10,10,1.385525532063556,43.80102906682782
629,4884,1,0.957,4.4847934554947955e-7,0.29292112857054786,13,35,4,1,12,14,10,10,1.3841419724869266,43.7412763666856
629,4885,1,0.955,6.406008505877026e-7,0.2930350823903026,13,35,4,1,13,14,10,10,1.3827599213167845,43.681404157171436
629,4886,1,0.92,9.681628188817903e-6,0.2929724420096935,13,35,4,1,10,15,10,10,1.3588230201170424,42.61405596961119
629,4887,1,0.917,1.2988031136695888e-5,0.2930655210261016,13,35,4,1,11,15,10,10,1.3567936468011634,42.52082345847564
629,4888,1,0.913,1.7248866348351655e-5,0.2932964811440302,13,35,4,1,12,15,10,10,1.3540934236602733,42.39607920836728
629,4889,1,0.91,2.3151350364680745e-5,0.2937591863966126,13,35,4,1,13,15,10,10,1.3520724832641184,42.3021943666837
629,4890,1,0.955,2.916200752411946e-5,0.29425857472925476,13,35,4,1,14,15,10,10,1.3827599213167845,43.681404157171436
629,4891,1,0.88,8.94637340455029e-5,0.29344723002002937,13,35,4,1,10,16,10,10,1.332066064427737,41.34777721969367
629,4892,1,0.875,1.1170762788981214e-4,0.29386113621859533,13,35,4,1,11,16,10,10,1.3287682265918312,41.18592516570965
629,4893,1,0.87,1.3904147710686043e-4,0.29456910619658194,13,35,4,1,12,16,10,10,1.3254810447531868,41.023269024922435
629,4894,0.999,0.864,1.730608759600294e-4,0.2955444916894525,13,35,4,1,13,16,10,10,1.320794079332581,40.85537625889571
629,4895,0.999,0.91,2.1386809660517425e-4,0.29654991472301606,13,35,4,1,14,16,10,10,1.3513330455516879,42.33073093011519
629,4896,0.997,0.955,2.2113948699709063e-4,0.2969585067451579,13,35,4,1,15,16,10,10,1.3805919020478137,43.76739165605964
629,4897,0.999,0.84,4.0422072649837215e-4,0.29479538160572116,13,35,4,1,10,17,10,10,1.3052206709978202,40.058493726245686
629,4898,0.999,0.834,4.905603554592464e-4,0.2957273949925292,13,35,4,1,11,17,10,10,1.3013673578202274,39.85630524032165
629,4899,0.999,0.826,5.919587775136126e-4,0.2969947548457611,13,35,4,1,12,17,10,10,1.2962549903471923,39.58485553044823
629,4900,0.998,0.818,7.21984508252449e-4,0.298573888331616,13,35,4,1,13,17,10,10,1.2903983880957075,39.33939226269854
629,4901,0.997,0.864,8.778953234379605e-4,0.300329520548972,13,35,4,1,14,17,10,10,1.3192820016963773,40.91219527258994
629,4902,0.995,0.909,0.0010017338413789156,0.30162855095991226,13,35,4,1,15,17,10,10,1.3477039734303673,42.41381815999662
629,4903,0.992,0.955,8.802205211796421e-4,0.30139636524871427,13,35,4,1,16,17,10,10,1.3769854755951494,43.91130523841521
629,4904,0.998,0.8,0.0012478680616881954,0.2973674481128571,13,35,4,1,10,18,10,10,1.2790637200702708,38.71577480968507
629,4905,0.998,0.792,0.0014786472011719676,0.2989247858884334,13,35,4,1,11,18,10,10,1.2740753509898854,38.43506499089726
629,4906,0.997,0.783,0.0017542524597098375,0.30088570329644615,13,35,4,1,12,18,10,10,1.2677136900735908,38.1445342435261
629,4907,0.996,0.773,0.002084685100095185,0.30325424297492953,13,35,4,1,13,18,10,10,1.2607715891469002,37.8151967724363
629,4908,0.994,0.818,0.0024771492304929144,0.30575640123368497,13,35,4,1,14,18,10,10,1.2873072671277825,39.45224969767828
629,4909,0.99,0.864,0.0028637816699049745,0.30789411648332266,13,35,4,1,15,18,10,10,1.3139999999999998,41.112090439166934
629,4910,0.986,0.91,0.003002882469924084,0.3088372002705445,13,35,4,1,16,18,10,10,1.3417510946520594,42.704562610543924
629,4911,0.98,0.955,0.002366853054386775,0.30712309193247667,13,35,4,1,17,18,10,10,1.3683658136624137,44.25978563534959
629,4912,0.996,0.76,0.0029968720354274225,0.30139454331026416,13,35,4,1,10,19,10,10,1.2528431665615611,37.345522182536136
629,4913,0.995,0.75,0.003491636543381693,0.30367976014584463,13,35,4,1,11,19,10,10,1.2460036115517483,37.00784869431463
629,4914,0.994,0.739,0.004098947011351606,0.3064472085875768,13,35,4,1,12,19,10,10,1.2386109155017164,36.6293548531439
629,4915,0.992,0.728,0.004837001040948974,0.3096439857577701,13,35,4,1,13,19,10,10,1.2304665781726865,36.27386422370128
629,4916,0.989,0.773,0.005705512400975277,0.31297537726792735,13,35,4,1,14,19,10,10,1.2552489792865795,38.01109690143116
629,4917,0.984,0.819,0.006586572888424125,0.3160358649136279,13,35,4,1,15,19,10,10,1.2802409929384388,39.7711901905933
629,4918,0.978,0.864,0.007145144505461998,0.3181172537294955,13,35,4,1,16,19,10,10,1.3049827585067935,41.458524135919596
629,4919,0.97,0.91,0.006774844751812337,0.31800648050904834,13,35,4,1,17,19,10,10,1.3300375934536588,43.172031755694995
629,4920,0.96,0.955,0.004587731080355817,0.31324417124148496,13,35,4,1,18,19,10,10,1.354114101543884,44.8504030043975
629,4921,0.993,0.72,0.006177931464953379,0.3070086395322603,13,35,4,1,10,20,10,10,1.2265598232454868,35.94494829610839
629,4922,0.992,0.708,0.007093549716658543,0.31009840908155173,13,35,4,1,11,20,10,10,1.2187403332949969,35.51581751851656
629,4923,0.989,0.696,0.008121035072439331,0.31371778847947285,13,35,4,1,12,20,10,10,1.2093539597652956,35.135628070302594
629,4924,0.986,0.682,0.009269327610474387,0.3177453490050045,13,35,4,1,13,20,10,10,1.1988828132891054,34.67097299689701
629,4925,0.981,0.727,0.010538719146335862,0.3218488455568673,13,35,4,1,14,20,10,10,1.221020065355193,36.541424212071234
629,4926,0.975,0.773,0.011849133106784482,0.32548919740374627,13,35,4,1,15,20,10,10,1.2442483674893852,38.408102545249875
629,4927,0.967,0.819,0.01286904635541486,0.32787581970585344,13,35,4,1,16,20,10,10,1.2672213697693073,40.26290871493276
629,4928,0.957,0.864,0.013072455825497764,0.3283903263539929,13,35,4,1,17,20,10,10,1.28931958799981,42.076396445861434
629,4929,0.945,0.909,0.011468293103888638,0.32576529896573936,13,35,4,1,18,20,10,10,1.3112230931462425,43.887600383702214
629,4930,0.931,0.955,0.007807122879234352,0.3199383457410383,13,35,4,1,19,20,10,10,1.333711363076734,45.72906918889988
629,4931,0.989,0.68,0.010617367803484434,0.31410018249234783,13,35,4,1,10,21,10,10,1.2002170637013958,34.51098161191651
629,4932,0.986,0.667,0.011928899971900386,0.31797216409653917,13,35,4,1,11,21,10,10,1.1904137936028798,34.07719528013074
629,4933,0.983,0.652,0.013467964604551352,0.3223540459387687,13,35,4,1,12,21,10,10,1.179573227909145,33.555349270803696
629,4934,0.978,0.637,0.015296089895418974,0.3270539768887356,13,35,4,1,13,21,10,10,1.167155945021915,33.07737460778029
629,4935,0.972,0.682,0.017464696714996175,0.33171471216018533,13,35,4,1,14,21,10,10,1.1873954690834896,35.05526927402651
629,4936,0.964,0.727,0.01986433725886383,0.3358976701765892,13,35,4,1,15,21,10,10,1.2074042405093663,37.021749613009376
629,4937,0.954,0.773,0.022055294264155534,0.3392692421624538,13,35,4,1,16,21,10,10,1.2278619629258005,39.016900195757295
629,4938,0.941,0.818,0.023553349649658717,0.3412781292046707,13,35,4,1,17,21,10,10,1.2468380007041813,41.00004091377394
629,4939,0.927,0.864,0.023197544804092196,0.3410579248919774,13,35,4,1,18,21,10,10,1.2672115056295852,42.98540121212943
629,4940,0.91,0.909,0.021157531164325283,0.3391238479041061,13,35,4,1,19,21,10,10,1.286227429345215,44.96850149876803
629,4941,0.893,0.955,0.01468356058471254,0.3311836660406541,13,35,4,1,20,21,10,10,1.3074685464667974,46.92154026304653
629,4942,0.983,0.64,0.016752567214666225,0.32261227041782603,13,35,4,1,10,22,10,10,1.1729829495776996,33.066870098464626
629,4943,0.979,0.625,0.018939825712822045,0.3272824054299376,13,35,4,1,11,22,10,10,1.1614930047141911,32.554426988587885
629,4944,0.974,0.609,0.021553230471319962,0.3324724238868523,13,35,4,1,12,22,10,10,1.1487197221254626,32.01595731140777
629,4945,0.968,0.591,0.024650864127371386,0.3380101091880694,13,35,4,1,13,22,10,10,1.1341538696314535,31.405617537021783
629,4946,0.96,0.637,0.02841057730541019,0.3436550419875195,13,35,4,1,14,22,10,10,1.1521150116199337,33.56593146224262
629,4947,0.949,0.682,0.03273538376338958,0.3491708370796459,13,35,4,1,15,22,10,10,1.1686423747237646,35.70295910073108
629,4948,0.937,0.728,0.03694156553654471,0.35420622435456217,13,35,4,1,16,22,10,10,1.1865719531490706,37.845338413401294
629,4949,0.922,0.773,0.03986503847572409,0.357808442674068,13,35,4,1,17,22,10,10,1.2031679018324914,39.976293352405804
629,4950,0.905,0.818,0.04088192446775718,0.35975960957238284,13,35,4,1,18,22,10,10,1.2198971268102896,42.10940048283249
629,4951,0.886,0.864,0.04048300814889261,0.359667330227151,13,35,4,1,19,22,10,10,1.237534645979659,44.279748141871885
629,4952,0.866,0.91,0.03657676385792474,0.35550970555911077,13,35,4,1,20,22,10,10,1.256206989313465,46.41919971721389
629,4953,0.846,0.955,0.02487661002961672,0.3440908430052444,13,35,4,1,21,22,10,10,1.2758295340679333,48.463426675609334
629,4954,0.974,0.6,0.025960593688834632,0.33291811445339425,13,35,4,1,10,23,10,10,1.1439737759232071,31.633751599360565
629,4955,0.969,0.583,0.029546787732027457,0.33859146899880743,13,35,4,1,11,23,10,10,1.130862502694293,31.033269120974513
629,4956,0.963,0.565,0.03389160122891832,0.3449043869387808,13,35,4,1,12,23,10,10,1.116509740217254,30.400498197129288
629,4957,0.955,0.546,0.039006929871501894,0.35174573834242595,13,35,4,1,13,23,10,10,1.1000640890420885,29.75780175664273
629,4958,0.944,0.591,0.044745085456675104,0.3589411210639918,13,35,4,1,14,23,10,10,1.1137400953543874,32.04900804367207
629,4959,0.932,0.636,0.051084148201152146,0.3661759047095583,13,35,4,1,15,23,10,10,1.1283261939705203,34.309761723500905
629,4960,0.917,0.682,0.05761945256428469,0.3727549295680468,13,35,4,1,16,23,10,10,1.1428092579253986,36.6392718474982
629,4961,0.899,0.727,0.06353538833719785,0.37790104065618946,13,35,4,1,17,23,10,10,1.1561704026656279,38.96164733682514
629,4962,0.88,0.773,0.06770849091099573,0.3820222000303103,13,35,4,1,18,23,10,10,1.171293729173003,41.29636585362795
629,4963,0.859,0.818,0.06976958834792579,0.3845380941255826,13,35,4,1,19,23,10,10,1.1861724157979732,43.59948772589711
629,4964,0.837,0.864,0.06651796664002274,0.3823630867201495,13,35,4,1,20,23,10,10,1.202940148137055,45.90938044919914
629,4965,0.814,0.909,0.05718544920528601,0.3745339110454202,13,35,4,1,21,23,10,10,1.2201954761430645,48.15588704582415
629,4966,0.791,0.955,0.03515196924180597,0.35485107372780944,13,35,4,1,22,23,10,10,1.2400427411988668,50.36599035740205
629,4967,0.964,0.56,0.03943449169322566,0.34566126954001286,13,35,4,1,10,24,10,10,1.1148524566058058,30.152855030355347
629,4968,0.957,0.542,0.04486622827135556,0.3526717069071903,13,35,4,1,11,24,10,10,1.099824076841383,29.525185012275717
629,4969,0.949,0.522,0.051176760912347574,0.360504281778825,13,35,4,1,12,24,10,10,1.0830904856012724,28.81311134589685
629,4970,0.939,0.5,0.05872828696776178,0.36904586690043284,13,35,4,1,13,24,10,10,1.0638237635999677,28.03446928292218
629,4971,0.926,0.546,0.06768730822283675,0.3780264807294924,13,35,4,1,14,24,10,10,1.074984651053214,30.524997173817738
629,4972,0.911,0.591,0.07743362681027177,0.38689285683201113,13,35,4,1,15,24,10,10,1.0859106777263037,32.972993040007914
629,4973,0.893,0.637,0.08667300714274284,0.39484702338059086,13,35,4,1,16,24,10,10,1.0969129409392526,35.501245550479396
629,4974,0.873,0.682,0.09447610377225957,0.4015472428659892,13,35,4,1,17,24,10,10,1.1078145151603676,37.997458806717894
629,4975,0.851,0.727,0.10118998347988906,0.4071488579277164,13,35,4,1,18,24,10,10,1.119254215984912,40.506903001383286
629,4976,0.828,0.773,0.10515087088420683,0.41018669222065995,13,35,4,1,19,24,10,10,1.132745779069602,43.03246153758996
629,4977,0.804,0.819,0.10225391889164781,0.40901564872592866,13,35,4,1,20,24,10,10,1.1476833186903084,45.529520778630115
629,4978,0.779,0.864,0.0908169591468998,0.40097542369623007,13,35,4,1,21,24,10,10,1.1633301337109772,47.96153578229728
629,4979,0.756,0.909,0.06853428238141757,0.38381058828901415,13,35,4,1,22,24,10,10,1.182293110865491,50.25027272973305
629,4980,0.733,0.955,0.0358471317446063,0.35574388550109715,13,35,4,1,23,24,10,10,1.2038745781849536,52.49234547008869
629,4981,0.951,0.52,0.05752046691211832,0.36127936719377973,13,35,4,1,10,25,10,10,1.0838823736919057,28.669523109677034
629,4982,0.942,0.5,0.06550243777367692,0.36988040159561064,13,35,4,1,11,25,10,10,1.0664726906958282,27.958717197762567
629,4983,0.932,0.478,0.07500467874061534,0.37941236281950175,13,35,4,1,12,25,10,10,1.0474292338864712,27.15217781085613
629,4984,0.92,0.455,0.0857385481414561,0.3896433791749492,13,35,4,1,13,25,10,10,1.0263649448417458,26.315397944353077
629,4985,0.905,0.5,0.09734416198043994,0.4000904950266302,13,35,4,1,14,25,10,10,1.0339366518312425,28.920044037606456
629,4986,0.887,0.546,0.1093372545312975,0.41000772910465333,13,35,4,1,15,25,10,10,1.041578129570701,31.614709715801812
629,4987,0.867,0.591,0.12076203340531755,0.4186922875820265,13,35,4,1,16,25,10,10,1.0492711756262056,34.280724740626454
629,4988,0.844,0.637,0.130025884081858,0.42595375994878637,13,35,4,1,17,25,10,10,1.0574048420543571,37.043290812784186
629,4989,0.82,0.682,0.13710647168598222,0.43145821916027816,13,35,4,1,18,25,10,10,1.0665477016992724,39.75054515046665
629,4990,0.794,0.727,0.13997699944264397,0.43372118505239066,13,35,4,1,19,25,10,10,1.0765523675140007,42.47775334145614
629,4991,0.768,0.773,0.13595718651635746,0.43126042396931985,13,35,4,1,20,25,10,10,1.0896572855719362,45.18590388854485
629,4992,0.742,0.818,0.12077393672262304,0.4215679486521148,13,35,4,1,21,25,10,10,1.1043948569239173,47.78912763527663
629,4993,0.717,0.864,0.09328837562487591,0.4028340998650266,13,35,4,1,22,25,10,10,1.122757765504207,50.312038963925744
629,4994,0.694,0.91,0.05921791668102061,0.376477207259747,13,35,4,1,23,25,10,10,1.1444369794794294,52.66950307384766
629,4995,0.673,0.955,0.02686593016888561,0.3459126380778259,13,35,4,1,24,25,10,10,1.1683124582062796,54.82718592157342
629,4996,0.935,0.48,0.08147409312641596,0.3794787156634105,13,35,4,1,10,26,10,10,1.0510114176354128,27.174557753753184
629,4997,0.925,0.458,0.09219471321058748,0.38960098447134583,13,35,4,1,11,26,10,10,1.0321768259363315,26.341628559256414
629,4998,0.912,0.435,0.10405723963029101,0.40054817085873673,13,35,4,1,12,26,10,10,1.010430106439827,25.49991371883688
629,4999,0.898,0.409,0.11704783317225242,0.4118908672012187,13,35,4,1,13,26,10,10,0.9867547821014094,24.487204123507894
629,5000,0.88,0.454,0.13075497620928667,0.4229491044320146,13,35,4,1,14,26,10,10,0.9902100787206722,27.289620420178874
629,5001,0.859,0.5,0.14389326152929416,0.4329395016880093,13,35,4,1,15,26,10,10,0.9939220291350827,30.202494165731203
629,5002,0.836,0.546,0.15520486754315632,0.4413239360266358,13,35,4,1,16,26,10,10,0.9985048823115489,33.14895680766468
629,5003,0.811,0.591,0.16409414818945367,0.44790134610725074,13,35,4,1,17,26,10,10,1.0034948928619418,36.08194477556726
629,5004,0.785,0.636,0.1702083375231056,0.4520608087134994,13,35,4,1,18,26,10,10,1.0103073789693906,39.01408279000625
629,5005,0.757,0.682,0.16975915044367562,0.4524173679164041,13,35,4,1,19,26,10,10,1.0189077485228974,42.016470624043244
629,5006,0.73,0.727,0.16084657948105552,0.4473728598544974,13,35,4,1,20,26,10,10,1.0302567641127138,44.88202670169561
629,5007,0.703,0.773,0.14097737073264915,0.434946925713231,13,35,4,1,21,26,10,10,1.0448626704021922,47.71524504808756
629,5008,0.677,0.818,0.11193919845754774,0.4154585267065254,13,35,4,1,22,26,10,10,1.0618158974134828,50.38787829038368
629,5009,0.654,0.864,0.07987818851596573,0.3920545652661166,13,35,4,1,23,26,10,10,1.0836106311770848,52.87630211156969
629,5010,0.633,0.909,0.05222878202620729,0.37063145431768074,13,35,4,1,24,26,10,10,1.1076867788323557,55.14781834664321
629,5011,0.616,0.955,0.030106342237575467,0.3493623786141987,13,35,4,1,25,26,10,10,1.136433456036912,57.17692471108853
629,5012,0.917,0.44,0.10936213104855852,0.39918452256342996,13,35,4,1,10,27,10,10,1.0170983236639417,25.63288020414872
629,5013,0.904,0.416,0.12204953673570829,0.4103804801318054,13,35,4,1,11,27,10,10,0.9951241128623103,24.710799462230202
629,5014,0.89,0.391,0.13572051349012693,0.4220638162983563,13,35,4,1,12,27,10,10,0.9721013321665597,23.717125218592308
629,5015,0.872,0.364,0.1497751502045871,0.4336413261862041,13,35,4,1,13,27,10,10,0.9449232773087982,22.6571790290647
629,5016,0.852,0.409,0.16352930697065748,0.44437324339648565,13,35,4,1,14,27,10,10,0.945084652293116,25.643192018577462
629,5017,0.829,0.454,0.17621437733076384,0.45359573779969475,13,35,4,1,15,27,10,10,0.9451756450522834,28.7072184687105
629,5018,0.803,0.5,0.18650534362886895,0.460946754140791,13,35,4,1,16,27,10,10,0.9459434443982367,31.9090770804153
629,5019,0.775,0.546,0.19347169303776657,0.466205526332206,13,35,4,1,17,27,10,10,0.948019514567079,35.165313161581594
629,5020,0.747,0.591,0.19613173186394672,0.46869405846548884,13,35,4,1,18,27,10,10,0.952517716370672,38.34979968334079
629,5021,0.718,0.636,0.19265277055272678,0.46721261333135244,13,35,4,1,19,27,10,10,0.9591767303265859,41.53432596471373
629,5022,0.689,0.682,0.18194644253099912,0.46045607278914313,13,35,4,1,20,27,10,10,0.9694560330412102,44.70746391575259
629,5023,0.661,0.727,0.16170652294570753,0.44752934167721803,13,35,4,1,21,27,10,10,0.9825731524929836,47.72238850609744
629,5024,0.636,0.773,0.1342556151365324,0.4296856040260175,13,35,4,1,22,27,10,10,1.0010119879402044,50.55353052388715
629,5025,0.613,0.818,0.10596139548813344,0.4102706237492142,13,35,4,1,23,27,10,10,1.0222000782625678,53.15252292805095
629,5026,0.594,0.864,0.08456650553516698,0.3957492239349042,13,35,4,1,24,27,10,10,1.0484903433031703,55.4914770123316
629,5027,0.578,0.909,0.06376097068605735,0.38058477011933567,13,35,4,1,25,27,10,10,1.0772023950957406,57.54920492420763
629,5028,0.566,0.955,0.03525214658418685,0.35487789588721685,13,35,4,1,26,27,10,10,1.1101265693604492,59.34604305701389
629,5029,0.895,0.4,0.13896784369847937,0.4191464296720733,13,35,4,1,10,28,10,10,0.9803188256888674,24.081175038921657
629,5030,0.881,0.375,0.15260143901104206,0.43081942491068914,13,35,4,1,11,28,10,10,0.957489425529076,23.057158542100588
629,5031,0.864,0.348,0.16637565407844657,0.44254787466426126,13,35,4,1,12,28,10,10,0.9314504817756014,21.938480467706466
629,5032,0.844,0.318,0.18013718761548436,0.4536937672478273,13,35,4,1,13,28,10,10,0.9019201738513226,20.645267747275916
629,5033,0.821,0.364,0.19331647310420041,0.46360805768451496,13,35,4,1,14,28,10,10,0.8980740503989634,23.910666915661892
629,5034,0.795,0.409,0.20449064287163743,0.471828240105573,13,35,4,1,15,28,10,10,0.8940391490309583,27.224253169142447
629,5035,0.766,0.455,0.21246746024523644,0.47815477161490705,13,35,4,1,16,28,10,10,0.8909438815099412,30.710090638196448
629,5036,0.737,0.5,0.21800781254349455,0.4823945095802714,13,35,4,1,17,28,10,10,0.890600359308259,34.15399082460588
629,5037,0.706,0.546,0.22035055361871736,0.48393984573512994,13,35,4,1,18,28,10,10,0.8924976190444431,37.71733056760452
629,5038,0.676,0.591,0.2171698256561858,0.48181719130399514,13,35,4,1,19,28,10,10,0.8979181477172627,41.1619143637572
629,5039,0.646,0.637,0.20680161064351876,0.47498830681048754,13,35,4,1,20,28,10,10,0.9072403209734453,44.59808764012988
629,5040,0.619,0.682,0.18809822264883347,0.46284021483559634,13,35,4,1,21,28,10,10,0.9210238867695018,47.77234177385429
629,5041,0.594,0.727,0.1616495553109254,0.4465202279080136,13,35,4,1,22,28,10,10,0.9388104174965252,50.74923976400156
629,5042,0.572,0.773,0.13423608605542958,0.4305335107565996,13,35,4,1,23,28,10,10,0.9616199873130757,53.499516778639496
629,5043,0.554,0.819,0.11630876303164217,0.4186003006804758,13,35,4,1,24,28,10,10,0.9887755053600388,55.92421636319984
629,5044,0.54,0.864,0.09839191427292449,0.40586824467489513,13,35,4,1,25,28,10,10,1.0188699622621131,57.9946167919165
629,5045,0.531,0.91,0.0706152885855218,0.38571200700607944,13,35,4,1,26,28,10,10,1.053594324206428,59.735733939954166
629,5046,0.526,0.955,0.03960440419395084,0.3588893236080144,13,35,4,1,27,28,10,10,1.090275653218029,61.15467131414272
629,5047,0.871,0.36,0.1675994307630262,0.43856094994036565,13,35,4,1,10,29,10,10,0.9424653839796983,22.456189888619512
629,5048,0.854,0.333,0.18100013128414738,0.45025313060089844,13,35,4,1,11,29,10,10,0.9166269688373783,21.302289511121053
629,5049,0.835,0.304,0.1944125358396649,0.46163808533716544,13,35,4,1,12,29,10,10,0.8886174655047019,20.005141240364892
629,5050,0.812,0.273,0.2073790465803903,0.4721453956389291,13,35,4,1,13,29,10,10,0.8566638780758764,18.582999603266348
629,5051,0.786,0.318,0.21924040359087216,0.48129409215450014,13,35,4,1,14,29,10,10,0.8478915024930961,22.027278669171338
629,5052,0.758,0.363,0.22925204316139436,0.4888202776532038,13,35,4,1,15,29,10,10,0.8404361962695324,25.589379159749146
629,5053,0.727,0.409,0.23752567908091127,0.4946458012705136,13,35,4,1,16,29,10,10,0.8341522642779314,29.361495185802546
629,5054,0.695,0.454,0.2442655878784421,0.49860342385819123,13,35,4,1,17,29,10,10,0.8301451680278576,33.15407186040023
629,5055,0.663,0.5,0.24783717242633507,0.5001149167578809,13,35,4,1,18,29,10,10,0.8304029142530751,37.02169246763649
629,5056,0.632,0.545,0.24690494989068812,0.4981908863233766,13,35,4,1,19,29,10,10,0.8345351999766097,40.772570834691585
629,5057,0.602,0.591,0.23615242618492382,0.4915758077796527,13,35,4,1,20,29,10,10,0.8436142483386586,44.47172194899242
629,5058,0.575,0.636,0.21490312543347623,0.47952276194221677,13,35,4,1,21,29,10,10,0.8573919757030619,47.883642489486505
629,5059,0.552,0.682,0.18885368703749605,0.46422470836996177,13,35,4,1,22,29,10,10,0.877398427169778,51.01383982059898
629,5060,0.532,0.727,0.16682804666472206,0.4513252881273696,13,35,4,1,23,29,10,10,0.9008623646262508,53.80428889128122
629,5061,0.516,0.773,0.15190409458820864,0.44208426064946893,13,35,4,1,24,29,10,10,0.929400344308092,56.27573625037957
629,5062,0.505,0.818,0.13542094163182816,0.43065325842494917,13,35,4,1,25,29,10,10,0.9613266874481328,58.310501668950664
629,5063,0.499,0.864,0.11364094060575691,0.416086620448319,13,35,4,1,26,29,10,10,0.9977459596510526,59.991577070605906
629,5064,0.497,0.909,0.08771567888696419,0.3985211237468592,13,35,4,1,27,29,10,10,1.0359971042430574,61.33216071115048
629,5065,0.5,0.955,0.05348325485411698,0.3717809309370481,13,35,4,1,28,29,10,10,1.0779726341609976,62.36523492363795
629,5066,0.844,0.32,0.19404738285903034,0.4572405077928712,13,35,4,1,10,30,10,10,0.9026272763438961,20.764068401273835
629,5067,0.825,0.291,0.20703828122840817,0.4687620908486696,13,35,4,1,11,30,10,10,0.8748176952942824,19.429135878428806
629,5068,0.803,0.261,0.21968449321526007,0.4797664128191448,13,35,4,1,12,30,10,10,0.8443518224058026,18.005774980719732
629,5069,0.777,0.227,0.2320307409034934,0.489806781449611,13,35,4,1,13,30,10,10,0.8094800800513872,16.285685855795332
629,5070,0.749,0.273,0.24412075463977867,0.4985736663219065,13,35,4,1,14,30,10,10,0.7972013547404444,20.0260890941166
629,5071,0.718,0.318,0.2554177028070863,0.5059515129867318,13,35,4,1,15,30,10,10,0.7852693805312926,23.888406032266904
629,5072,0.685,0.364,0.26559916744989587,0.5119186189827494,13,35,4,1,16,30,10,10,0.7757067744966523,27.985589634598206
629,5073,0.652,0.409,0.2748842252706456,0.5162619962509071,13,35,4,1,17,30,10,10,0.7696655117646887,32.10007384686463
629,5074,0.619,0.454,0.2802194897419531,0.5182676342108617,13,35,4,1,18,30,10,10,0.7676437976040711,36.25785032792167
629,5075,0.587,0.5,0.2781484416490221,0.5166495054979081,13,35,4,1,19,30,10,10,0.771083004611047,40.42398375382953
629,5076,0.558,0.546,0.26582590330984635,0.509890718486578,13,35,4,1,20,30,10,10,0.7806920007275597,44.377244312793685
629,5077,0.532,0.591,0.2439626369711262,0.4980171062087838,13,35,4,1,21,30,10,10,0.795176081129205,48.007431757375876
629,5078,0.51,0.636,0.22015043788468558,0.48503581811630236,13,35,4,1,22,30,10,10,0.8152275755885592,51.2743345570818
629,5079,0.492,0.682,0.2066620218293218,0.4759274396390565,13,35,4,1,23,30,10,10,0.8409447068624668,54.19303244312698
629,5080,0.479,0.727,0.19810193375996732,0.4693558477095333,13,35,4,1,24,30,10,10,0.8706147253521502,56.62022834183526
629,5081,0.472,0.773,0.1828341627132296,0.46019904052409244,13,35,4,1,25,30,10,10,0.9057113226630216,58.591426243145676
629,5082,0.469,0.818,0.16343342149359752,0.4480293379825051,13,35,4,1,26,30,10,10,0.9429130394686458,60.172212476436485
629,5083,0.471,0.864,0.13795193694387264,0.4329074428060389,13,35,4,1,27,30,10,10,0.9840411576758362,61.403480912716645
629,5084,0.477,0.909,0.100933118459545,0.4079101167211938,13,35,4,1,28,30,10,10,1.0265524828278387,62.31164610884658
629,5085,0.487,0.955,0.05324780709106036,0.371413772415345,13,35,4,1,29,30,10,10,1.0720046641689578,62.98079904734147
629,5086,0.815,0.28,0.21851223864003078,0.47548655614081947,13,35,4,1,10,31,10,10,0.8617569262849009,18.96058342937963
629,5087,0.793,0.25,0.23106502673225016,0.48690067784396285,13,35,4,1,11,31,10,10,0.8314739923773925,17.49790095050338
629,5088,0.768,0.217,0.2438293338581201,0.4977469737875182,13,35,4,1,12,31,10,10,0.7980682928170998,15.77774952019139
629,5089,0.74,0.182,0.2575211728211373,0.5077105512872655,13,35,4,1,13,31,10,10,0.7620524916303338,13.817419148634905
629,5090,0.709,0.227,0.2714708042881989,0.51661999591472,13,35,4,1,14,31,10,10,0.744452819190041,17.753467865637703
629,5091,0.675,0.273,0.2849745007778959,0.5244450314619259,13,35,4,1,15,31,10,10,0.7281167488802878,22.020596556015665
629,5092,0.641,0.318,0.2981791299704507,0.5311442453404832,13,35,4,1,16,31,10,10,0.7155452466476176,26.386002448939
629,5093,0.606,0.364,0.30906036126274994,0.5363534998813395,13,35,4,1,17,31,10,10,0.706917251168763,30.99155651995168
629,5094,0.572,0.409,0.31449531751076076,0.5390656780422024,13,35,4,1,18,31,10,10,0.7031820532408374,35.566093616812616
629,5095,0.541,0.454,0.3116523743257459,0.5376575354617448,13,35,4,1,19,31,10,10,0.7062556194466704,40.00292705770711
629,5096,0.513,0.5,0.29828486825952716,0.5308520172708563,13,35,4,1,20,31,10,10,0.7163581506481238,44.26475395050343
629,5097,0.488,0.546,0.2792733178417235,0.520090030276981,13,35,4,1,21,31,10,10,0.7322977536494292,48.21051880440304
629,5098,0.469,0.591,0.26301734452477665,0.5100862431673189,13,35,4,1,22,31,10,10,0.7544812787604473,51.565531054104966
629,5099,0.454,0.637,0.25528729414065654,0.5036849279268274,13,35,4,1,23,31,10,10,0.7822307843597055,54.521925464366284
629,5100,0.445,0.682,0.24667485441425163,0.49765034275014075,13,35,4,1,24,31,10,10,0.8143396097452218,56.87584649753278
629,5101,0.441,0.727,0.22829849522668377,0.48822763550690784,13,35,4,1,25,31,10,10,0.8502999470775003,58.758896156908854
629,5102,0.442,0.773,0.2081469416298447,0.4765166759656011,13,35,4,1,26,31,10,10,0.8904453941708048,60.23915665318154
629,5103,0.448,0.818,0.18624848701843355,0.46243625487201334,13,35,4,1,27,31,10,10,0.9326456990733405,61.29148159097085
629,5104,0.457,0.864,0.15161834020126597,0.44062368114069295,13,35,4,1,28,31,10,10,0.9774175157014529,62.1240613682896
629,5105,0.47,0.91,0.11001929422038381,0.4142039859647386,13,35,4,1,29,31,10,10,1.0242070103255494,62.68439202655775
629,5106,0.485,0.955,0.06376425049982626,0.3796158856167732,13,35,4,1,30,31,10,10,1.0710975679180679,63.07610729657327
629,5107,0.782,0.24,0.2418960718266383,0.4938619962830626,13,35,4,1,10,32,10,10,0.8180000000000001,17.061531219896267
629,5108,0.758,0.208,0.2552037444342492,0.5054091353353349,13,35,4,1,11,32,10,10,0.7860203559705053,15.344623307017997
629,5109,0.73,0.174,0.2698666399327925,0.5164679394097467,13,35,4,1,12,32,10,10,0.7504505313476698,13.406644859516211
629,5110,0.699,0.136,0.2857962481144479,0.5268373058191024,13,35,4,1,13,32,10,10,0.7121074357145837,11.010122538752997
629,5111,0.666,0.182,0.30249065425601374,0.5364374358374355,13,35,4,1,14,32,10,10,0.6904201619304002,15.28423240965427
629,5112,0.63,0.227,0.31884121470943927,0.5452549724663467,13,35,4,1,15,32,10,10,0.6696484152150292,19.814977005906073
629,5113,0.594,0.273,0.33403191808101373,0.5531384780173743,13,35,4,1,16,32,10,10,0.6537315962992764,24.683320487960245
629,5114,0.559,0.318,0.3459922876391083,0.5594525585553345,13,35,4,1,17,32,10,10,0.6431212949358776,29.634378484072226
629,5115,0.525,0.364,0.35243550719890526,0.562805160342128,13,35,4,1,18,32,10,10,0.6388434863094403,34.73485953978628
629,5116,0.495,0.409,0.34963561149755407,0.5614107369151587,13,35,4,1,19,32,10,10,0.6421105823765871,39.56564998813261
629,5117,0.468,0.455,0.3377422537070143,0.5547102519962767,13,35,4,1,20,32,10,10,0.6527242909529261,44.19307054489763
629,5118,0.446,0.5,0.3212699655585388,0.5453234724274789,13,35,4,1,21,32,10,10,0.6700119401921133,48.2670382405149
629,5119,0.43,0.546,0.3098325815214561,0.5374806944760979,13,35,4,1,22,32,10,10,0.6949935251496951,51.77794873419905
629,5120,0.418,0.591,0.3023354113992479,0.5320543570820078,13,35,4,1,23,32,10,10,0.7238818964444407,54.729154646345584
629,5121,0.413,0.637,0.29125028928642005,0.5257674679737441,13,35,4,1,24,32,10,10,0.7591692828348628,57.042575142884985
629,5122,0.413,0.682,0.27677537788856366,0.517147453235152,13,35,4,1,25,32,10,10,0.7973035808272781,58.80208262692283
629,5123,0.418,0.728,0.2613724768188018,0.5075391400611503,13,35,4,1,26,32,10,10,0.8394688797090694,60.13659923363048
629,5124,0.427,0.773,0.2393369281726716,0.4943903616751729,13,35,4,1,27,32,10,10,0.8830956913041756,61.08403478007033
629,5125,0.44,0.819,0.2054656438271757,0.4744318788756192,13,35,4,1,28,32,10,10,0.9297101698916711,61.753505537336714
629,5126,0.455,0.864,0.17215006444155811,0.45390970166102584,13,35,4,1,29,32,10,10,0.9764839988448352,62.227795424307985
629,5127,0.47,0.91,0.12857306863452544,0.42661830055259486,13,35,4,1,30,32,10,10,1.0242070103255494,62.68439202655775
629,5128,0.487,0.955,0.07097170193167668,0.38604444703852503,13,35,4,1,31,32,10,10,1.0720046641689578,62.98079904734147
629,5129,0.747,0.2,0.2662980268959514,0.5130237850364575,13,35,4,1,10,33,10,10,0.7733104163271047,14.988689075277486
629,5130,0.72,0.166,0.2816843210389398,0.5250511150768187,13,35,4,1,11,33,10,10,0.738888354218687,12.982992572251876
629,5131,0.69,0.13,0.2988682799743435,0.5367634632935356,13,35,4,1,12,33,10,10,0.7021395872616782,10.669782804496679
629,5132,0.657,0.091,0.3179145224690558,0.5480432138127949,13,35,4,1,13,33,10,10,0.6632721914870244,7.885772152841886
629,5133,0.621,0.136,0.3375276168809239,0.5588487010624281,13,35,4,1,14,33,10,10,0.635717704645702,12.35284442834829
629,5134,0.584,0.182,0.3561387873368381,0.5691058457798668,13,35,4,1,15,33,10,10,0.6117025420905163,17.309323432525773
629,5135,0.547,0.227,0.37377237671892694,0.5784486826676362,13,35,4,1,16,33,10,10,0.5922313737045684,22.538003258757517
629,5136,0.511,0.273,0.38766324682102926,0.5858639334623859,13,35,4,1,17,33,10,10,0.5793530875036397,28.113208876055957
629,5137,0.478,0.318,0.3951247741249859,0.5895942673451348,13,35,4,1,18,33,10,10,0.5741149710641589,33.634709302130176
629,5138,0.449,0.363,0.3924406155665551,0.5880068715359505,13,35,4,1,19,33,10,10,0.5773820225812369,38.95426598374572
629,5139,0.425,0.409,0.3795256002016656,0.5815256639268319,13,35,4,1,20,33,10,10,0.5898355703075222,43.90093521705771
629,5140,0.406,0.454,0.3642741489120922,0.5734667282022587,13,35,4,1,21,33,10,10,0.609058289492886,48.19458946511044
629,5141,0.393,0.5,0.3566006588700764,0.5671984964359453,13,35,4,1,22,33,10,10,0.6359630492410703,51.832653165537906
629,5142,0.386,0.546,0.3521066829142784,0.5625478002743485,13,35,4,1,23,33,10,10,0.6686643403083494,54.74122852839484
629,5143,0.384,0.591,0.34298545732488495,0.5570200162754326,13,35,4,1,24,33,10,10,0.704795715083456,56.986356530374835
629,5144,0.389,0.636,0.332109123737243,0.55003754443676,13,35,4,1,25,33,10,10,0.7455313541360954,58.54857550168722
629,5145,0.398,0.682,0.3204697785056374,0.5412865821248216,13,35,4,1,26,33,10,10,0.7896378916946679,59.73311693330242
629,5146,0.41,0.727,0.29689809835970826,0.5272780846188809,13,35,4,1,27,33,10,10,0.8346430374717085,60.5786759147183
629,5147,0.425,0.773,0.26431396693881215,0.5084164084310434,13,35,4,1,28,33,10,10,0.8821303758515517,61.19774300086938
629,5148,0.44,0.819,0.22824562558088524,0.4871004758686539,13,35,4,1,29,33,10,10,0.9297101698916711,61.753505537336714
629,5149,0.457,0.864,0.18032547221481554,0.45881501241203104,13,35,4,1,30,33,10,10,0.9774175157014529,62.1240613682896
629,5150,0.478,0.909,0.1182660981862923,0.41969982712221865,13,35,4,1,31,33,10,10,1.027017526627467,62.262246039726996
629,5151,0.507,0.955,0.05919439407372773,0.37592333031414804,13,35,4,1,32,33,10,10,1.081237254260137,62.03661212618545
629,5152,0.709,0.16,0.2931882066488388,0.5336472654978515,13,35,4,1,10,34,10,10,0.726829416025521,12.716914353002231
629,5153,0.68,0.125,0.31124353015340933,0.5465647611988076,13,35,4,1,11,34,10,10,0.6913935203630419,10.416028307570715
629,5154,0.647,0.087,0.3317191757464233,0.5594032082288838,13,35,4,1,12,34,10,10,0.6528231000814846,7.658440647078806
629,5155,0.611,0.045,0.3539459834328006,0.5720907303298518,13,35,4,1,13,34,10,10,0.6126548783777046,4.212214993621959
629,5156,0.574,0.091,0.37607184746667766,0.5845624094578719,13,35,4,1,14,34,10,10,0.5811686502212589,9.00850374202516
629,5157,0.535,0.136,0.39793538076717083,0.5965948451150465,13,35,4,1,15,34,10,10,0.5520153983359523,14.262807320264214
629,5158,0.498,0.182,0.41830153546645243,0.6075017742880809,13,35,4,1,16,34,10,10,0.5302150507105584,20.07542964456356
629,5159,0.463,0.227,0.4345583982976947,0.6158381155703976,13,35,4,1,17,34,10,10,0.5156529840891062,26.117825207416086
629,5160,0.431,0.273,0.4413911930469634,0.6196305076531954,13,35,4,1,18,34,10,10,0.5101862405043868,32.35060604177547
629,5161,0.404,0.318,0.4353978896058305,0.6177430991454178,13,35,4,1,19,34,10,10,0.5141400587388616,38.207299355493426
629,5162,0.383,0.364,0.4215428300502827,0.6116090678284134,13,35,4,1,20,34,10,10,0.5283795983949419,43.542991775742614
629,5163,0.367,0.409,0.4121510182194744,0.6047889700789817,13,35,4,1,21,34,10,10,0.5495179705887697,48.098037485186104
629,5164,0.359,0.454,0.41010258409297495,0.5997609840556108,13,35,4,1,22,34,10,10,0.5787892535284324,51.66485404812861
629,5165,0.356,0.5,0.406989952752017,0.5957560055900157,13,35,4,1,23,34,10,10,0.6137882370981054,54.549133928735934
629,5166,0.359,0.546,0.4009316904139075,0.5906370916022938,13,35,4,1,24,34,10,10,0.6534500746040206,56.67471391736031
629,5167,0.368,0.591,0.3926717826752478,0.5834296112921067,13,35,4,1,25,34,10,10,0.6962075839862706,58.090574920018895
629,5168,0.38,0.637,0.3767261294929264,0.5725134826021183,13,35,4,1,26,34,10,10,0.7417337797350205,59.181966523576776
629,5169,0.394,0.682,0.34525313536259705,0.5557815915465474,13,35,4,1,27,34,10,10,0.787629354455508,59.984431994849885
629,5170,0.41,0.727,0.31050332603690367,0.53553453347887,13,35,4,1,28,34,10,10,0.8346430374717085,60.5786759147183
629,5171,0.427,0.773,0.27043035654271985,0.5127275171255861,13,35,4,1,29,34,10,10,0.8830956913041756,61.08403478007033
629,5172,0.449,0.818,0.22409655396691097,0.4844212310326176,13,35,4,1,30,34,10,10,0.9331264651696467,61.23762748739963
629,5173,0.479,0.864,0.1636536292040769,0.4486609417697651,13,35,4,1,31,34,10,10,0.9878952373607234,60.996095132171625
629,5174,0.522,0.91,0.10941895246811573,0.41401103376544024,13,35,4,1,32,34,10,10,1.0490872223032746,60.16028065853038
629,5175,0.582,0.955,0.04874267922413611,0.36785047272609117,13,35,4,1,33,34,10,10,1.118368901570497,58.64086405492221
629,5176,0.669,0.12,0.3232137130601018,0.556368466013504,13,35,4,1,10,35,10,10,0.6796771292312256,10.169128334490672
629,5177,0.637,0.083,0.34455236262306355,0.5706183796417768,13,35,4,1,11,35,10,10,0.642384619990236,7.423717262559222
629,5178,0.602,0.043,0.36842712550689305,0.585059523432848,13,35,4,1,12,35,10,10,0.6035337604475826,4.085616779974877
629,5179,0.564,0,0.393734452799513,0.5996193854801247,13,35,4,1,13,35,10,10,0.564,0
629,5180,0.525,0.045,0.41932159575896,0.6141366969531392,13,35,4,1,14,35,10,10,0.5269250421075089,4.899092453787765
629,5181,0.486,0.091,0.44474180097830174,0.6281392569205028,13,35,4,1,15,35,10,10,0.4944461548035337,10.605418531631862
629,5182,0.448,0.136,0.46799074431951304,0.6405268081674043,13,35,4,1,16,35,10,10,0.46818799642878506,16.886791123944043
629,5183,0.414,0.182,0.4841314625887858,0.6494367280616558,13,35,4,1,17,35,10,10,0.45223887493226406,23.73094016077148
629,5184,0.385,0.227,0.4874635513711306,0.6529069632199116,13,35,4,1,18,35,10,10,0.4469384745129915,30.524043142538726
629,5185,0.361,0.273,0.47924702342332204,0.6505441686712358,13,35,4,1,19,35,10,10,0.4526035793053343,37.09776300022001
629,5186,0.343,0.318,0.4692695077136636,0.6446164277090282,13,35,4,1,20,35,10,10,0.46773176073471856,42.834021063661424
629,5187,0.332,0.364,0.4667468296430305,0.6385534611090289,13,35,4,1,21,35,10,10,0.4926662156064692,47.63243486898648
629,5188,0.328,0.409,0.4676265380761694,0.6339525300863682,13,35,4,1,22,35,10,10,0.5242756908345074,51.271921561343284
629,5189,0.33,0.455,0.46499586520458003,0.6295435489126782,13,35,4,1,23,35,10,10,0.5620720594372219,54.04757199990071
629,5190,0.338,0.5,0.4582406532348955,0.6231936009839495,13,35,4,1,24,35,10,10,0.603526304314899,55.94130662590673
629,5191,0.35,0.546,0.44556399099730803,0.6135834412510754,13,35,4,1,25,35,10,10,0.6485491500264263,57.339087278326204
629,5192,0.364,0.591,0.42007465390264875,0.5993454476946064,13,35,4,1,26,35,10,10,0.6941015775806881,58.370866502485065
629,5193,0.379,0.637,0.38725264266570913,0.5803641373640258,13,35,4,1,27,35,10,10,0.7412219640566515,59.24835089143115
629,5194,0.397,0.682,0.35497413749907436,0.5588641348608693,13,35,4,1,28,35,10,10,0.7891343358389623,59.7958256875356
629,5195,0.42,0.728,0.3121574302863479,0.5334862525851478,13,35,4,1,29,35,10,10,0.8404665371090035,60.01836063115067
629,5196,0.451,0.773,0.25188585464195545,0.4999238773497484,13,35,4,1,30,35,10,10,0.8949469258006308,59.73895447329294
629,5197,0.497,0.818,0.18254040443473762,0.4609390694970247,13,35,4,1,31,35,10,10,0.9571483688540664,58.71799388927637
629,5198,0.562,0.864,0.12149295491847423,0.42172718755059546,13,35,4,1,32,35,10,10,1.0306987920823425,56.957489060980066
629,5199,0.654,0.91,0.05496918445252319,0.37176951992012797,13,35,4,1,33,35,10,10,1.1206319645628533,54.29590339942764
629,5200,0.787,0.955,0.012484145557022597,0.32761778559158006,13,35,4,1,34,35,10,10,1.2374950504951525,50.50861885870229
