spA_par,spB_par,Dissimilarity,Exclusivity,D,I,a_A,b_A,alpha_A,gamma_A,a_B,b_B,alpha_B,gamma_B,ND_magnitude,ND_angle
1354,1354,0,0,1,1,18,20,1,4,18,20,1,4,0,0
1354,1355,0.847,0.501,0.09656786742567391,0.4053962844662612,18,20,1,4,19,20,1,4,0.9840782489212938,30.604289644765853
1354,1356,0.978,0.818,0.014675601655675163,0.3350169950367805,18,20,1,4,10,21,1,4,1.274993333315904,39.909138365612485
1354,1357,0.968,0.8,0.01950062378775197,0.34173657198889984,18,20,1,4,11,21,1,4,1.25579616180334,39.57190281388927
1354,1358,0.952,0.778,0.02753961178788067,0.351438852592882,18,20,1,4,12,21,1,4,1.2294665509886797,39.25661770531927
1354,1359,0.926,0.75,0.04091709468754168,0.36514595634455216,18,20,1,4,13,21,1,4,1.1916274585624487,39.00523078702875
1354,1360,0.881,0.714,0.06436058214102436,0.3852363814103207,18,20,1,4,14,21,1,4,1.1340004409170217,39.02278451059414
1354,1361,0.797,0.667,0.11330890887558065,0.41950051430254076,18,20,1,4,15,21,1,4,1.0392776337437462,39.92556946944541
1354,1362,0.64,0.6,0.22091304211169627,0.48098016569647084,18,20,1,4,16,21,1,4,0.8772684879784524,43.15238973400541
1354,1363,0.367,0.501,0.46634865490704724,0.6060246724732602,18,20,1,4,17,21,1,4,0.6210394512428337,53.775921148130486
1354,1364,0.226,0.334,0.7391294568535434,0.806701261179103,18,20,1,4,18,21,1,4,0.40327658002914085,55.91588243169308
1354,1365,0.904,0.667,0.08824472278744833,0.3734680928923434,18,20,1,4,19,21,1,4,1.1234344662685047,36.42108818598932
1354,1366,1,1,0,0.2928932188134524,18,20,1,4,20,21,1,4,1.4142135623730951,45
1354,1367,0.943,0.834,0.032528821379083195,0.3566626073265371,18,20,1,4,10,22,1,4,1.2588903844259038,41.489912774064166
1354,1368,0.922,0.819,0.04147314698336402,0.36549126018041767,18,20,1,4,11,22,1,4,1.2332254457316392,41.61424782904564
1354,1369,0.89,0.8,0.055474431110095646,0.37784506373571225,18,20,1,4,12,22,1,4,1.196703806294607,41.951625059701705
1354,1370,0.843,0.778,0.0771116754947202,0.39470769662827165,18,20,1,4,13,22,1,4,1.1471412293174716,42.70374366228115
1354,1371,0.77,0.75,0.11195784771502837,0.4184976731885096,18,20,1,4,14,22,1,4,1.0748953437428221,44.24615166692923
1354,1372,0.657,0.715,0.17590189872266537,0.45660804794484255,18,20,1,4,15,22,1,4,0.9710169926422503,47.42068347893792
1354,1373,0.493,0.667,0.2926711198093275,0.5188339082715498,18,20,1,4,16,22,1,4,0.8294202794723553,53.53076560994814
1354,1374,0.319,0.6,0.49060103415130096,0.624050859218714,18,20,1,4,17,22,1,4,0.6795299846217236,62.00191024296296
1354,1375,0.351,0.5,0.5617916413316031,0.6880421871457895,18,20,1,4,18,22,1,4,0.6109017924347578,54.93114495476391
1354,1376,0.924,0.751,0.07686429001769968,0.3516938076152858,18,20,1,4,19,22,1,4,1.1907044133621072,39.10319538828775
1354,1377,1,1,0,0.2928932188134524,18,20,1,4,20,22,1,4,1.4142135623730951,45
1354,1379,0.895,0.847,0.053267399198154486,0.37556536787562045,18,20,1,4,10,23,1,4,1.2322475400665243,43.42164081388951
1354,1380,0.863,0.833,0.06562014556488771,0.3855901213742867,18,20,1,4,11,23,1,4,1.1994407029945249,43.98661901731434
1354,1381,0.817,0.819,0.08398084804469974,0.3992543793335509,18,20,1,4,12,23,1,4,1.1568275584545866,45.07004370534282
1354,1382,0.755,0.8,0.11075329296212011,0.4173725080540319,18,20,1,4,13,23,1,4,1.1000113635776678,46.65761459510975
1354,1383,0.668,0.778,0.15089735252591385,0.44207450715137486,18,20,1,4,14,23,1,4,1.0254306412429854,49.35022152521989
1354,1384,0.554,0.75,0.21731072849060207,0.479456136617911,18,20,1,4,15,23,1,4,0.9324247958950899,53.54795348389275
1354,1385,0.425,0.715,0.3221170402001349,0.5351393657893373,18,20,1,4,16,23,1,4,0.8317752100177066,59.27251338440034
1354,1386,0.335,0.667,0.46192612785332443,0.6124113748961432,18,20,1,4,17,23,1,4,0.7464006966770598,63.33196071422221
1354,1387,0.434,0.6,0.4376109824406136,0.6103761584927792,18,20,1,4,18,23,1,4,0.7405106346299153,54.12053040345925
1354,1388,0.935,0.8,0.06533875184383786,0.33845267116894395,18,20,1,4,19,23,1,4,1.2305385000072124,40.55079154701019
1354,1389,1,1,0,0.2928932188134524,18,20,1,4,20,23,1,4,1.4142135623730951,45
1354,1392,0.841,0.857,0.07334721031299651,0.39114044041017126,18,20,1,4,10,24,1,4,1.200720616962997,45.53987358150512
1354,1393,0.8,0.846,0.08783539416440211,0.4016378792583959,18,20,1,4,11,24,1,4,1.1643521803990406,46.60080196539883
1354,1394,0.746,0.833,0.10850889382721252,0.4156196107352005,18,20,1,4,12,24,1,4,1.1182150955876065,48.15370345523046
1354,1395,0.676,0.819,0.1371956138455902,0.43367814438068186,18,20,1,4,13,24,1,4,1.0619496221572848,50.46384281323664
1354,1396,0.59,0.8,0.17776863859736391,0.45750214708569115,18,20,1,4,14,24,1,4,0.994032192637643,53.59122543222765
1354,1397,0.491,0.778,0.2394289069251595,0.4916247860815999,18,20,1,4,15,24,1,4,0.9199809780642206,57.7437554358947
1354,1398,0.401,0.75,0.3254901991319209,0.5379346811033632,18,20,1,4,16,24,1,4,0.8504710459504191,61.868069407739796
1354,1399,0.357,0.714,0.4174179257454175,0.5899643751679571,18,20,1,4,17,24,1,4,0.7982762679674248,63.43494882292201
1354,1400,0.493,0.667,0.34852132626885035,0.5563731202745028,18,20,1,4,18,24,1,4,0.8294202794723553,53.53076560994814
1354,1401,0.942,0.834,0.05532637969050791,0.329797920927814,18,20,1,4,19,24,1,4,1.2581414864791638,41.520082495730286
1354,1402,1,1,1.1102230246251565e-16,0.29289321881345254,18,20,1,4,20,24,1,4,1.4142135623730951,45
1354,1406,0.787,0.867,0.09086705516157956,0.4034950650973468,18,20,1,4,10,25,1,4,1.170921859049527,47.76910096318249
1354,1407,0.74,0.857,0.10631483166481615,0.41394807174291126,18,20,1,4,11,25,1,4,1.1322760264175868,49.19013844200677
1354,1408,0.682,0.847,0.12758058990480925,0.42757973690725837,18,20,1,4,12,25,1,4,1.0874433318568835,51.15916302914308
1354,1409,0.613,0.834,0.15591938928624538,0.44475448528254447,18,20,1,4,13,25,1,4,1.0350483080513682,53.683667540038364
1354,1410,0.534,0.819,0.19402516508804346,0.46668662798936733,18,20,1,4,14,25,1,4,0.9777100797271141,56.89506051803613
1354,1411,0.456,0.8,0.24788614513214724,0.4964433833873231,18,20,1,4,15,25,1,4,0.9208344042226051,60.31685982087671
1354,1412,0.397,0.778,0.3151883423725256,0.5331762185522162,18,20,1,4,16,25,1,4,0.873437461985688,62.965562256894465
1354,1413,0.376,0.75,0.37163046144843015,0.5657448854464571,18,20,1,4,17,25,1,4,0.8389731819313415,63.37386592547393
1354,1414,0.538,0.715,0.28389175289726043,0.5175161297495763,18,20,1,4,18,25,1,4,0.8948010952161379,53.04045771192887
1354,1415,0.947,0.857,0.04716648168556958,0.32387439425798337,18,20,1,4,19,25,1,4,1.277207109281811,42.14393105028079
1354,1416,1,1,0,0.2928932188134524,18,20,1,4,20,25,1,4,1.4142135623730951,45
1354,1421,0.736,0.875,0.10517410335332322,0.41301479273954156,18,20,1,4,10,26,1,4,1.143381388688831,49.931370626219255
1354,1422,0.687,0.867,0.1206850889237504,0.42308474524433226,18,20,1,4,11,26,1,4,1.1061907611257653,51.607133302227496
1354,1423,0.629,0.857,0.1414144256517884,0.43596179272807856,18,20,1,4,12,26,1,4,1.0630569128696732,53.72298201520533
1354,1424,0.564,0.847,0.1680705583755664,0.45180448734430934,18,20,1,4,13,26,1,4,1.0175976611608342,56.34116483915408
1354,1425,0.497,0.833,0.20235331852109573,0.47139487067629093,18,20,1,4,14,26,1,4,0.9699989690716171,59.1780644147069
1354,1426,0.438,0.819,0.24777768697853186,0.4966006192718455,18,20,1,4,15,26,1,4,0.9287653094296751,61.86219394422561
1354,1427,0.402,0.8,0.2988869474147481,0.5248518355880378,18,20,1,4,16,26,1,4,0.895323405256447,63.32047189330873
1354,1428,0.392,0.778,0.33035694641809366,0.5434689585973265,18,20,1,4,17,26,1,4,0.8711762163879361,63.258473674069165
1354,1429,0.574,0.75,0.23670923367284935,0.4889891822539534,18,20,1,4,18,26,1,4,0.9444448104574453,52.571965443983856
1354,1430,0.951,0.876,0.04073833534546878,0.31969420521296243,18,20,1,4,19,26,1,4,1.2929721574728514,42.649276374683694
1354,1431,1,1,0,0.2928932188134524,18,20,1,4,20,26,1,4,1.4142135623730951,45
1354,1437,0.69,0.883,0.11633939684695316,0.42017659243611427,18,20,1,4,10,27,1,4,1.1206199177241138,51.99497214817762
1354,1438,0.641,0.876,0.1313426328038425,0.4296660989745723,18,20,1,4,11,27,1,4,1.0854754718555366,53.80575371101844
1354,1439,0.586,0.867,0.15087563889688715,0.4415812240987703,18,20,1,4,12,27,1,4,1.046463090605684,55.94547974084122
1354,1440,0.529,0.857,0.17520684094602235,0.45591078814861286,18,20,1,4,13,27,1,4,1.0071196552545283,58.314229971186776
1354,1441,0.473,0.846,0.20529673706822182,0.47308113593263157,18,20,1,4,14,27,1,4,0.9692497098271424,60.79037212380538
1354,1442,0.43,0.833,0.24284928813630735,0.4940599830911149,18,20,1,4,15,27,1,4,0.9374374645809713,62.696923781117945
1354,1443,0.409,0.819,0.28091186103612875,0.5153349089328065,18,20,1,4,16,27,1,4,0.9154463392247522,63.46293894258746
1354,1444,0.409,0.8,0.2952874547137403,0.5242473674300676,18,20,1,4,17,27,1,4,0.8984881746578528,62.921610626930985
1354,1445,0.604,0.778,0.20195594177796394,0.4676359586035671,18,20,1,4,18,27,1,4,0.9849365461794988,52.176036619933896
1354,1446,0.954,0.889,0.035714551497924574,0.3166553840211984,18,20,1,4,19,27,1,4,1.3040080521223785,42.98009622074059
1354,1447,1,1,1.1102230246251565e-16,0.29289321881345254,18,20,1,4,20,27,1,4,1.4142135623730951,45
1354,1454,0.65,0.889,0.12476101871503176,0.42544811261001825,18,20,1,4,10,28,1,4,1.1012815262229727,53.827274124692366
1354,1455,0.603,0.883,0.13892107515183605,0.4342615569979883,18,20,1,4,11,28,1,4,1.0692511398170217,55.670862085290594
1354,1456,0.553,0.875,0.156934397448944,0.4451412464143588,18,20,1,4,12,28,1,4,1.0351009612593354,57.70711350131659
1354,1457,0.503,0.867,0.17875797428850893,0.4579446770667448,18,20,1,4,13,28,1,4,1.0023462475611908,59.87934432188223
1354,1458,0.459,0.857,0.20478472345477783,0.4728234261072972,18,20,1,4,14,28,1,4,0.9721779672467382,61.82697600959649
1354,1459,0.429,0.847,0.23549545697149943,0.4901039804574343,18,20,1,4,15,28,1,4,0.9494472075897638,63.13808215559732
1354,1460,0.417,0.834,0.2633533964603141,0.5058366411560703,18,20,1,4,16,28,1,4,0.9324403466174123,63.43494882292201
1354,1461,0.425,0.818,0.2660975317421158,0.5080233442985469,18,20,1,4,17,28,1,4,0.9218183118163795,62.54542061607059
1354,1462,0.629,0.8,0.17582812028037242,0.4512617978737665,18,20,1,4,18,28,1,4,1.0176644830198212,51.823800253819044
1354,1463,0.956,0.901,0.0317800034139325,0.31437049293112906,18,20,1,4,19,28,1,4,1.3136730947994635,43.30352885249975
1354,1464,1,1,0,0.29289321881345254,18,20,1,4,20,28,1,4,1.4142135623730951,45
1354,1472,0.616,0.895,0.1309185042614417,0.4292386211078364,18,20,1,4,10,29,1,4,1.0864994247582462,55.46160151377619
1354,1473,0.571,0.889,0.14407874514998698,0.43734724665462654,18,20,1,4,11,29,1,4,1.0565803329610106,57.287581259050064
1354,1474,0.527,0.883,0.16047206258957292,0.4471994003918508,18,20,1,4,12,29,1,4,1.0283083195228948,59.17002256324132
1354,1475,0.485,0.876,0.179841291620097,0.4585552860420844,18,20,1,4,13,29,1,4,1.0012996554478584,61.02876345220633
1354,1476,0.451,0.867,0.20216439866619396,0.4713618788207905,18,20,1,4,14,29,1,4,0.9772870612056623,62.517245942303
1354,1477,0.431,0.858,0.2271129696065033,0.485501173170246,18,20,1,4,15,29,1,4,0.9601692559127271,63.32820319977938
1354,1478,0.423,0.847,0.2470685366862525,0.4968818161321653,18,20,1,4,16,29,1,4,0.9467512872977781,63.462013430976626
1354,1479,0.441,0.834,0.24189705065451794,0.4943576489312871,18,20,1,4,17,29,1,4,0.9434177229626334,62.13114479389059
1354,1480,0.65,0.819,0.15571086843126258,0.4383735414876472,18,20,1,4,18,29,1,4,1.0455912203150906,51.562698508937466
1354,1481,0.959,0.909,0.02867902771329478,0.31259370095082106,18,20,1,4,19,29,1,4,1.3213485535618525,43.46675315328981
1354,1482,1,1,0,0.2928932188134524,18,20,1,4,20,29,1,4,1.4142135623730951,45
1354,1491,0.587,0.9,0.1352717005724693,0.43188369268966087,18,20,1,4,10,30,1,4,1.0745087249529433,56.886716138950426
1354,1492,0.546,0.895,0.14737297160762597,0.43929892955959937,18,20,1,4,11,30,1,4,1.0483992560088928,58.61447616757622
1354,1493,0.507,0.889,0.1621780965543741,0.44817546528065044,18,20,1,4,12,30,1,4,1.0234109633964257,60.30372740022998
1354,1494,0.473,0.883,0.17926303658731946,0.4582035447098066,18,20,1,4,13,30,1,4,1.001707542149903,61.82321056823607
1354,1495,0.447,0.875,0.19831390129942994,0.46918073048646725,18,20,1,4,14,30,1,4,0.9825650105718197,62.93945830291639
1354,1496,0.434,0.867,0.21847112124148838,0.48068480733669705,18,20,1,4,15,30,1,4,0.9695591781835702,63.40852088221641
1354,1497,0.429,0.858,0.2322965875932973,0.48864387267592724,18,20,1,4,16,30,1,4,0.9592731623474098,63.43494882292201
1354,1498,0.456,0.847,0.2216937405182836,0.48276397636611934,18,20,1,4,17,30,1,4,0.9619485433223546,61.703278295770595
1354,1499,0.669,0.834,0.13979102411652933,0.4279685663194662,18,20,1,4,18,30,1,4,1.0691664977916209,51.264868678636965
1354,1500,0.961,0.917,0.026164924877346674,0.31116877385496877,18,20,1,4,19,30,1,4,1.3283109575698004,43.657852413944475
1354,1501,1,1,0,0.2928932188134524,18,20,1,4,20,30,1,4,1.4142135623730951,45
1354,1511,0.563,0.905,0.13820847872447883,0.4336475592137621,18,20,1,4,10,31,1,4,1.0658301928543776,58.11427960846103
1354,1512,0.526,0.9,0.1492626739147842,0.44040257395859317,18,20,1,4,11,31,1,4,1.0424375281042026,59.69608671460916
1354,1513,0.493,0.895,0.16256771181978802,0.4483753153634611,18,20,1,4,12,31,1,4,1.0217993932274574,61.15235694200745
1354,1514,0.465,0.889,0.1775789273177738,0.457206805937846,18,20,1,4,13,31,1,4,1.003267661195157,62.38775070506975
1354,1515,0.446,0.883,0.19378342911603963,0.46658644601682764,18,20,1,4,14,31,1,4,0.9892446613452104,63.20182984907684
1354,1516,0.438,0.875,0.20997169310605834,0.47588482401393106,18,20,1,4,15,31,1,4,0.9785034491507938,63.40876245385269
1354,1517,0.436,0.867,0.21901653465206472,0.48113162530200304,18,20,1,4,16,31,1,4,0.9704560783466709,63.30293113140784
1354,1518,0.471,0.858,0.20461994590216004,0.4728154973267752,18,20,1,4,17,31,1,4,0.9787772984698817,61.23536908805855
1354,1519,0.685,0.847,0.1269053693491362,0.4193673825244262,18,20,1,4,18,31,1,4,1.089327315364854,51.0362599957075
1354,1520,0.962,0.923,0.02407166368174951,0.30999407139580204,18,20,1,4,19,31,1,4,1.3331815330254166,43.81473918137761
1354,1521,1,1,0,0.2928932188134524,18,20,1,4,20,31,1,4,1.4142135623730951,45
1354,1532,0.543,0.909,0.1400405333924284,0.43473370142825174,18,20,1,4,10,32,1,4,1.0588342646514608,59.1476053870017
1354,1533,0.511,0.905,0.15009875078148083,0.4408717043211787,18,20,1,4,11,32,1,4,1.0393007264502416,60.54915103282331
1354,1534,0.482,0.9,0.16201411345201622,0.44801828271985167,18,20,1,4,12,32,1,4,1.020942701624337,61.82847689950399
1354,1535,0.46,0.895,0.17517043912947583,0.4557804728592465,18,20,1,4,13,32,1,4,1.0062927009573308,62.79835524695853
1354,1536,0.447,0.889,0.1889079425314516,0.4637696058887485,18,20,1,4,14,32,1,4,0.9950527624201644,63.30619447894896
1354,1537,0.441,0.883,0.2017982084416653,0.4712154799559658,18,20,1,4,15,32,1,4,0.987000506585483,63.46090975431852
1354,1538,0.442,0.875,0.2070784526079702,0.47428747700581164,18,20,1,4,16,32,1,4,0.9803004641435196,63.19970287493638
1354,1539,0.486,0.867,0.19002006628566348,0.4641696179740368,18,20,1,4,17,32,1,4,0.9939240413633227,60.72703133705581
1354,1540,0.7,0.858,0.11623033987156561,0.4121048118331888,18,20,1,4,18,32,1,4,1.1073228978035268,50.79068630869277
1354,1541,0.964,0.929,0.02229933135645601,0.30900222245295506,18,20,1,4,19,32,1,4,1.3387819090501634,43.94076924442474
1354,1542,1,1,0,0.2928932188134524,18,20,1,4,20,32,1,4,1.4142135623730951,45
1354,1554,0.527,0.914,0.1410157338266398,0.4352966444938461,18,20,1,4,10,33,1,4,1.0550473923004597,60.03283428760824
1354,1555,0.499,0.91,0.15014093065159295,0.44086386753107376,18,20,1,4,11,33,1,4,1.0378347652685374,61.26176619904586
1354,1556,0.475,0.905,0.16078643496938838,0.44726003564651207,18,20,1,4,12,33,1,4,1.0220812100806864,62.306731391110056
1354,1557,0.458,0.9,0.17228814858281216,0.45406919528515244,18,20,1,4,13,33,1,4,1.0098336496671123,63.02896249450762
1354,1558,0.448,0.895,0.1838895035210809,0.4608463532296626,18,20,1,4,14,33,1,4,1.0008641266425728,63.40934749329737
1354,1559,0.444,0.889,0.19402198937543158,0.46672600510420337,18,20,1,4,15,33,1,4,0.9937087098340237,63.46073450052996
1354,1560,0.448,0.883,0.19629962069246476,0.4680316027020053,18,20,1,4,16,33,1,4,0.9901479687400262,63.098527606210574
1354,1561,0.499,0.875,0.17736752894336094,0.4565583770887415,18,20,1,4,17,33,1,4,1.0072864537955428,60.30450552207792
1354,1562,0.713,0.867,0.10720680067610933,0.4058551031787996,18,20,1,4,18,33,1,4,1.1225230509882635,50.5669409889275
1354,1563,0.965,0.934,0.02077457566439256,0.3081471682224025,18,20,1,4,19,33,1,4,1.3429746833056833,44.06476492062652
1354,1564,1,1,0,0.2928932188134524,18,20,1,4,20,33,1,4,1.4142135623730951,45
1354,1577,0.514,0.917,0.14132441977875854,0.4354529495698034,18,20,1,4,10,34,1,4,1.0512302316809576,60.72834741871409
1354,1578,0.489,0.913,0.1495835896109563,0.44049471571423815,18,20,1,4,11,34,1,4,1.0357074876624193,61.82663458799709
1354,1579,0.47,0.909,0.1590756573895048,0.44621061249240745,18,20,1,4,12,34,1,4,1.0233186209583016,62.65869860846764
1354,1580,0.457,0.905,0.16910482495138535,0.4521695663827169,18,20,1,4,13,34,1,4,1.0138412104466852,63.20748552052317
1354,1581,0.45,0.9,0.17884855290464752,0.45788597075515125,18,20,1,4,14,34,1,4,1.0062305898749055,63.43494882292201
1354,1582,0.448,0.895,0.18665649692751884,0.4624304145695398,18,20,1,4,15,34,1,4,1.0008641266425728,63.40934749329737
1354,1583,0.455,0.889,0.18651220260016177,0.4622824441269059,18,20,1,4,16,34,1,4,0.998672118365182,62.89613292503925
1354,1584,0.513,0.883,0.166256027578648,0.4497743470891792,18,20,1,4,17,34,1,4,1.0212041911390688,59.844528016225034
1354,1585,0.725,0.876,0.09944289850619192,0.4003856947030955,18,20,1,4,18,34,1,4,1.1371020182903555,50.38797319863562
1354,1586,0.966,0.938,0.019440945584611957,0.3073966537289907,18,20,1,4,19,34,1,4,1.346476884316994,44.15747573925959
1354,1587,1,1,1.1102230246251565e-16,0.29289321881345254,18,20,1,4,20,34,1,4,1.4142135623730951,45
1354,1601,0.503,0.92,0.14111153083890593,0.4352906245681627,18,20,1,4,10,35,1,4,1.0485270621209546,61.33284640112438
1354,1602,0.483,0.917,0.14857033669369202,0.43984938924526673,18,20,1,4,11,35,1,4,1.036425588259958,62.22343619113146
1354,1603,0.467,0.913,0.15701531984766304,0.44494814740165944,18,20,1,4,12,35,1,4,1.0255037786376022,62.91023110297346
1354,1604,0.457,0.909,0.16573184680926145,0.45014633181014474,18,20,1,4,13,35,1,4,1.0174133869769948,63.30902423553574
1354,1605,0.452,0.905,0.17385298030972463,0.4549291527692123,18,20,1,4,14,35,1,4,1.0115972518744798,63.460278520437676
1354,1606,0.451,0.9,0.1796870969426667,0.4583252344826062,18,20,1,4,15,35,1,4,1.0066782008169244,63.38404187984227
1354,1607,0.462,0.895,0.17756563998415942,0.4569661462473361,18,20,1,4,16,35,1,4,1.0072085186295836,62.697166509704786
1354,1608,0.525,0.889,0.15638084152607246,0.44365831860321414,18,20,1,4,17,35,1,4,1.0324466087890454,59.4359749789752
1354,1609,0.735,0.883,0.09266296785413686,0.39552855934412046,18,20,1,4,18,35,1,4,1.1488751020019539,50.22635567335552
1354,1610,0.967,0.942,0.01825383239807621,0.3067277844090137,18,20,1,4,19,35,1,4,1.3499825924803623,44.24970528534681
1354,1611,1,1,0,0.2928932188134524,18,20,1,4,20,35,1,4,1.4142135623730951,45
1354,1654,1,1,0,0.2928932188134524,18,20,1,4,10,18,4,4,1.4142135623730951,45
1354,1655,1,1,0,0.2928932188134524,18,20,1,4,11,18,4,4,1.4142135623730951,45
1354,1656,1,1,0,0.2928932188134524,18,20,1,4,12,18,4,4,1.4142135623730951,45
1354,1657,1,1,0,0.2928932188134524,18,20,1,4,13,18,4,4,1.4142135623730951,45
1354,1658,1,1,0,0.2928932188134524,18,20,1,4,14,18,4,4,1.4142135623730951,45
1354,1659,1,1,0,0.2928932188134524,18,20,1,4,15,18,4,4,1.4142135623730951,45
1354,1660,1,1,0,0.2928932188134524,18,20,1,4,16,18,4,4,1.4142135623730951,45
1354,1661,1,1,0,0.2928932188134524,18,20,1,4,17,18,4,4,1.4142135623730951,45
1354,1662,0.996,0.901,0.0024389050347667363,0.30505953900159244,18,20,1,4,10,19,4,4,1.3430625450812035,42.13307558529399
1354,1663,0.994,0.889,0.0037649679138707093,0.3081075003857717,18,20,1,4,11,19,4,4,1.3335505239772507,41.80837334344573
1354,1664,0.99,0.876,0.006187730053257345,0.3125897708080413,18,20,1,4,12,19,4,4,1.3219213289753668,41.50395995814266
1354,1665,0.983,0.857,0.011083891834145043,0.3196378023640778,18,20,1,4,13,19,4,4,1.304123460413162,41.082600276792334
1354,1666,0.968,0.834,0.022205901421795238,0.3317138200654294,18,20,1,4,14,19,4,4,1.2777245399537414,40.74720887840148
1354,1667,0.934,0.8,0.05087348306450634,0.35441715737400026,18,20,1,4,15,19,4,4,1.2297788419061373,40.58108092931
1354,1668,0.849,0.751,0.13435211583536666,0.40335053730914916,18,20,1,4,16,19,4,4,1.1334910674548786,41.49501218881148
1354,1669,0.62,0.667,0.38600272610528086,0.5307302223396846,18,20,1,4,17,19,4,4,0.9106530623678811,47.09145724448186
1354,1670,0.256,0.501,0.6541898493760786,0.7408684679525084,18,20,1,4,18,19,4,4,0.5626162102179424,62.93396510853772
1354,1671,0.943,0.8,0.0282521807273165,0.3506541766239617,18,20,1,4,10,20,4,4,1.2366280766665456,40.30981788471439
1354,1672,0.92,0.778,0.039777294608431824,0.36238643498304535,18,20,1,4,11,20,4,4,1.204858497915834,40.21960352482702
1354,1673,0.884,0.75,0.058382481503985284,0.37870286816945387,18,20,1,4,12,20,4,4,1.1592911627369544,40.3118161861896
1354,1674,0.828,0.715,0.09025191610738714,0.4025324610829808,18,20,1,4,13,20,4,4,1.0939876598938398,40.81148048005516
1354,1675,0.738,0.667,0.14798049807474,0.43929207127490266,18,20,1,4,14,20,4,4,0.9947527330950139,42.10708692498425
1354,1676,0.59,0.6,0.25651754714385255,0.4990339505362743,18,20,1,4,15,20,4,4,0.841486779456457,45.481465805838354
1354,1677,0.352,0.5,0.46305785988526793,0.6026021432612383,18,20,1,4,16,20,4,4,0.6114769006266713,54.85445450029395
1354,1678,0.17,0.334,0.7839827091071299,0.7840126276324202,18,20,1,4,17,20,4,4,0.3747745989258077,63.024723521238485
1354,1679,0.51,0,0.474390915569034,0.66031714712427,18,20,1,4,18,20,4,4,0.51,0
1354,1680,0.924,0.501,0.05367528591902426,0.3610375351657913,18,20,1,4,19,20,4,4,1.0510837264461856,28.46689423188051
1354,1681,0.796,0.818,0.08651870124746996,0.4018905315884951,18,20,1,4,10,21,4,4,1.1413763621172466,45.78093500118441
1354,1682,0.736,0.8,0.11369477813638806,0.4200241762452285,18,20,1,4,11,21,4,4,1.0870584160936339,47.38594403038881
1354,1683,0.657,0.778,0.15328899651804528,0.4440056719519033,18,20,1,4,12,21,4,4,1.0182990719822935,49.81981076630949
1354,1684,0.558,0.75,0.21229824378209938,0.4766959119490628,18,20,1,4,13,21,4,4,0.9348069319383548,53.350752532331406
1354,1685,0.445,0.714,0.3002996289617874,0.5222635650646366,18,20,1,4,14,21,4,4,0.8413209851180463,58.06680496023696
1354,1686,0.348,0.667,0.42286369841375737,0.5852631800324992,18,20,1,4,15,21,4,4,0.7523250627222251,62.447188423282206
1354,1687,0.3,0.6,0.5527270323038318,0.6627202898724807,18,20,1,4,16,21,4,4,0.6708203932499369,63.43494882292201
1354,1688,0.369,0.501,0.5450230276087006,0.6856079112826864,18,20,1,4,17,21,4,4,0.6222234325385054,53.62735314406524
1354,1689,0.74,0.334,0.23869092693912985,0.485341075473259,18,20,1,4,18,21,4,4,0.8118842282000556,24.292100878347306
1354,1690,0.973,0.667,0.02481921482427807,0.31629000183521006,18,20,1,4,19,21,4,4,1.1796685975306793,34.43097799398074
1354,1691,1,1,0,0.2928932188134524,18,20,1,4,20,21,4,4,1.4142135623730951,45
1354,1692,0.628,0.834,0.14981927658175942,0.44154905896708474,18,20,1,4,10,22,4,4,1.0440019157070546,53.0203404587105
1354,1693,0.561,0.819,0.18473823573042458,0.4615161830261236,18,20,1,4,11,22,4,4,0.9927144604567821,55.58957085806766
1354,1694,0.49,0.8,0.2302737561729784,0.48640016207423686,18,20,1,4,12,22,4,4,0.9381364506296512,58.51253063578603
1354,1695,0.425,0.778,0.2887228930136344,0.5174618736644634,18,20,1,4,13,22,4,4,0.8865150872940629,61.35343388791485
1354,1696,0.38,0.75,0.35857381447309833,0.5549284198472819,18,20,1,4,14,22,4,4,0.8407734534343957,63.13018691250094
1354,1697,0.357,0.715,0.42588632160699225,0.5939455685655964,18,20,1,4,15,22,4,4,0.7991708202881284,63.467011371065475
1354,1698,0.368,0.667,0.44696123798836396,0.6129464205811584,18,20,1,4,16,22,4,4,0.761782777437243,61.1134182330893
1354,1699,0.544,0.6,0.33985217219000796,0.5577914451255848,18,20,1,4,17,22,4,4,0.8098987591051119,47.802451519866786
1354,1700,0.846,0.5,0.12422940542929739,0.4006309358673833,18,20,1,4,18,22,4,4,0.9827085020493106,30.58379009161867
1354,1701,0.987,0.751,0.011678163273035058,0.3029153453886779,18,20,1,4,19,22,4,4,1.2402298174128858,37.26720115020656
1354,1702,1,1,0,0.2928932188134524,18,20,1,4,20,22,4,4,1.4142135623730951,45
1354,1704,0.515,0.847,0.19427416773361406,0.466785895299229,18,20,1,4,10,23,4,4,0.9912789718338627,58.69921335806867
1354,1705,0.467,0.833,0.22719768649916738,0.4849817442099942,18,20,1,4,11,23,4,4,0.9549753923531223,60.7239527784028
1354,1706,0.428,0.819,0.26566585822615807,0.505938497725954,18,20,1,4,12,23,4,4,0.9240914456913882,62.40894822238573
1354,1707,0.402,0.8,0.30777349386280994,0.5290159362341746,18,20,1,4,13,23,4,4,0.895323405256447,63.32047189330873
1354,1708,0.389,0.778,0.34646322430677035,0.5510995169938877,18,20,1,4,14,23,4,4,0.8698304432474182,63.43494882292201
1354,1709,0.389,0.75,0.36405327160327794,0.563149409136666,18,20,1,4,15,23,4,4,0.8448792813177514,62.58573529779188
1354,1710,0.463,0.715,0.3282943655302103,0.5460604129502868,18,20,1,4,16,23,4,4,0.8518180556902982,57.074825800156134
1354,1711,0.669,0.667,0.21043484343854335,0.4754406475417198,18,20,1,4,17,23,4,4,0.9446957182077201,44.91422793905288
1354,1712,0.901,0.6,0.06825387041918785,0.35901727846017617,18,20,1,4,18,23,4,4,1.0824975750550205,33.66070766202992
1354,1713,0.993,0.8,0.005823050006526276,0.2980928470962756,18,20,1,4,19,23,4,4,1.2751662636691734,38.856290255030515
1354,1714,1,1,0,0.2928932188134524,18,20,1,4,20,23,4,4,1.4142135623730951,45
1354,1717,0.459,0.857,0.21673105742388987,0.4793763421798808,18,20,1,4,10,24,4,4,0.9721779672467382,61.82697600959649
1354,1718,0.434,0.846,0.24256607508708816,0.4937177791866628,18,20,1,4,11,24,4,4,0.950827008451064,62.84206916187266
1354,1719,0.418,0.833,0.2691250097486748,0.508494548415367,18,20,1,4,12,24,4,4,0.9319940986937632,63.35246935084579
1354,1720,0.409,0.819,0.29255529934113855,0.5218299522866425,18,20,1,4,13,24,4,4,0.9154463392247522,63.46293894258746
1354,1721,0.407,0.8,0.304659830325797,0.5294025755757429,18,20,1,4,14,24,4,4,0.8975795229393327,63.03528369927465
1354,1722,0.441,0.778,0.2910112357726208,0.5229730927229945,18,20,1,4,15,24,4,4,0.8942958123574101,60.453785658307886
1354,1723,0.556,0.75,0.23413884217756487,0.4906980650211791,18,20,1,4,16,24,4,4,0.9336144814643783,53.44922721763005
1354,1724,0.756,0.714,0.13322652660151513,0.4236514487310863,18,20,1,4,17,24,4,4,1.0398711458637555,43.36342295838328
1354,1725,0.934,0.667,0.03960286318070827,0.33665208960756043,18,20,1,4,18,24,4,4,1.1477129432048765,35.53187451239197
1354,1726,0.996,0.834,0.0031110822191188214,0.295979526605025,18,20,1,4,19,24,4,4,1.299065818193982,39.94110195601155
1354,1727,1,1,0,0.2928932188134524,18,20,1,4,20,24,4,4,1.4142135623730951,45
1354,1731,0.44,0.867,0.22213322948148306,0.4825459576907699,18,20,1,4,10,25,4,4,0.9722597389586797,63.092337849638895
1354,1732,0.429,0.857,0.23957389568971454,0.49237798829494406,18,20,1,4,11,25,4,4,0.9583788394992869,63.4082125768397
1354,1733,0.423,0.847,0.25443053162598295,0.5008504188952436,18,20,1,4,12,25,4,4,0.9467512872977781,63.462013430976626
1354,1734,0.42,0.834,0.26245727823492093,0.505693889351845,18,20,1,4,13,25,4,4,0.93378584268557,63.270306231514546
1354,1735,0.438,0.819,0.25661648278801896,0.5028911722465319,18,20,1,4,14,25,4,4,0.9287653094296751,61.86219394422561
1354,1736,0.502,0.8,0.22746846957521827,0.4864598744056321,18,20,1,4,15,25,4,4,0.944459633864783,57.89172885849043
1354,1737,0.636,0.778,0.1681763592650498,0.44987112699567156,18,20,1,4,16,25,4,4,1.0048781020601454,50.734663621805346
1354,1738,0.817,0.75,0.08801682768781005,0.3908442274499764,18,20,1,4,17,25,4,4,1.1090486914468634,42.55170358652742
1354,1739,0.954,0.715,0.024620441713167907,0.3239478851987865,18,20,1,4,18,25,4,4,1.1922000671028332,36.85067410034388
1354,1740,0.997,0.857,0.0018089696062961735,0.29493590065945563,18,20,1,4,19,25,4,4,1.3147083326730686,40.68165332935897
1354,1741,1,1,0,0.2928932188134524,18,20,1,4,20,25,4,4,1.4142135623730951,45
1354,1746,0.438,0.875,0.21687027395563474,0.47972049319237653,18,20,1,4,10,26,4,4,0.9785034491507938,63.40876245385269
1354,1747,0.433,0.867,0.226735366428637,0.48538271873600225,18,20,1,4,11,26,4,4,0.9691119646356658,63.461388959260724
1354,1748,0.431,0.857,0.2321910000521369,0.48860822958335204,18,20,1,4,12,26,4,4,0.9592757684837036,63.30139246921609
1354,1749,0.44,0.847,0.22949987731749,0.48725583332627764,18,20,1,4,13,26,4,4,0.9544679145995427,62.549002229067774
1354,1750,0.479,0.833,0.21345162600150214,0.47810997110515074,18,20,1,4,14,26,4,4,0.9609006192109567,60.09980588226183
1354,1751,0.564,0.819,0.17870748868028297,0.4571415843255682,18,20,1,4,15,26,4,4,0.9944128921127279,55.446965073249665
1354,1752,0.702,0.8,0.12418506043966182,0.420866583573822,18,20,1,4,16,26,4,4,1.0643326547654168,48.733048507519406
1354,1753,0.86,0.778,0.06129956806859016,0.3696760758169414,18,20,1,4,17,26,4,4,1.1596913382447935,42.13410559664922
1354,1754,0.967,0.75,0.016455217120719734,0.31635262732457126,18,20,1,4,18,26,4,4,1.2237601889259186,37.796963215501144
1354,1755,0.998,0.876,0.001154257657157376,0.29436761613079043,18,20,1,4,19,26,4,4,1.3279231905498148,41.27522143439139
1354,1756,1,1,1.1102230246251565e-16,0.29289321881345254,18,20,1,4,20,26,4,4,1.4142135623730951,45
1354,1762,0.441,0.883,0.20616213711631737,0.47369621348700275,18,20,1,4,10,27,4,4,0.987000506585483,63.46090975431852
1354,1763,0.439,0.876,0.21003250075424995,0.47596138932605747,18,20,1,4,11,27,4,4,0.9798453959681599,63.38264780640062
1354,1764,0.445,0.867,0.2087576056145357,0.47528109583323574,18,20,1,4,12,27,4,4,0.9745327085326587,62.83019710592144
1354,1765,0.469,0.857,0.19935813081586673,0.4698252483558214,18,20,1,4,13,27,4,4,0.9769390973852976,61.30996941454118
1354,1766,0.524,0.846,0.17830482266827574,0.45714487365598777,18,20,1,4,14,27,4,4,0.9951341618093512,58.226532826317104
1354,1767,0.621,0.833,0.1429560365992526,0.4345451872803825,18,20,1,4,15,27,4,4,1.0390043310785573,53.29553725392975
1354,1768,0.755,0.819,0.09487706971796772,0.4001831901983174,18,20,1,4,16,27,4,4,1.1139057410750697,47.328406004765114
1354,1769,0.891,0.8,0.04495317888044459,0.3554985330099235,18,20,1,4,17,27,4,4,1.1974477024070822,41.9196383613657
1354,1770,0.975,0.778,0.01169080277395218,0.31151670706380474,18,20,1,4,18,27,4,4,1.2473608138786467,38.588071995702286
1354,1771,0.999,0.889,7.900898102081166e-4,0.2940262787113809,18,20,1,4,19,27,4,4,1.3372815709490653,41.66556206288983
1354,1772,1,1,0,0.2928932188134524,18,20,1,4,20,27,4,4,1.4142135623730951,45
1354,1779,0.445,0.889,0.19330415368619158,0.4662905248938757,18,20,1,4,10,28,4,4,0.9941559233842546,63.40917474480761
1354,1780,0.449,0.883,0.19274153258578441,0.46595714275362143,18,20,1,4,11,28,4,4,0.9906008277807968,63.04694721790845
1354,1781,0.465,0.875,0.1869405607802791,0.4625149508202101,18,20,1,4,12,28,4,4,0.9908834442052203,62.01254680924402
1354,1782,0.502,0.867,0.17364250559822236,0.4544528451891422,18,20,1,4,13,28,4,4,1.0018447983595065,59.92881223249202
1354,1783,0.57,0.857,0.15056416888269442,0.43991514628761474,18,20,1,4,14,28,4,4,1.0292468119940912,56.371690229152534
1354,1784,0.672,0.847,0.11666698835299982,0.41706675858721487,18,20,1,4,15,28,4,4,1.0811997965223634,51.571922654315884
1354,1785,0.798,0.834,0.07479865524978069,0.38497083904761564,18,20,1,4,16,28,4,4,1.1542789957371657,46.26367255165827
1354,1786,0.914,0.818,0.034334300787618455,0.34548233082910285,18,20,1,4,17,28,4,4,1.2265887656423402,41.82749858046841
1354,1787,0.981,0.8,0.008696264835867162,0.30820463866251335,18,20,1,4,18,28,4,4,1.265843987227494,39.197050897473275
1354,1788,0.999,0.901,5.669983356687558e-4,0.29380013061313126,18,20,1,4,19,28,4,4,1.3452888165743444,42.04736053774425
1354,1789,1,1,1.1102230246251565e-16,0.29289321881345254,18,20,1,4,20,28,4,4,1.4142135623730951,45
1354,1797,0.453,0.895,0.18006076316106479,0.45850685857323015,18,20,1,4,10,29,4,4,1.003112157238661,63.15396419427851
1354,1798,0.464,0.889,0.17632356016503214,0.45623337990035706,18,20,1,4,11,29,4,4,1.0028045672014063,62.43837877053393
1354,1799,0.49,0.883,0.1675695417008214,0.4508681286319619,18,20,1,4,12,29,4,4,1.009846027867615,60.97294989490963
1354,1800,0.538,0.876,0.15213264464253873,0.4411711357991177,18,20,1,4,13,29,4,4,1.0280175095785091,58.443615565397494
1354,1801,0.614,0.867,0.12859569716904407,0.42572060600793615,18,20,1,4,14,29,4,4,1.0623958772510367,54.69428765932383
1354,1802,0.717,0.858,0.09695190058624203,0.40324290848704714,18,20,1,4,15,29,4,4,1.1181471280649966,50.11569892703788
1354,1803,0.832,0.847,0.060425316766971715,0.3733353076817214,18,20,1,4,16,29,4,4,1.1872796637692402,45.51186052927727
1354,1804,0.932,0.834,0.02700859215230733,0.3380196830573484,18,20,1,4,17,29,4,4,1.2506718194634434,41.82376366922426
1354,1805,0.985,0.819,0.006668929810300317,0.30578440916629823,18,20,1,4,18,29,4,4,1.2810097579643958,39.74257725711318
1354,1806,0.999,0.909,4.1996942824262806e-4,0.2936382965664901,18,20,1,4,19,29,4,4,1.3506598387454927,42.299370662604716
1354,1807,1,1,0,0.2928932188134524,18,20,1,4,20,29,4,4,1.4142135623730951,45
1354,1816,0.464,0.9,0.16726312301404211,0.4508322142981849,18,20,1,4,10,30,4,4,1.0125690099938869,62.726379900815196
1354,1817,0.483,0.895,0.16127628304469066,0.44711328574303477,18,20,1,4,11,30,4,4,1.0170122909778425,61.645825168945585
1354,1818,0.518,0.889,0.15063109421587972,0.4404040123065418,18,20,1,4,12,30,4,4,1.0289047574970194,59.77162149216751
1354,1819,0.575,0.883,0.13411820747790137,0.429682348211638,18,20,1,4,13,30,4,4,1.0537143825534507,56.92826249831869
1354,1820,0.655,0.875,0.1109571394839366,0.413844377309427,18,20,1,4,14,30,4,4,1.0930004574564458,53.1825229978214
1354,1821,0.755,0.867,0.08173112847252584,0.39199953207657834,18,20,1,4,15,30,4,4,1.1496582100781083,48.9500354338428
1354,1822,0.86,0.858,0.04969937142164105,0.36408641377794393,18,20,1,4,16,30,4,4,1.2148102732525765,44.93329947190911
1354,1823,0.945,0.847,0.021674551731826197,0.33219326313513664,18,20,1,4,17,30,4,4,1.269028762479401,41.869755137780906
1354,1824,0.989,0.834,0.005219493358446958,0.3039200777493769,18,20,1,4,18,30,4,4,1.2937066900963294,40.14013290648475
1354,1825,0.999,0.917,3.1730825746567604e-4,0.2935156677627476,18,20,1,4,19,30,4,4,1.3560567834718427,42.549379651519416
1354,1826,1,1,0,0.2928932188134524,18,20,1,4,20,30,4,4,1.4142135623730951,45
1354,1836,0.479,0.905,0.15521176669642167,0.4434648641793627,18,20,1,4,10,31,4,4,1.0239462876538006,62.10854698076198
1354,1837,0.505,0.9,0.147638112761043,0.43865774151798786,18,20,1,4,11,31,4,4,1.0320004844960105,60.70273287391833
1354,1838,0.548,0.895,0.135811016097811,0.4309963575819763,18,20,1,4,12,31,4,4,1.0494422328075044,58.521260135298945
1354,1839,0.61,0.889,0.11888169706256724,0.4196327471778697,18,20,1,4,13,31,4,4,1.0781562966471976,55.5434794730093
1354,1840,0.692,0.883,0.09650090634301067,0.40370229757094944,18,20,1,4,14,31,4,4,1.1218524858465126,51.91448632641114
1354,1841,0.788,0.875,0.06960596586356738,0.382590590090257,18,20,1,4,15,31,4,4,1.1775266451337736,47.994703999067006
1354,1842,0.882,0.867,0.041389069759395714,0.35647305963895726,18,20,1,4,16,31,4,4,1.2367752423136549,44.50862457282901
1354,1843,0.955,0.858,0.01762305753789495,0.3274610803801635,18,20,1,4,17,31,4,4,1.2838181335376129,41.937453552056326
1354,1844,0.991,0.847,0.004134116872651861,0.30242288635622083,18,20,1,4,18,31,4,4,1.3036448902979676,40.52025399252299
1354,1845,1,0.923,2.4251055609103567e-4,0.29341880125694175,18,20,1,4,19,31,4,4,1.3608559806239602,42.707010169212275
1354,1846,1,1,0,0.2928932188134524,18,20,1,4,20,31,4,4,1.4142135623730951,45
1354,1857,0.497,0.909,0.1439854289906134,0.436461898999735,18,20,1,4,10,32,4,4,1.0359971042430574,61.33216071115048
1354,1858,0.529,0.905,0.1353013516461783,0.43082273753559297,18,20,1,4,11,32,4,4,1.048268095479396,59.692416442470666
1354,1859,0.578,0.9,0.12276833493419259,0.4224764473377002,18,20,1,4,12,32,4,4,1.0696186236224572,57.290521745263995
1354,1860,0.644,0.895,0.10580741426033402,0.4107163339486294,18,20,1,4,13,32,4,4,1.102615526827008,54.262980816884756
1354,1861,0.725,0.889,0.08440538671477993,0.39486466216675986,18,20,1,4,14,32,4,4,1.1471468955630748,50.80196267899538
1354,1862,0.816,0.883,0.05970743539864409,0.3745171952774383,18,20,1,4,15,32,4,4,1.2023081967615459,47.25828672538893
1354,1863,0.9,0.875,0.03474795350772619,0.3500252832116486,18,20,1,4,16,32,4,4,1.2552390210633193,44.19307054489763
1354,1864,0.963,0.867,0.014451690787877891,0.32350080568890527,18,20,1,4,17,32,4,4,1.2957847043394206,41.997072378616096
1354,1865,0.993,0.858,0.0033024412793831726,0.3011851282953437,18,20,1,4,18,32,4,4,1.312331131993751,40.828601280933036
1354,1866,1,0.929,1.86825476399477e-4,0.2933402765312175,18,20,1,4,19,32,4,4,1.3649325990685401,42.8920866639288
1354,1867,1,1,1.1102230246251565e-16,0.29289321881345254,18,20,1,4,20,32,4,4,1.4142135623730951,45
1354,1879,0.516,0.914,0.13355090136545456,0.42981250600149623,18,20,1,4,10,33,4,4,1.0495961127976798,60.55303782131358
1354,1880,0.555,0.91,0.12409071847492459,0.4235261763052235,18,20,1,4,11,33,4,4,1.0658916455250036,58.62139792921548
1354,1881,0.607,0.905,0.11115872115004222,0.4146806121570622,18,20,1,4,12,33,4,4,1.0897128062017074,56.14952220984402
1354,1882,0.675,0.9,0.09442361973094693,0.40268669826090364,18,20,1,4,13,33,4,4,1.125,53.13010235415598
1354,1883,0.755,0.895,0.07408498686170284,0.3870183390248553,18,20,1,4,14,33,4,4,1.1709184429327262,49.84984390178281
1354,1884,0.839,0.889,0.051441881784983545,0.3674390773070013,18,20,1,4,15,33,4,4,1.2223919175125464,46.6574015434139
1354,1885,0.915,0.883,0.029307788122859058,0.34443738141936087,18,20,1,4,16,33,4,4,1.2715793329556753,43.980382983260995
1354,1886,0.969,0.875,0.011907875779588073,0.3201096474414383,18,20,1,4,17,33,4,4,1.3055979473023078,42.08180834529873
1354,1887,0.994,0.867,0.0026497528214038946,0.3001402024961245,18,20,1,4,18,33,4,4,1.3189863532273562,41.09602386659869
1354,1888,1,0.934,1.4478319405042406e-4,0.29327547149930555,18,20,1,4,19,33,4,4,1.3683406008739198,43.045473375173806
1354,1889,1,1,0,0.2928932188134524,18,20,1,4,20,33,4,4,1.4142135623730951,45
1354,1902,0.538,0.917,0.1238189485468727,0.4234792243903741,18,20,1,4,10,34,4,4,1.063171199760415,59.600032747947274
1354,1903,0.58,0.913,0.11381988334106252,0.41668189730556415,18,20,1,4,11,34,4,4,1.0816510527892071,57.57349702680283
1354,1904,0.636,0.909,0.10072554328500383,0.4074703802576979,18,20,1,4,12,34,4,4,1.1094038939899211,55.0206727076389
1354,1905,0.705,0.905,0.08436714659792133,0.39535618672084794,18,20,1,4,13,34,4,4,1.147192224520372,52.08121224465871
1354,1906,0.781,0.9,0.06515110013596281,0.3799405978253183,18,20,1,4,14,34,4,4,1.1916211646324515,49.04928157609026
1354,1907,0.859,0.895,0.04442191787832017,0.36112598816425723,18,20,1,4,15,34,4,4,1.240526501127646,46.17580302254755
1354,1908,0.927,0.889,0.02477610321088186,0.33951009770652085,18,20,1,4,16,34,4,4,1.2843870133258122,43.80125444415985
1354,1909,0.974,0.883,0.009831665317638794,0.3171586513290968,18,20,1,4,17,34,4,4,1.3146729631356993,42.19453504259116
1354,1910,0.995,0.876,0.0021305773383841764,0.2992459955259602,18,20,1,4,18,34,4,4,1.325670019273273,41.36075562786028
1354,1911,1,0.938,1.1250850891986186e-4,0.2932213991391216,18,20,1,4,19,34,4,4,1.3710740315533658,43.16763304046667
1354,1912,1,1,0,0.2928932188134524,18,20,1,4,20,34,4,4,1.4142135623730951,45
1354,1926,0.56,0.92,0.11470266488088499,0.4174214354635648,18,20,1,4,10,35,4,4,1.077032961426901,58.67130713219583
1354,1927,0.606,0.917,0.1043579850336046,0.41021713761517364,18,20,1,4,11,35,4,4,1.0991473968490304,56.54125407162218
1354,1928,0.663,0.913,0.09125953127366193,0.4007403885501426,18,20,1,4,12,35,4,4,1.1283341703591185,54.01369349876401
1354,1929,0.731,0.909,0.07540713797145726,0.3885910117548387,18,20,1,4,13,35,4,4,1.1664656017217139,51.194440311642154
1354,1930,0.805,0.905,0.05732804637891198,0.3734801080594843,18,20,1,4,14,35,4,4,1.211218394840501,48.34681864174021
1354,1931,0.877,0.9,0.03838405212505758,0.3554272466247098,18,20,1,4,15,35,4,4,1.256633996038624,45.74154718496528
1354,1932,0.938,0.895,0.02096557071241001,0.3351164607916961,18,20,1,4,16,35,4,4,1.2964833203709178,43.656155631666735
1354,1933,0.978,0.889,0.008126433253004217,0.31456643490063196,18,20,1,4,17,35,4,4,1.3216675073557647,42.2707728935396
1354,1934,0.996,0.883,0.0017150916693878804,0.2984754546952164,18,20,1,4,18,35,4,4,1.3310540935664485,41.558470040258705
1354,1935,1,0.942,8.760636314741888e-5,0.2931760503136276,18,20,1,4,19,35,4,4,1.3738136700440857,43.289306039103366
1354,1936,1,1,0,0.2928932188134524,18,20,1,4,20,35,4,4,1.4142135623730951,45
1354,1979,1,1,1.1102230246251565e-16,0.29289321881345254,18,20,1,4,10,18,7,4,1.4142135623730951,45
1354,1980,1,1,0,0.2928932188134524,18,20,1,4,11,18,7,4,1.4142135623730951,45
1354,1981,1,1,0,0.2928932188134524,18,20,1,4,12,18,7,4,1.4142135623730951,45
1354,1982,1,1,0,0.2928932188134524,18,20,1,4,13,18,7,4,1.4142135623730951,45
1354,1983,1,1,0,0.2928932188134524,18,20,1,4,14,18,7,4,1.4142135623730951,45
1354,1984,1,1,1.1102230246251565e-16,0.29289321881345254,18,20,1,4,15,18,7,4,1.4142135623730951,45
1354,1985,1,1,0,0.2928932188134524,18,20,1,4,16,18,7,4,1.4142135623730951,45
1354,1986,1,1,0,0.2928932188134524,18,20,1,4,17,18,7,4,1.4142135623730951,45
1354,1987,0.984,0.901,0.009248416802245418,0.317374833222383,18,20,1,4,10,19,7,4,1.3341877678947593,42.47879049693383
1354,1988,0.976,0.889,0.01416868322099829,0.32360670058318763,18,20,1,4,11,19,7,4,1.320188244153083,42.329157235516696
1354,1989,0.964,0.876,0.022933301406604545,0.3327568018062437,18,20,1,4,12,19,7,4,1.3025636260851137,42.26185348064484
1354,1990,0.942,0.857,0.039686074941172156,0.3469027778881135,18,20,1,4,13,19,7,4,1.273504220644753,42.29487379577864
1354,1991,0.902,0.834,0.07379478117107052,0.3701132570061021,18,20,1,4,14,19,7,4,1.2284787340446721,42.75684205064562
1354,1992,0.827,0.8,0.14714068768397115,0.4112179156896718,18,20,1,4,15,19,7,4,1.1506211366040517,44.049266096644516
1354,1993,0.678,0.751,0.30856479880602616,0.491267929138523,18,20,1,4,16,19,7,4,1.011773195928811,47.9243941442664
1354,1994,0.373,0.667,0.6317101784403909,0.6624201164015769,18,20,1,4,17,19,7,4,0.764210703929224,60.785189512480706
1354,1995,0.333,0.501,0.5250872851567758,0.6702249989938738,18,20,1,4,18,19,7,4,0.6015729382211271,56.38917969805453
1354,1996,0.824,0.8,0.08427462237397765,0.3988644246236239,18,20,1,4,10,20,7,4,1.1484668040479011,44.1533259761385
1354,1997,0.768,0.778,0.11554599878227567,0.41999375541814743,18,20,1,4,11,20,7,4,1.0932099523879208,45.37060142605179
1354,1998,0.691,0.75,0.16292603560301322,0.4487906812587662,18,20,1,4,12,20,7,4,1.0197945871595908,47.34459673831896
1354,1999,0.584,0.715,0.23624832298139975,0.4891520243798636,18,20,1,4,13,20,7,4,0.9231906628643943,50.75862708514006
1354,2000,0.436,0.667,0.3505713137996528,0.5472331616601092,18,20,1,4,14,20,7,4,0.7968594606328019,56.828432161310886
1354,2001,0.277,0.6,0.5260938120305028,0.6323570449273417,18,20,1,4,15,20,7,4,0.6608547495478867,65.2188040750806
1354,2002,0.209,0.5,0.7259263734966868,0.7496612809017317,18,20,1,4,16,20,7,4,0.5419234263251589,67.3150724488247
1354,2003,0.349,0.334,0.6414352022417438,0.778253865336854,18,20,1,4,17,20,7,4,0.48307038824585385,43.7418761986673
1354,2004,0.718,0,0.259293722698285,0.5140467119413443,18,20,1,4,18,20,7,4,0.718,0
1354,2005,0.957,0.501,0.02949711905645669,0.3359036924163804,18,20,1,4,19,20,7,4,1.08020831324333,27.632550860818196
1354,2006,0.538,0.818,0.20900021873153318,0.47492694575397876,18,20,1,4,10,21,7,4,0.979064859955662,56.66701202916854
1354,2007,0.467,0.8,0.2613254766021882,0.5023861481550596,18,20,1,4,11,21,7,4,0.9263309343857626,59.72575390720881
1354,2008,0.402,0.778,0.3276987135372539,0.5364321322116892,18,20,1,4,12,21,7,4,0.8757214168900975,62.67417113213589
1354,2009,0.356,0.75,0.4066390083803826,0.577759483981402,18,20,1,4,13,21,7,4,0.830202384964052,64.60786664192196
1354,2010,0.33,0.714,0.48632904113880815,0.6239175478305016,18,20,1,4,14,21,7,4,0.7865723107254665,65.19433424518398
1354,2011,0.324,0.667,0.5317227633037265,0.6608286475922887,18,20,1,4,15,21,7,4,0.7415288261423153,64.09150621808898
1354,2012,0.427,0.6,0.4779119434049166,0.6458260932106118,18,20,1,4,16,21,7,4,0.7364299016199709,54.56180964941997
1354,2013,0.674,0.501,0.287152191652952,0.5311688228073266,18,20,1,4,17,21,7,4,0.8398077160874386,36.624287330514534
1354,2014,0.902,0.334,0.08901477627946319,0.3721925386117245,18,20,1,4,18,21,7,4,0.9618523795260893,20.318999054013815
1354,2015,0.992,0.667,0.0069155957458202355,0.29972986965148607,18,20,1,4,19,21,7,4,1.1953882214577822,33.91605898783147
1354,2016,1,1,0,0.2928932188134524,18,20,1,4,20,21,7,4,1.4142135623730951,45
1354,2017,0.419,0.834,0.2854929751860288,0.5160497772427344,18,20,1,4,10,22,7,4,0.9333364880899063,63.32513433445942
1354,2018,0.395,0.819,0.3266410404918332,0.538316537564516,18,20,1,4,11,22,7,4,0.9092777353482269,64.25219669330738
1354,2019,0.381,0.8,0.36744532813696085,0.561276201380138,18,20,1,4,12,22,7,4,0.8860931102316506,64.5338749391246
1354,2020,0.371,0.778,0.3992596463854443,0.5810012835750693,18,20,1,4,13,22,7,4,0.8619309717140927,64.50521771190147
1354,2021,0.385,0.75,0.4060455342939855,0.5887752114777671,18,20,1,4,14,22,7,4,0.8430450759004527,62.82705885308328
1354,2022,0.466,0.715,0.36504081235761165,0.569807969250584,18,20,1,4,15,22,7,4,0.8534524005473298,56.90577220411117
1354,2023,0.634,0.667,0.26119384799790324,0.5095369153300111,18,20,1,4,16,22,7,4,0.9202418160461956,46.453001831283856
1354,2024,0.834,0.6,0.12505810012009022,0.41258161979167396,18,20,1,4,17,22,7,4,1.0274025501233681,35.73216373717889
1354,2025,0.961,0.5,0.03156951027403043,0.32456471963468847,18,20,1,4,18,22,7,4,1.0832917427913868,27.487570707343835
1354,2026,0.998,0.751,0.001691860530799616,0.2945971840880002,18,20,1,4,19,22,7,4,1.2490016012799983,36.96164421196482
1354,2027,1,1,0,0.2928932188134524,18,20,1,4,20,22,7,4,1.4142135623730951,45
1354,2029,0.408,0.847,0.2983768111779542,0.5244814314736286,18,20,1,4,10,23,7,4,0.9401452015513347,64.27987765728345
1354,2030,0.401,0.833,0.31788303089122527,0.5358364591604303,18,20,1,4,11,23,7,4,0.9244944564463325,64.29418250127172
1354,2031,0.401,0.819,0.32849794398903986,0.542797260258918,18,20,1,4,12,23,7,4,0.9119002138392116,63.912636750137445
1354,2032,0.423,0.8,0.322416412397338,0.540852659145824,18,20,1,4,13,23,7,4,0.9049469597716764,62.13235279680376
1354,2033,0.49,0.778,0.2901578053579592,0.5238792383563441,18,20,1,4,14,23,7,4,0.9194476602830637,57.79645371470617
1354,2034,0.613,0.75,0.22569520522469866,0.4861363897819969,18,20,1,4,15,23,7,4,0.9686428650436651,50.73972587680582
1354,2035,0.773,0.715,0.13740606250117215,0.42700329496192857,18,20,1,4,16,23,7,4,1.052973883816688,42.76782677271808
1354,2036,0.912,0.667,0.05612690088240613,0.3579310953112911,18,20,1,4,17,23,7,4,1.1298818522305774,36.18023136185305
1354,2037,0.983,0.6,0.011849146098701469,0.3074613382226151,18,20,1,4,18,23,7,4,1.1516462130359306,31.398905984371073
1354,2038,0.999,0.8,4.504203808181062e-4,0.2934771286398322,18,20,1,4,19,23,7,4,1.2798441311347253,38.687774465176346
1354,2039,1,1,0,0.2928932188134524,18,20,1,4,20,23,7,4,1.4142135623730951,45
1354,2042,0.418,0.857,0.27383066674976786,0.5119598598068635,18,20,1,4,10,24,7,4,0.9535056371097131,63.999288625887566
1354,2043,0.424,0.846,0.2747405747826335,0.5129469422718608,18,20,1,4,11,24,7,4,0.9463043907749767,63.380794037996594
1354,2044,0.449,0.833,0.2645150850338136,0.5077050142890532,18,20,1,4,12,24,7,4,0.9463033340319583,61.6746396923427
1354,2045,0.506,0.819,0.23882149111723883,0.493315643373636,18,20,1,4,13,24,7,4,0.9627029656129661,58.291123904627355
1354,2046,0.602,0.8,0.19500318628165625,0.4670803175137963,18,20,1,4,14,24,7,4,1.0012012784650248,53.038539060927235
1354,2047,0.728,0.778,0.13583767192573848,0.42805838910288074,18,20,1,4,15,24,7,4,1.0654895588413806,46.90155184323158
1354,2048,0.858,0.75,0.07346075017932052,0.37939676990431737,18,20,1,4,16,24,7,4,1.1395893997400994,41.15754687208514
1354,2049,0.951,0.714,0.026621431593549127,0.3311422013159737,18,20,1,4,17,24,7,4,1.1892001513622505,36.89880570570846
1354,2050,0.992,0.667,0.004838429456141546,0.3005150047253359,18,20,1,4,18,24,7,4,1.1953882214577822,33.91605898783147
1354,2051,1,0.834,1.3992920492222893e-4,0.2931483942641272,18,20,1,4,19,24,7,4,1.3021351696348578,39.82810630428432
1354,2052,1,1,0,0.2928932188134524,18,20,1,4,20,24,7,4,1.4142135623730951,45
1354,2056,0.442,0.867,0.234990586267114,0.4904465062284662,18,20,1,4,10,25,7,4,0.9731664811325963,62.98733465206146
1354,2057,0.468,0.857,0.22415079012255712,0.4843751642327857,18,20,1,4,11,25,7,4,0.97645942055981,61.36144269206334
1354,2058,0.518,0.847,0.2036019829154796,0.4723752326909778,18,20,1,4,12,25,7,4,0.9928408734535459,58.55128472694636
1354,2059,0.595,0.834,0.17199162134961776,0.4529868168622928,18,20,1,4,13,25,7,4,1.0244906051301788,54.49482860389856
1354,2060,0.697,0.819,0.1303067273059818,0.42544001862832037,18,20,1,4,14,25,7,4,1.0754394450642024,49.60095890552486
1354,2061,0.811,0.8,0.08359854419484214,0.3905618537403479,18,20,1,4,15,25,7,4,1.1391755790921785,44.60878722515163
1354,2062,0.91,0.778,0.0415299540191062,0.35197805506798685,18,20,1,4,16,25,7,4,1.1972401597006344,40.52862382755125
1354,2063,0.972,0.75,0.013781763479946751,0.31737417318742045,18,20,1,4,17,25,7,4,1.2277149506298275,37.653955165180015
1354,2064,0.996,0.715,0.0022243401241957006,0.2973955805155042,18,20,1,4,18,25,7,4,1.2260672901598835,35.67348814612146
1354,2065,1,0.857,5.277241677770217e-5,0.2930275738093624,18,20,1,4,19,25,7,4,1.3169848138835922,40.59657583596283
1354,2066,1,1,0,0.2928932188134524,18,20,1,4,20,25,7,4,1.4142135623730951,45
1354,2071,0.482,0.875,0.1960396546316111,0.4678866183981123,18,20,1,4,10,26,7,4,0.9989739736349491,61.1515149769321
1354,2072,0.526,0.867,0.17950194344018922,0.457920173680864,18,20,1,4,11,26,7,4,1.0140833299093324,58.75524155962963
1354,2073,0.591,0.857,0.15573657812778474,0.4430157071286359,18,20,1,4,12,26,7,4,1.041023534796404,55.40927365479908
1354,2074,0.676,0.847,0.1249959342753032,0.42257299443845286,18,20,1,4,13,26,7,4,1.0836904539581402,51.40624824295847
1354,2075,0.773,0.833,0.08953203231052786,0.3966777284976133,18,20,1,4,14,26,7,4,1.1364057374019192,47.13956954127451
1354,2076,0.868,0.819,0.05416816155699977,0.3666557177668722,18,20,1,4,15,26,7,4,1.1933922238727719,43.33627499570841
1354,2077,0.942,0.8,0.025328172846292074,0.3357761862187145,18,20,1,4,16,26,7,4,1.2358656884953154,40.339809666088
1354,2078,0.984,0.778,0.007861501113751168,0.30985736748173986,18,20,1,4,17,26,7,4,1.2544082270138377,38.331673662135195
1354,2079,0.998,0.75,0.0011599281830342312,0.2958426704516155,18,20,1,4,18,26,7,4,1.2484005767380917,36.92497207250216
1354,2080,1,0.876,2.3652315960243087e-5,0.29297462920949013,18,20,1,4,19,26,7,4,1.3294269442131825,41.218359795425336
1354,2081,1,1,1.1102230246251565e-16,0.29289321881345254,18,20,1,4,20,26,7,4,1.4142135623730951,45
1354,2087,0.533,0.883,0.16274154973217125,0.4477407480079948,18,20,1,4,10,27,7,4,1.0313961411601267,58.883810759358425
1354,2088,0.589,0.876,0.14425112320940792,0.4359362299294972,18,20,1,4,11,27,7,4,1.0556026714630842,56.08412263614122
1354,2089,0.66,0.867,0.12071708385522317,0.42017692776173765,18,20,1,4,12,27,7,4,1.089627918144538,52.71995234822983
1354,2090,0.744,0.857,0.09317135339771898,0.40030582547729454,18,20,1,4,13,27,7,4,1.1348942682029899,49.03729167886916
1354,2091,0.831,0.846,0.06401621617644704,0.3767550370454167,18,20,1,4,14,27,7,4,1.1858655067080752,45.51247094459813
1354,2092,0.907,0.833,0.03705521624665775,0.35092059574355117,18,20,1,4,15,27,7,4,1.231477973818452,42.56475043934117
1354,2093,0.962,0.819,0.016516290075204165,0.32562136516131535,18,20,1,4,16,27,7,4,1.2634100680301705,40.40945681439398
1354,2094,0.99,0.8,0.004851401423908719,0.30537979755402567,18,20,1,4,17,27,7,4,1.2728314892396402,38.94101227602167
1354,2095,0.999,0.778,6.624736176429336e-4,0.2949690660552322,18,20,1,4,18,27,7,4,1.266208908513915,37.910701733027835
1354,2096,1,0.889,1.1862720307509456e-5,0.2929470175497292,18,20,1,4,19,27,7,4,1.3380287739805896,41.63709543013025
1354,2097,1,1,0,0.2928932188134524,18,20,1,4,20,27,7,4,1.4142135623730951,45
1354,2104,0.587,0.889,0.13575616855314077,0.430665322365516,18,20,1,4,10,28,7,4,1.0653121608242346,56.5635179704435
1354,2105,0.649,0.883,0.11718253183047422,0.4181343055679788,18,20,1,4,11,28,7,4,1.0958512672803733,53.68432421997975
1354,2106,0.722,0.875,0.09528519819597214,0.4024435585062266,18,20,1,4,12,28,7,4,1.134420116182713,50.47249879211934
1354,2107,0.799,0.867,0.07127240966530568,0.38366472689457365,18,20,1,4,13,28,7,4,1.1790207801391797,47.33730585912382
1354,2108,0.873,0.857,0.04732810487799921,0.3623702895475095,18,20,1,4,14,28,7,4,1.2233470480611788,44.47011194465588
1354,2109,0.934,0.847,0.026391482867648697,0.3399094514100428,18,20,1,4,15,28,7,4,1.2608588342871696,42.20338372080739
1354,2110,0.975,0.834,0.01127825886293643,0.3187238637529055,18,20,1,4,16,28,7,4,1.2830358529674843,40.54317061775787
1354,2111,0.994,0.818,0.0031443644876907317,0.30243159996223545,18,20,1,4,17,28,7,4,1.2873072671277825,39.45224969767828
1354,2112,0.999,0.8,3.97843303486467e-4,0.2944139169555786,18,20,1,4,18,28,7,4,1.2798441311347253,38.687774465176346
1354,2113,1,0.901,6.3335730894342746e-06,0.2929303561379254,18,20,1,4,19,28,7,4,1.3460315746668055,42.01885188710784
1354,2114,1,1,0,0.2928932188134524,18,20,1,4,20,28,7,4,1.4142135623730951,45
1354,2122,0.64,0.895,0.11408047776759289,0.41628560015503935,18,20,1,4,10,29,7,4,1.1002840542332695,54.43205502673485
1354,2123,0.704,0.889,0.09629546985352744,0.4035865027890039,18,20,1,4,11,29,7,4,1.1339916225440116,51.624261593256
1354,2124,0.773,0.883,0.07638909589295029,0.3883433540584895,18,20,1,4,12,29,7,4,1.1735493172423561,48.80029629038448
1354,2125,0.843,0.876,0.05560038308455295,0.370755079261749,18,20,1,4,13,29,7,4,1.2157405150771277,46.09978388957174
1354,2126,0.905,0.867,0.03581802049095295,0.3514549959188158,18,20,1,4,14,29,7,4,1.253281293245854,43.77149776472906
1354,2127,0.953,0.858,0.019280744264013494,0.3317231855289774,18,20,1,4,15,29,7,4,1.2823310804936454,41.997175823941326
1354,2128,0.983,0.847,0.007906847183728805,0.31370135277862077,18,20,1,4,16,29,7,4,1.29757388999625,40.74976619806716
1354,2129,0.996,0.834,0.002093015118534436,0.3003368184274843,18,20,1,4,17,29,7,4,1.299065818193982,39.94110195601155
1354,2130,1,0.819,2.45117232422043e-4,0.29403224916759185,18,20,1,4,18,29,7,4,1.2925792045364184,39.31747620953449
1354,2131,1,0.909,3.465441140715342e-6,0.2929195126632994,18,20,1,4,19,29,7,4,1.35139964481274,42.270837050918736
1354,2132,1,1,0,0.2928932188134524,18,20,1,4,20,29,7,4,1.4142135623730951,45
1354,2141,0.69,0.9,0.09647829793572626,0.40402043929712106,18,20,1,4,10,30,7,4,1.134063490286148,52.52382043863864
1354,2142,0.752,0.895,0.07980610056158588,0.391428015994561,18,20,1,4,11,30,7,4,1.1689863130079838,49.96223479639111
1354,2143,0.816,0.889,0.061895027307590667,0.376774570940399,18,20,1,4,12,30,7,4,1.2067215917518008,47.45163574500189
1354,2144,0.877,0.883,0.04392036205059868,0.36033854609727733,18,20,1,4,13,30,7,4,1.2445151666412104,45.19532576438412
1354,2145,0.928,0.875,0.02746673851888526,0.34278304354565137,18,20,1,4,14,30,7,4,1.2754642292122504,43.316249522532495
1354,2146,0.966,0.867,0.01428546871372971,0.3253201293370134,18,20,1,4,15,30,7,4,1.298015793432422,41.90846898997258
1354,2147,0.988,0.858,0.005611391639985919,0.3098440772667992,18,20,1,4,16,30,7,4,1.3085518713448083,40.97173633351486
1354,2148,0.997,0.847,0.001407529558794085,0.29876774791799565,18,20,1,4,17,30,7,4,1.3082117565593119,40.34951976993447
1354,2149,1,0.834,1.5293502581192886e-4,0.2937566850954684,18,20,1,4,18,30,7,4,1.3021351696348578,39.82810630428432
1354,2150,1,0.917,1.9230780984313967e-6,0.2929121340626224,18,20,1,4,19,30,7,4,1.3567936468011634,42.52082345847564
1354,2151,1,1,0,0.2928932188134524,18,20,1,4,20,30,7,4,1.4142135623730951,45
1354,2161,0.734,0.905,0.0818917550153192,0.3933446887980071,18,20,1,4,10,31,7,4,1.1652386021755374,50.956228994182936
1354,2162,0.793,0.9,0.06645418731179675,0.38099683870322465,18,20,1,4,11,31,7,4,1.1995203207949419,48.61636451412667
1354,2163,0.851,0.895,0.05043030776952018,0.3669810301797112,18,20,1,4,12,31,7,4,1.2350004048582333,46.44357436089255
1354,2164,0.903,0.889,0.034889880465252765,0.35163176402579166,18,20,1,4,13,31,7,4,1.2671740211983515,44.552385829139446
1354,2165,0.946,0.883,0.02117675837481303,0.33562815470223173,18,20,1,4,14,31,7,4,1.2940652997434094,43.02722385969222
1354,2166,0.975,0.875,0.010629326763435643,0.32011645089742913,18,20,1,4,15,31,7,4,1.3100572506573902,41.90594194108289
1354,2167,0.992,0.867,0.003998949114379924,0.30677198450983845,18,20,1,4,16,31,7,4,1.3174797911163572,41.153196412675015
1354,2168,0.998,0.858,9.481613741036954e-4,0.297554214066273,18,20,1,4,17,31,7,4,1.3161185356950187,40.68628914597143
1354,2169,1,0.847,9.560407616360234e-5,0.29355242895531686,18,20,1,4,18,31,7,4,1.3104995230827061,40.26459927013793
1354,2170,1,0.923,1.0827498034826633e-6,0.29290699388940167,18,20,1,4,19,31,7,4,1.3608559806239602,42.707010169212275
1354,2171,1,1,0,0.2928932188134524,18,20,1,4,20,31,7,4,1.4142135623730951,45
1354,2182,0.774,0.909,0.06959039631139508,0.3838687867341477,18,20,1,4,10,32,7,4,1.1938831601124122,49.58609889617086
1354,2183,0.828,0.905,0.05541373391024684,0.3718434547983315,18,20,1,4,11,32,7,4,1.2266250445837146,47.544071125234595
1354,2184,0.879,0.9,0.04114262637902388,0.3584839864231848,18,20,1,4,12,32,7,4,1.2580306037612918,45.676309998813004
1354,2185,0.924,0.895,0.027737241314735317,0.34416727112057965,18,20,1,4,13,32,7,4,1.2863906871553448,44.08662075266291
1354,2186,0.958,0.889,0.01633632976302224,0.3295784451636009,18,20,1,4,14,32,7,4,1.306937259396946,42.86054619133085
1354,2187,0.982,0.883,0.007903463514471798,0.3157941714558814,18,20,1,4,15,32,7,4,1.320610843511441,41.961413756292416
1354,2188,0.994,0.875,0.0028468987736620655,0.3042823657269502,18,20,1,4,16,32,7,4,1.324258660534263,41.35687178779396
1354,2189,0.999,0.867,6.384151328266974e-4,0.29660432136291104,18,20,1,4,17,32,7,4,1.3227584813562905,40.95366277021042
1354,2190,1,0.858,6.006653132439865e-5,0.29339984092226534,18,20,1,4,18,32,7,4,1.317635761506191,40.62959351305883
1354,2191,1,0.929,6.214404936200069e-7,0.29290338087312473,18,20,1,4,19,32,7,4,1.3649325990685401,42.8920866639288
1354,2192,1,1,0,0.2928932188134524,18,20,1,4,20,32,7,4,1.4142135623730951,45
1354,2204,0.808,0.914,0.05905318991104147,0.37531086886021514,18,20,1,4,10,33,7,4,1.2199426216015243,48.52247329218128
1354,2205,0.857,0.91,0.04613309722706438,0.3636616765255545,18,20,1,4,11,33,7,4,1.2500195998463386,46.71803403861421
1354,2206,0.902,0.905,0.033487053058318894,0.35097278182607394,18,20,1,4,12,33,7,4,1.277743714521813,45.0951229555148
1354,2207,0.94,0.9,0.021990735054513988,0.3376528247245977,18,20,1,4,13,33,7,4,1.3013838787997951,43.75463573323166
1354,2208,0.968,0.895,0.012555676005357785,0.32438199201982054,18,20,1,4,14,33,7,4,1.3183508637688224,42.756063751305426
1354,2209,0.986,0.889,0.005854132305843418,0.3121582297675545,18,20,1,4,15,33,7,4,1.3275982072901424,42.0385384141299
1354,2210,0.996,0.883,0.0020192290336046304,0.3022460852861003,18,20,1,4,16,33,7,4,1.3310540935664485,41.558470040258705
1354,2211,0.999,0.875,4.29424725450267e-4,0.2958556813304237,18,20,1,4,17,33,7,4,1.3280158131588644,41.21433562286915
1354,2212,1,0.867,3.788988122566117e-5,0.2932849731327134,18,20,1,4,18,33,7,4,1.323513883569039,40.92528797789907
1354,2213,1,0.934,3.615042533100521e-7,0.292900804795703,18,20,1,4,19,33,7,4,1.3683406008739198,43.045473375173806
1354,2214,1,1,0,0.2928932188134524,18,20,1,4,20,33,7,4,1.4142135623730951,45
1354,2227,0.837,0.917,0.04994021687094308,0.36748399055502534,18,20,1,4,10,34,7,4,1.241554670564289,47.61145262026953
1354,2228,0.881,0.913,0.038247388160838725,0.35625791153074504,18,20,1,4,11,34,7,4,1.2687513546790798,46.02188992876684
1354,2229,0.92,0.909,0.02713159861988368,0.3442584037601564,18,20,1,4,12,34,7,4,1.293321692387474,44.65541499404801
1354,2230,0.952,0.905,0.017351681550993314,0.3319148441392633,18,20,1,4,13,34,7,4,1.3135177958444262,43.55017401526842
1354,2231,0.975,0.9,0.009599895014809623,0.3198891250791319,18,20,1,4,14,34,7,4,1.32688545097156,42.70938995736147
1354,2232,0.99,0.895,0.004318397559382348,0.30908864522392665,18,20,1,4,15,34,7,4,1.3345879513917394,42.11485534677958
1354,2233,0.997,0.889,0.0014270613145812572,0.3005785943246634,18,20,1,4,16,34,7,4,1.3357881568572167,41.72259083389258
1354,2234,0.999,0.883,2.8928942915029676e-4,0.295265270782343,18,20,1,4,17,34,7,4,1.3333004162603415,41.4729474134098
1354,2235,1,0.876,2.4066724642612947e-5,0.2931982261022309,18,20,1,4,18,34,7,4,1.3294269442131825,41.218359795425336
1354,2236,1,0.938,2.1393943960834605e-7,0.2928989503775984,18,20,1,4,19,34,7,4,1.3710740315533658,43.16763304046667
1354,2237,1,1,0,0.2928932188134524,18,20,1,4,20,34,7,4,1.4142135623730951,45
1354,2251,0.861,0.92,0.04202503011080316,0.360281459368881,18,20,1,4,10,35,7,4,1.2600480149581603,46.89736956987015
1354,2252,0.901,0.917,0.03154092499545269,0.3495251174759998,18,20,1,4,11,35,7,4,1.2855699125290698,45.50424026658682
1354,2253,0.935,0.913,0.021865375164350165,0.3382376251866348,18,20,1,4,12,35,7,4,1.3068259256687558,44.31793960682735
1354,2254,0.962,0.909,0.01361306319772626,0.32685651789228576,18,20,1,4,13,35,7,4,1.3235274836587263,43.37741075865178
1354,2255,0.981,0.905,0.007301905506739037,0.31601069261488457,18,20,1,4,14,35,7,4,1.3346857307995765,42.69240480321576
1354,2256,0.992,0.9,0.0031739823697846115,0.30650647376258766,18,20,1,4,15,35,7,4,1.339426743050922,42.21614003035517
1354,2257,0.998,0.895,0.0010076934929469372,0.29921906367675866,18,20,1,4,16,35,7,4,1.3405331029109278,41.88555111403898
1354,2258,1,0.889,1.9556085644345522e-4,0.29480107253412724,18,20,1,4,17,35,7,4,1.3380287739805896,41.63709543013025
1354,2259,1,0.883,1.5470331162448225e-5,0.29313266214150224,18,20,1,4,18,35,7,4,1.3340498491435768,41.4445038973404
1354,2260,1,0.942,1.293323378392941e-7,0.292897605765605,18,20,1,4,19,35,7,4,1.3738136700440857,43.289306039103366
1354,2261,1,1,0,0.2928932188134524,18,20,1,4,20,35,7,4,1.4142135623730951,45
1354,2304,1,1,0,0.2928932188134524,18,20,1,4,10,18,10,4,1.4142135623730951,45
1354,2305,1,1,0,0.2928932188134524,18,20,1,4,11,18,10,4,1.4142135623730951,45
1354,2306,1,1,0,0.2928932188134524,18,20,1,4,12,18,10,4,1.4142135623730951,45
1354,2307,1,1,1.1102230246251565e-16,0.29289321881345254,18,20,1,4,13,18,10,4,1.4142135623730951,45
1354,2308,1,1,0,0.2928932188134524,18,20,1,4,14,18,10,4,1.4142135623730951,45
1354,2309,1,1,0,0.2928932188134524,18,20,1,4,15,18,10,4,1.4142135623730951,45
1354,2310,1,1,0,0.2928932188134524,18,20,1,4,16,18,10,4,1.4142135623730951,45
1354,2311,1,1,0,0.2928932188134524,18,20,1,4,17,18,10,4,1.4142135623730951,45
1354,2312,0.962,0.901,0.023275955166281004,0.33326761826841067,18,20,1,4,10,19,10,4,1.3180459020838386,43.12464071645025
1354,2313,0.945,0.889,0.03500753192184458,0.34349773276425455,18,20,1,4,11,19,10,4,1.2974382451585122,43.25105395544578
1354,2314,0.92,0.876,0.05496999975086825,0.3582543258285026,18,20,1,4,12,19,10,4,1.2703448350743196,43.59659793260722
1354,2315,0.88,0.857,0.09011236755090324,0.38042515948375355,18,20,1,4,13,19,10,4,1.2283521482050659,44.24137828431716
1354,2316,0.814,0.834,0.15396411743122684,0.41540372832315287,18,20,1,4,14,19,10,4,1.1653977861657367,45.69530299647034
1354,2317,0.704,0.8,0.2719326023319326,0.4738666831869266,18,20,1,4,15,19,10,4,1.0656528515421897,48.65222278030634
1354,2318,0.516,0.751,0.48443661010130157,0.5778071304912017,18,20,1,4,16,19,10,4,0.9111843940718036,55.50766957902493
1354,2319,0.209,0.667,0.7574769918112257,0.7494130006507894,18,20,1,4,17,19,10,4,0.6989778251132149,72.60196564160809
1354,2320,0.398,0.501,0.42691293755913706,0.6123493620196127,18,20,1,4,18,19,10,4,0.6398476381139497,51.53597836808626
1354,2321,0.665,0.8,0.17107650735067303,0.45382948065547557,18,20,1,4,10,20,10,4,1.0403004373737426,50.264946754605816
1354,2322,0.581,0.778,0.2264263172685459,0.4842779653276753,18,20,1,4,11,20,10,4,0.9710020597300502,53.24811615124675
1354,2323,0.474,0.75,0.3041233136396907,0.5243012519854956,18,20,1,4,12,20,10,4,0.8872293953651446,57.70711350131659
1354,2324,0.351,0.715,0.41288410684511145,0.5775177138080847,18,20,1,4,13,20,10,4,0.7965086314661003,63.853158764419106
1354,2325,0.267,0.667,0.5601524341374011,0.6480187952232428,18,20,1,4,14,20,10,4,0.71845528740486,68.18378157639381
1354,2326,0.226,0.6,0.6981319771995214,0.7342230521304011,18,20,1,4,15,20,10,4,0.6411520880415192,69.36028082819895
1354,2327,0.295,0.5,0.6805800428415214,0.7838603684968894,18,20,1,4,16,20,10,4,0.5805385430787521,59.4593951503185
1354,2328,0.552,0.334,0.4375964115825468,0.6535352825936104,18,20,1,4,17,20,10,4,0.645182144824235,31.17697748110687
1354,2329,0.821,0,0.15708256050687863,0.4394457660580582,18,20,1,4,18,20,10,4,0.821,0
1354,2330,0.973,0.501,0.017340978266588203,0.3219443287773702,18,20,1,4,19,20,10,4,1.0944085160487376,27.244045791617612
1354,2331,0.39,0.818,0.3408309152663437,0.5434116197766978,18,20,1,4,10,21,10,4,0.9062141027373167,64.5094722001009
1354,2332,0.362,0.8,0.3982946863904582,0.573908494645766,18,20,1,4,11,21,10,4,0.8780911114457315,65.65324814529508
1354,2333,0.344,0.778,0.45531890477810477,0.606634335033037,18,20,1,4,12,21,10,4,0.8506585684045039,66.14693229036696
1354,2334,0.331,0.75,0.4983975339745599,0.6364326838430258,18,20,1,4,13,21,10,4,0.8197932666227504,66.18653364823405
1354,2335,0.356,0.714,0.5040863616302693,0.6502213265321792,18,20,1,4,14,21,10,4,0.7978295557323004,63.49918173268632
1354,2336,0.46,0.667,0.44295634387941185,0.625046265105884,18,20,1,4,15,21,10,4,0.8102400878751927,55.40771131249006
1354,2337,0.645,0.6,0.30487530042398425,0.5436226893410312,18,20,1,4,16,21,10,4,0.8809228116015614,42.9299693469589
1354,2338,0.839,0.501,0.14267267082671886,0.42397589191099005,18,20,1,4,17,21,10,4,0.9772011051979014,30.843091678146457
1354,2339,0.959,0.334,0.03686145727644219,0.32805766157136695,18,20,1,4,18,21,10,4,1.015498399801792,19.202177493395325
1354,2340,0.998,0.667,0.0020184420148063875,0.2949611569914211,18,20,1,4,19,21,10,4,1.2003720256653767,33.75625947840964
1354,2341,1,1,0,0.2928932188134524,18,20,1,4,20,21,10,4,1.4142135623730951,45
1354,2342,0.383,0.834,0.3670105056140347,0.562098173114185,18,20,1,4,10,22,10,4,0.9177390696706771,65.33386953462964
1354,2343,0.379,0.819,0.3846577482791027,0.5737246785358774,18,20,1,4,11,22,10,4,0.9024422419191158,65.16721336024918
1354,2344,0.394,0.8,0.38679064390002915,0.5776172835076595,18,20,1,4,12,22,10,4,0.8917600574145492,63.779753764756464
1354,2345,0.445,0.778,0.36401495420619356,0.567670176920925,18,20,1,4,13,22,10,4,0.8962750693843938,60.23133136169832
1354,2346,0.545,0.75,0.3081750825584232,0.5373865675276664,18,20,1,4,14,22,10,4,0.927105711340406,53.995345003679255
1354,2347,0.686,0.715,0.22052693046982474,0.4837830210289812,18,20,1,4,15,22,10,4,0.9908688106909007,46.185824664665454
1354,2348,0.833,0.667,0.1216493919320667,0.4127774436778271,18,20,1,4,16,22,10,4,1.0671354178359933,38.68496372423422
1354,2349,0.941,0.6,0.045476540780469143,0.3434553817949587,18,20,1,4,17,22,10,4,1.1160112006606384,32.52238086452017
1354,2350,0.99,0.5,0.008591282073788009,0.30271378803016846,18,20,1,4,18,22,10,4,1.1090987332063813,26.796081293973465
1354,2351,1,0.751,2.2773397923303573e-4,0.2931867862294877,18,20,1,4,19,22,10,4,1.2506002558771527,36.906549346914105
1354,2352,1,1,0,0.2928932188134524,18,20,1,4,20,22,10,4,1.4142135623730951,45
1354,2354,0.418,0.847,0.31147959980963924,0.5340566564428892,18,20,1,4,10,23,10,4,0.9445279244151545,63.73336164291689
1354,2355,0.448,0.833,0.2991760345975589,0.5280675283766558,18,20,1,4,11,23,10,4,0.9458292657768631,61.72796392056729
1354,2356,0.506,0.819,0.2716130989852221,0.5130558180625118,18,20,1,4,12,23,10,4,0.9627029656129661,58.291123904627355
1354,2357,0.595,0.8,0.22687705523946677,0.48689833878299316,18,20,1,4,13,23,10,4,0.9970080240399273,53.35997385705192
1354,2358,0.708,0.778,0.16745568931070443,0.44907376108988517,18,20,1,4,14,23,10,4,1.0519258529002888,47.696999944148075
1354,2359,0.826,0.75,0.10286464942889795,0.4021806277238502,18,20,1,4,15,23,10,4,1.1156952989055748,42.23914434639848
1354,2360,0.922,0.715,0.04807564594578151,0.3533908963083413,18,20,1,4,16,23,10,4,1.1667514731081337,37.79315105164501
1354,2361,0.977,0.667,0.014809303935577556,0.31459801390251596,18,20,1,4,17,23,10,4,1.1829699911663019,34.32143742924617
1354,2362,0.997,0.6,0.0020477763741688637,0.2962191288000555,18,20,1,4,18,23,10,4,1.1636189238749943,31.039756784569477
1354,2363,1,0.8,2.862743756915087e-5,0.29295960287596,18,20,1,4,19,23,10,4,1.2806248474865698,38.659808254090095
1354,2364,1,1,1.1102230246251565e-16,0.29289321881345254,18,20,1,4,20,23,10,4,1.4142135623730951,45
1354,2367,0.492,0.857,0.23591409590786672,0.49149295158035844,18,20,1,4,10,24,10,4,0.9881867232461686,60.14005265062204
1354,2368,0.55,0.846,0.2104449320610834,0.47658446496615947,18,20,1,4,11,24,10,4,1.0090668957011721,56.971371681479525
1354,2369,0.629,0.833,0.17560929017868054,0.4550857398128606,18,20,1,4,12,24,10,4,1.0438055374445951,52.94347181059042
1354,2370,0.723,0.819,0.13330337690243155,0.4269855340298425,18,20,1,4,13,24,10,4,1.092469679213112,48.56245458372015
1354,2371,0.82,0.8,0.08841440910105258,0.39358758586538667,18,20,1,4,14,24,10,4,1.145600279329575,44.292680631455745
1354,2372,0.905,0.778,0.048296252824131525,0.3580650560085211,18,20,1,4,15,24,10,4,1.193444175485389,40.6846111792271
1354,2373,0.963,0.75,0.01985076818589704,0.32577607425751665,18,20,1,4,16,24,10,4,1.2206019007030915,37.912036316452294
1354,2374,0.991,0.714,0.005183285093909196,0.3033777068612492,18,20,1,4,17,24,10,4,1.2214241687472864,35.772160019495
1354,2375,0.999,0.667,5.534962781128527e-4,0.2942611618811932,18,20,1,4,18,24,10,4,1.2012035630982785,33.729755198814786
1354,2376,1,0.834,4.772295585153685e-6,0.29291459779749995,18,20,1,4,19,24,10,4,1.3021351696348578,39.82810630428432
1354,2377,1,1,0,0.2928932188134524,18,20,1,4,20,24,10,4,1.4142135623730951,45
1354,2381,0.583,0.867,0.170462142031933,0.45220741962703914,18,20,1,4,10,25,10,4,1.0447861025109397,56.08178483654883
1354,2382,0.653,0.857,0.1432402798424991,0.43463471318218383,18,20,1,4,11,25,10,4,1.0774312043003025,52.69403745661001
1354,2383,0.733,0.847,0.11179645819668171,0.4129237148073609,18,20,1,4,12,25,10,4,1.1201330278141073,49.12684788161946
1354,2384,0.816,0.834,0.07884127518428974,0.3877584935436226,18,20,1,4,13,25,10,4,1.1667956119218137,45.6250200740175
1354,2385,0.891,0.819,0.04828729428012435,0.3606979417835571,18,20,1,4,14,25,10,4,1.2102239462182196,42.58897025338877
1354,2386,0.948,0.8,0.024190896258708627,0.33438034407124206,18,20,1,4,15,25,10,4,1.2404450814123131,40.16041242370243
1354,2387,0.982,0.778,0.008988782153013908,0.3124646569894447,18,20,1,4,16,25,10,4,1.252839973819482,38.38840170500626
1354,2388,0.996,0.75,0.0020544053171652754,0.2986289522460329,18,20,1,4,17,25,10,4,1.2468023099112384,36.98018774930181
1354,2389,1,0.715,1.7868671192566854e-4,0.29356329581053775,18,20,1,4,18,25,10,4,1.2293189171244376,35.56476799303516
1354,2390,1,0.857,1.0714786022880673e-06,0.2929021486893191,18,20,1,4,19,25,10,4,1.3169848138835922,40.59657583596283
1354,2391,1,1,0,0.2928932188134524,18,20,1,4,20,25,10,4,1.4142135623730951,45
1354,2396,0.671,0.875,0.12291601266422303,0.4215103793513,18,20,1,4,10,26,10,4,1.1026631398573183,52.516947639267386
1354,2397,0.741,0.867,0.09859341320360981,0.40417599798002224,18,20,1,4,11,26,10,4,1.1405130424506333,49.48043964978517
1354,2398,0.812,0.857,0.07319505239609048,0.38436662937405575,18,20,1,4,12,26,10,4,1.1805901066839413,46.54444911427082
1354,2399,0.879,0.847,0.04890040800457551,0.36289951820401156,18,20,1,4,13,26,10,4,1.2206760421995675,43.93785926131018
1354,2400,0.934,0.833,0.028240504419857704,0.3411750026071123,18,20,1,4,14,26,10,4,1.2514971034724771,41.72858865135657
1354,2401,0.971,0.819,0.01323590768767735,0.32124263134314723,18,20,1,4,15,26,10,4,1.2702763478865533,40.14630399625155
1354,2402,0.991,0.8,0.0045405476445605775,0.30561882991320277,18,20,1,4,16,26,10,4,1.2736094377791018,38.912737090874955
1354,2403,0.998,0.778,9.342471240324501e-4,0.2963985072468005,18,20,1,4,17,26,10,4,1.2654200883501099,37.93852205534109
1354,2404,1,0.75,6.929174727698939e-5,0.2932712307478099,18,20,1,4,18,26,10,4,1.25,36.86989764584402
1354,2405,1,0.876,3.1781008680287215e-7,0.29289771827309175,18,20,1,4,19,26,10,4,1.3294269442131825,41.218359795425336
1354,2406,1,1,0,0.2928932188134524,18,20,1,4,20,26,10,4,1.4142135623730951,45
1354,2412,0.746,0.883,0.09037362541658978,0.3986711378983965,18,20,1,4,10,27,10,4,1.1559433377116717,49.80730115358385
1354,2413,0.81,0.876,0.06994987836218036,0.3825290203767838,18,20,1,4,11,27,10,4,1.1930951345135894,47.24175066319735
1354,2414,0.87,0.867,0.0499457511139928,0.36493541982584876,18,20,1,4,12,27,10,4,1.2282463108025197,44.9010436570925
1354,2415,0.921,0.857,0.03198151101310076,0.3466773165798753,18,20,1,4,13,27,10,4,1.258050078494493,42.93849977439129
1354,2416,0.959,0.846,0.017596681288322924,0.32895131437006864,18,20,1,4,14,27,10,4,1.2788264151166098,41.4177370443823
1354,2417,0.984,0.833,0.007801028912730712,0.3133641441553432,18,20,1,4,15,27,10,4,1.2892420253777024,40.24940676714732
1354,2418,0.995,0.819,0.0024972278771874246,0.3017064147034366,18,20,1,4,16,27,10,4,1.2887148637305306,39.45832819517943
1354,2419,0.999,0.8,4.6576095825112684e-4,0.2951944609242405,18,20,1,4,17,27,10,4,1.2798441311347253,38.687774465176346
1354,2420,1,0.778,2.9878079833012272e-5,0.29312444142221106,18,20,1,4,18,27,10,4,1.266998026833507,37.88291605856699
1354,2421,1,0.889,1.0777256931326917e-7,0.2928957066831208,18,20,1,4,19,27,10,4,1.3380287739805896,41.63709543013025
1354,2422,1,1,0,0.2928932188134524,18,20,1,4,20,27,10,4,1.4142135623730951,45
1354,2429,0.807,0.889,0.06787878425276728,0.38141732467459677,18,20,1,4,10,28,10,4,1.200653988457957,47.7680413430555
1354,2430,0.862,0.883,0.05097393722415555,0.36662660820819826,18,20,1,4,11,28,10,4,1.2339906806779377,45.6894861256346
1354,2431,0.91,0.875,0.03519239220254722,0.35102956113754935,18,20,1,4,12,28,10,4,1.2624282157810003,43.87669728592457
1354,2432,0.948,0.867,0.021675172408658017,0.3353541475908528,18,20,1,4,13,28,10,4,1.2846762238011566,42.44469380947694
1354,2433,0.975,0.857,0.011404486136134762,0.32062891232609014,18,20,1,4,14,28,10,4,1.2981040019967582,41.31464218700405
1354,2434,0.99,0.847,0.004781443500413096,0.3081423266847073,18,20,1,4,15,28,10,4,1.3028848759579643,40.548825997113426
1354,2435,0.997,0.834,0.0014265203775090107,0.29919517793385897,18,20,1,4,16,28,10,4,1.299832681540205,39.912803020920826
1354,2436,1,0.818,2.4076748651757907e-4,0.29445344041376564,18,20,1,4,17,28,10,4,1.2919458192973883,39.28316617202149
1354,2437,1,0.8,1.3337722405637464e-5,0.29303936210849146,18,20,1,4,18,28,10,4,1.2806248474865698,38.659808254090095
1354,2438,1,0.901,3.863795849934348e-8,0.29289464793920617,18,20,1,4,19,28,10,4,1.3460315746668055,42.01885188710784
1354,2439,1,1,0,0.2928932188134524,18,20,1,4,20,28,10,4,1.4142135623730951,45
1354,2447,0.855,0.895,0.05175655161805337,0.36789531084117677,18,20,1,4,10,29,10,4,1.2377600736814869,46.30938981941056
1354,2448,0.9,0.889,0.03778442890570921,0.3543829990050461,18,20,1,4,11,29,10,4,1.2650379440949588,44.6477106583029
1354,2449,0.937,0.883,0.025243328473569027,0.3405037911884534,18,20,1,4,12,29,10,4,1.2875006796114712,43.300513918099846
1354,2450,0.966,0.876,0.01497042538189941,0.3269298586804814,18,20,1,4,13,29,10,4,1.3040444777690674,42.20275647716592
1354,2451,0.984,0.867,0.007519524210778061,0.3145550937208751,18,20,1,4,14,29,10,4,1.3114667361393502,41.383198427958796
1354,2452,0.994,0.858,0.002979565418871122,0.3044222464826841,18,20,1,4,15,29,10,4,1.3130879635424277,40.8000731915695
1354,2453,0.999,0.847,8.239230409716747e-4,0.2974651147159211,18,20,1,4,16,29,10,4,1.3097366147435903,40.29287313802627
1354,2454,1,0.834,1.2585786653029896e-4,0.2939673073978235,18,20,1,4,17,29,10,4,1.3021351696348578,39.82810630428432
1354,2455,1,0.819,6.075962755258679e-6,0.292987436116819,18,20,1,4,18,29,10,4,1.2925792045364184,39.31747620953449
1354,2456,1,0.909,1.4518248492301211e-8,0.2928940674679117,18,20,1,4,19,29,10,4,1.35139964481274,42.270837050918736
1354,2457,1,1,0,0.2928932188134524,18,20,1,4,20,29,10,4,1.4142135623730951,45
1354,2466,0.892,0.9,0.039735072792593806,0.3568677247189551,18,20,1,4,10,30,10,4,1.2671479787301876,45.255783030739266
1354,2467,0.928,0.895,0.02818591098715062,0.34452513450787847,18,20,1,4,11,30,10,4,1.289266845924458,43.962943367611366
1354,2468,0.957,0.889,0.018214040334707415,0.332142564394201,18,20,1,4,12,30,10,4,1.3062044250422673,42.89038342276279
1354,2469,0.977,0.883,0.010378031282348044,0.3203415195145094,18,20,1,4,13,30,10,4,1.3168971106354512,42.106868236632714
1354,2470,0.99,0.875,0.004965587253286441,0.30989890431561495,18,20,1,4,14,30,10,4,1.3212588694120468,41.47148382414328
1354,2471,0.997,0.867,0.0018532626205620684,0.3016481636165458,18,20,1,4,15,30,10,4,1.3212486518441562,41.010509656890456
1354,2472,0.999,0.858,4.7433130862017947e-4,0.296224953856433,18,20,1,4,16,30,10,4,1.3168769874213764,40.65792499919822
1354,2473,1,0.847,6.567590095873932e-5,0.2936376505802947,18,20,1,4,17,30,10,4,1.3104995230827061,40.26459927013793
1354,2474,1,0.834,2.7787861150985194e-6,0.29295475336107757,18,20,1,4,18,30,10,4,1.3021351696348578,39.82810630428432
1354,2475,1,0.917,5.654629098295061e-9,0.2928937356421817,18,20,1,4,19,30,10,4,1.3567936468011634,42.52082345847564
1354,2476,1,1,0,0.2928932188134524,18,20,1,4,20,30,10,4,1.4142135623730951,45
1354,2486,0.919,0.905,0.03047001350368228,0.3475612353697556,18,20,1,4,10,31,10,4,1.2898007598074983,44.56023839817116
1354,2487,0.948,0.9,0.02097908412303806,0.3363048762447316,18,20,1,4,11,31,10,4,1.3071740511500372,43.51213247117222
1354,2488,0.97,0.895,0.0130885924208759,0.32526938703531094,18,20,1,4,12,31,10,4,1.3198200634935051,42.697121054013
1354,2489,0.985,0.889,0.007147627583627858,0.31502439090391376,18,20,1,4,13,31,10,4,1.3268556816775516,42.06745413781727
1354,2490,0.994,0.883,0.003254494354296922,0.30623329601897176,18,20,1,4,14,31,10,4,1.3295581972971322,41.6156455896463
1354,2491,0.998,0.875,0.0011413327901996784,0.2995375579716123,18,20,1,4,15,31,10,4,1.3272637266195442,41.24277828428066
1354,2492,1,0.867,2.712652299435847e-4,0.2953240432024383,18,20,1,4,16,31,10,4,1.323513883569039,40.92528797789907
1354,2493,1,0.858,3.4200770347325715e-5,0.29341208645641026,18,20,1,4,17,31,10,4,1.317635761506191,40.62959351305883
1354,2494,1,0.847,1.291890264765172e-6,0.2929339637521613,18,20,1,4,18,31,10,4,1.3104995230827061,40.26459927013793
1354,2495,1,0.923,2.2890376261130996e-9,0.29289354189805195,18,20,1,4,19,31,10,4,1.3608559806239602,42.707010169212275
1354,2496,1,1,1.1102230246251565e-16,0.29289321881345254,18,20,1,4,20,31,10,4,1.4142135623730951,45
1354,2507,0.939,0.909,0.02322043391112716,0.3395426782763904,18,20,1,4,10,32,10,4,1.306905505382849,44.06995540328157
1354,2508,0.962,0.905,0.015498837394397835,0.3293228626614275,18,20,1,4,11,32,10,4,1.3207834796059497,43.251288002052306
1354,2509,0.979,0.9,0.009320463793677236,0.31953602081992283,18,20,1,4,12,32,10,4,1.329827432413695,42.592494747569255
1354,2510,0.99,0.895,0.004877975302782556,0.31069174100403985,18,20,1,4,13,32,10,4,1.3345879513917394,42.11485534677958
1354,2511,0.996,0.889,0.0021109265047410952,0.3033364710635027,18,20,1,4,14,32,10,4,1.3350419469065382,41.7511530506899
1354,2512,0.999,0.883,6.972356448839978e-4,0.29793420633680134,18,20,1,4,15,32,10,4,1.3333004162603415,41.4729474134098
1354,2513,1,0.875,1.546309342000951e-4,0.2946725605923737,18,20,1,4,16,32,10,4,1.3287682265918312,41.18592516570965
1354,2514,1,0.867,1.797082023402563e-5,0.293258214935913,18,20,1,4,17,32,10,4,1.323513883569039,40.92528797789907
1354,2515,1,0.858,6.154383119794105e-7,0.2929206765535992,18,20,1,4,18,32,10,4,1.317635761506191,40.62959351305883
1354,2516,1,0.929,9.733314154658501e-10,0.29289342656864314,18,20,1,4,19,32,10,4,1.3649325990685401,42.8920866639288
1354,2517,1,1,0,0.2928932188134524,18,20,1,4,20,32,10,4,1.4142135623730951,45
1354,2529,0.955,0.914,0.01752142107842869,0.3325536988969242,18,20,1,4,10,33,10,4,1.3219005257582737,43.74331179858026
1354,2530,0.972,0.91,0.011322004551249876,0.3233415829533902,18,20,1,4,11,33,10,4,1.3314969019866325,43.113148743282466
1354,2531,0.985,0.905,0.006559282771510522,0.3147292203561384,18,20,1,4,12,33,10,4,1.3376284985002376,42.576228655886446
1354,2532,0.993,0.9,0.003290771926978575,0.30715589874714366,18,20,1,4,13,33,10,4,1.3401675268413273,42.18741324008184
1354,2533,0.997,0.895,0.0013550953231320495,0.30104977247127573,18,20,1,4,14,33,10,4,1.3397887893246458,41.91410280296837
1354,2534,0.999,0.889,4.233142179367322e-4,0.2967182327478298,18,20,1,4,15,33,10,4,1.3372815709490653,41.66556206288983
1354,2535,1,0.883,8.812836579275007e-5,0.2942008725974392,18,20,1,4,16,33,10,4,1.3340498491435768,41.4445038973404
1354,2536,1,0.875,9.538467170888687e-6,0.29315236004021195,18,20,1,4,17,33,10,4,1.3287682265918312,41.18592516570965
1354,2537,1,0.867,2.9968557768711435e-7,0.2929120139243969,18,20,1,4,18,33,10,4,1.323513883569039,40.92528797789907
1354,2538,1,0.934,4.3193437715416394e-10,0.2928933554977413,18,20,1,4,19,33,10,4,1.3683406008739198,43.045473375173806
1354,2539,1,1,0,0.2928932188134524,18,20,1,4,20,33,10,4,1.4142135623730951,45
1354,2552,0.966,0.917,0.013065044541412996,0.3264572123158298,18,20,1,4,10,34,10,4,1.3319328061129811,43.50936816473769
1354,2553,0.98,0.913,0.008170519234101725,0.3182291221194664,18,20,1,4,11,34,10,4,1.3393912796490801,42.972944815523995
1354,2554,0.989,0.909,0.0045665224359643375,0.31072003541639726,18,20,1,4,12,34,10,4,1.343280313263021,42.5864326558922
1354,2555,0.995,0.905,0.002197619278149765,0.30429156255877654,18,20,1,4,13,34,10,4,1.345009293648189,42.28801653255506
1354,2556,0.998,0.9,8.64133985793214e-4,0.2992593954242302,18,20,1,4,14,34,10,4,1.3438764824194225,42.04425473533527
1354,2557,0.999,0.895,2.567945313789455e-4,0.29580232950197993,18,20,1,4,15,34,10,4,1.3412777490139767,41.85703112049663
1354,2558,1,0.889,5.047481692688205e-5,0.29386037093715756,18,20,1,4,16,34,10,4,1.3380287739805896,41.63709543013025
1354,2559,1,0.883,5.123646010130045e-6,0.2930793017631186,18,20,1,4,17,34,10,4,1.3340498491435768,41.4445038973404
1354,2560,1,0.876,1.500534624332417e-7,0.2929063044071888,18,20,1,4,18,34,10,4,1.3294269442131825,41.218359795425336
1354,2561,1,0.938,1.9987822508227282e-10,0.29289331085662595,18,20,1,4,19,34,10,4,1.3710740315533658,43.16763304046667
1354,2562,1,1,0,0.2928932188134524,18,20,1,4,20,34,10,4,1.4142135623730951,45
1354,2576,0.974,0.92,0.009636733877290915,0.3211832474983578,18,20,1,4,10,35,10,4,1.3398044633453048,43.3668774247672
1354,2577,0.985,0.917,0.005843250942127898,0.3139045610980684,18,20,1,4,11,35,10,4,1.3457763558630387,42.95244254331267
1354,2578,0.992,0.913,0.0031534995754486372,0.3074154452374337,18,20,1,4,12,35,10,4,1.3481962023385172,42.62531521127542
1354,2579,0.997,0.909,0.0014600173061440902,0.30199908740404546,18,20,1,4,13,35,10,4,1.3491812331929318,42.35653172673995
1354,2580,0.999,0.905,5.506187270628571e-4,0.2978726121337716,18,20,1,4,14,35,10,4,1.3479710679387744,42.17361663502773
1354,2581,1,0.9,1.5639024294122894e-4,0.29511764864565804,18,20,1,4,15,35,10,4,1.3453624047073711,41.98721249581666
1354,2582,1,0.895,2.9273036926458218e-5,0.29361520166598476,18,20,1,4,16,35,10,4,1.3420227270802831,41.82854278370222
1354,2583,1,0.889,2.8103041956883956e-6,0.29302868664474513,18,20,1,4,17,35,10,4,1.3380287739805896,41.63709543013025
1354,2584,1,0.883,7.771720222926604e-8,0.29290249983830996,18,20,1,4,18,35,10,4,1.3340498491435768,41.4445038973404
1354,2585,1,0.942,9.636857978279068e-11,0.292893282289691,18,20,1,4,19,35,10,4,1.3738136700440857,43.289306039103366
1354,2586,1,1,0,0.2928932188134524,18,20,1,4,20,35,10,4,1.4142135623730951,45
1354,2629,1,1,1.1102230246251565e-16,0.29289321881345254,18,20,1,4,10,18,1,7,1.4142135623730951,45
1354,2630,1,1,0,0.2928932188134524,18,20,1,4,11,18,1,7,1.4142135623730951,45
1354,2631,1,1,0,0.2928932188134524,18,20,1,4,12,18,1,7,1.4142135623730951,45
1354,2632,1,1,0,0.2928932188134524,18,20,1,4,13,18,1,7,1.4142135623730951,45
1354,2633,1,1,1.1102230246251565e-16,0.29289321881345254,18,20,1,4,14,18,1,7,1.4142135623730951,45
1354,2634,1,1,0,0.2928932188134524,18,20,1,4,15,18,1,7,1.4142135623730951,45
1354,2635,1,1,0,0.2928932188134524,18,20,1,4,16,18,1,7,1.4142135623730951,45
1354,2636,1,1,0,0.2928932188134524,18,20,1,4,17,18,1,7,1.4142135623730951,45
1354,2637,1,0.901,6.446133931081732e-7,0.2930451920521293,18,20,1,4,10,19,1,7,1.3460315746668055,42.01885188710784
1354,2638,1,0.889,1.2806366891382481e-6,0.29310762371509913,18,20,1,4,11,19,1,7,1.3380287739805896,41.63709543013025
1354,2639,1,0.876,3.0711326282073514e-6,0.2932256612074634,18,20,1,4,12,19,1,7,1.3294269442131825,41.218359795425336
1354,2640,1,0.857,8.767364673367695e-6,0.29345591882910105,18,20,1,4,13,19,1,7,1.3169848138835922,40.59657583596283
1354,2641,1,0.834,2.8739108382191958e-5,0.29391476801082905,18,20,1,4,14,19,1,7,1.3021351696348578,39.82810630428432
1354,2642,1,0.8,1.39252733131201e-4,0.2951526134613872,18,20,1,4,15,19,1,7,1.2806248474865698,38.659808254090095
1354,2643,0.999,0.751,0.001109329992361574,0.2993368295815483,18,20,1,4,16,19,1,7,1.2498007841252141,36.9340791611004
1354,2644,0.984,0.667,0.01981643712611847,0.3219995192827021,18,20,1,4,17,19,1,7,1.188757754969447,34.131206901273316
1354,2645,0.485,0.501,0.42298021266916297,0.610985908120272,18,20,1,4,18,19,1,7,0.6972990750029717,45.92966736291164
1354,2646,1,0.8,5.913249954958566e-5,0.295059531630097,18,20,1,4,10,20,1,7,1.2806248474865698,38.659808254090095
1354,2647,1,0.778,1.0666963889904846e-4,0.29580772801331,18,20,1,4,11,20,1,7,1.266998026833507,37.88291605856699
1354,2648,1,0.75,2.2288387723690128e-4,0.2971165266655117,18,20,1,4,12,20,1,7,1.25,36.86989764584402
1354,2649,0.999,0.715,5.261693038388637e-4,0.2994064212024906,18,20,1,4,13,20,1,7,1.2285055962428497,35.591894069805875
1354,2650,0.999,0.667,0.001369243592517555,0.30346270993879376,18,20,1,4,14,20,1,7,1.2012035630982785,33.729755198814786
1354,2651,0.995,0.6,0.00466392753892253,0.3126426031294276,18,20,1,4,15,20,1,7,1.1619057620994915,31.090610449182183
1354,2652,0.977,0.5,0.021112146566227508,0.3363232640303019,18,20,1,4,16,20,1,7,1.0975103644157536,27.10203746244906
1354,2653,0.868,0.334,0.13342111371936394,0.41644207549226375,18,20,1,4,17,20,1,7,0.9300430097581509,21.046357062021762
1354,2654,0.22,0,0.7735303078272977,0.8507436641390416,18,20,1,4,18,20,1,7,0.22,0
1354,2655,0.798,0.501,0.09841024780410479,0.41071553620045753,18,20,1,4,19,20,1,7,0.9422340473576616,32.12140555273229
1354,2656,1,0.818,5.951467037086378e-4,0.30074045213895273,18,20,1,4,10,21,1,7,1.2919458192973883,39.28316617202149
1354,2657,0.999,0.8,9.933160398084562e-4,0.30305795919954426,18,20,1,4,11,21,1,7,1.2798441311347253,38.687774465176346
1354,2658,0.998,0.778,0.0018632354328246281,0.3068707710094981,18,20,1,4,12,21,1,7,1.2654200883501099,37.93852205534109
1354,2659,0.996,0.75,0.0038203061309436404,0.3130352146990866,18,20,1,4,13,21,1,7,1.2468023099112384,36.98018774930181
1354,2660,0.989,0.714,0.008422023952129876,0.323120071383997,18,20,1,4,14,21,1,7,1.2198020331184893,35.82707553239412
1354,2661,0.97,0.667,0.022568194203484992,0.3434422219296145,18,20,1,4,15,21,1,7,1.1771953958455665,34.51353639969683
1354,2662,0.908,0.6,0.07234204093466734,0.38798915455974825,18,20,1,4,16,21,1,7,1.0883308320542977,33.45644688586852
1354,2663,0.681,0.501,0.2745296758997917,0.5059396650188203,18,20,1,4,17,21,1,7,0.8454359822008998,36.341278767633014
1354,2664,0.031,0.334,0.9647040934272538,0.9528495213694302,18,20,1,4,18,21,1,7,0.33543553777141744,84.69732008568702
1354,2665,0.877,0.667,0.09447831739976653,0.3934594722277398,18,20,1,4,19,21,1,7,1.1018248499648209,37.254706498095466
1354,2666,1,1,1.1102230246251565e-16,0.29289321881345254,18,20,1,4,20,21,1,7,1.4142135623730951,45
1354,2667,0.998,0.834,0.0025226016847388344,0.30979973245194115,18,20,1,4,10,22,1,7,1.30059986160233,39.88453746411934
1354,2668,0.996,0.819,0.003950282636770885,0.3141304274773278,18,20,1,4,11,22,1,7,1.2894871073415197,39.43009027476639
1354,2669,0.992,0.8,0.006794399966766118,0.3209160107947414,18,20,1,4,12,22,1,7,1.2743876961113523,38.884496433714595
1354,2670,0.983,0.778,0.012498936756725976,0.331261808995439,18,20,1,4,13,22,1,7,1.2536239468038253,38.36001994221954
1354,2671,0.964,0.75,0.02435590402120169,0.3472542091842452,18,20,1,4,14,22,1,7,1.2213910102829477,37.883212256457846
1354,2672,0.917,0.715,0.05494248054742723,0.37691757179630125,18,20,1,4,15,22,1,7,1.162804368756843,37.94412922563156
1354,2673,0.796,0.667,0.13991826503834104,0.43508284170347156,18,20,1,4,16,22,1,7,1.0385109532402632,39.96097783103324
1354,2674,0.495,0.6,0.38778099299798896,0.5657442907477451,18,20,1,4,17,22,1,7,0.7778335297478502,50.47736872882888
1354,2675,0.168,0.5,0.798475730063229,0.8357626837888303,18,20,1,4,18,22,1,7,0.5274694303938381,71.4276514895927
1354,2676,0.905,0.751,0.08871492813590753,0.3726028291767014,18,20,1,4,19,22,1,7,1.1760212583112604,39.68704977947322
1354,2677,1,1,1.1102230246251565e-16,0.29289321881345254,18,20,1,4,20,22,1,7,1.4142135623730951,45
1354,2679,0.992,0.847,0.006745077414855416,0.32101150223683184,18,20,1,4,10,23,1,7,1.3044052284470498,40.49171529010043
1354,2680,0.987,0.833,0.010009501851090952,0.32733358790648814,18,20,1,4,11,23,1,7,1.2915331974053164,40.1634165542647
1354,2681,0.977,0.819,0.016034415154152604,0.3368568645995722,18,20,1,4,12,23,1,7,1.274868620682147,39.97244594489441
1354,2682,0.958,0.8,0.027077056515810494,0.3507400225480708,18,20,1,4,13,23,1,7,1.2481041623197962,39.8643480305236
1354,2683,0.92,0.778,0.0478816055248249,0.3713014392034635,18,20,1,4,14,23,1,7,1.204858497915834,40.21960352482702
1354,2684,0.84,0.75,0.09476565645649893,0.4070883506097551,18,20,1,4,15,23,1,7,1.1260994627474077,41.76029970389787
1354,2685,0.675,0.715,0.2032684718764345,0.4714913870654026,18,20,1,4,16,23,1,7,0.9832853095617772,46.64834450489613
1354,2686,0.383,0.667,0.4470845456107122,0.59755140977866406,18,20,1,4,17,23,1,7,0.7691410793866104,60.135001940847836
1354,2687,0.271,0.6,0.6608694953791066,0.7455634145174761,18,20,1,4,18,23,1,7,0.6583623622291906,65.69289220144405
1354,2688,0.919,0.8,0.08150721189799381,0.35742786673142224,18,20,1,4,19,23,1,7,1.2184256234994404,41.03994333799421
1354,2689,1,1,0,0.2928932188134524,18,20,1,4,20,23,1,7,1.4142135623730951,45
1354,2692,0.983,0.857,0.013586871048044902,0.3331761570123183,18,20,1,4,10,24,1,7,1.304123460413162,41.082600276792334
1354,2693,0.972,0.846,0.01925872520119931,0.34120496798116184,18,20,1,4,11,24,1,7,1.2886038956948718,41.03534527714388
1354,2694,0.954,0.833,0.02909408191753371,0.3529144101552404,18,20,1,4,12,24,1,7,1.2664931898750975,41.12634404530204
1354,2695,0.922,0.819,0.045813038690084906,0.3693903763241245,18,20,1,4,13,24,1,7,1.2332254457316392,41.61424782904564
1354,2696,0.863,0.8,0.07488311342270293,0.3929705946261297,18,20,1,4,14,24,1,7,1.1767620830057366,42.83048177469456
1354,2697,0.756,0.778,0.13363492112460074,0.4319197119455864,18,20,1,4,15,24,1,7,1.0848133480004751,45.82165628361671
1354,2698,0.573,0.75,0.25087780803995696,0.4970668524329894,18,20,1,4,16,24,1,7,0.9438373800607813,52.62017245327352
1354,2699,0.341,0.714,0.46386075271532456,0.6088497070460783,18,20,1,4,17,24,1,7,0.7912502764612471,64.47127725677773
1354,2700,0.345,0.667,0.5532452439963809,0.6782245595091609,18,20,1,4,18,24,1,7,0.7509420749964674,62.65012421993013
1354,2701,0.928,0.834,0.0736761209683241,0.34659498513804676,18,20,1,4,19,24,1,7,1.2476938727107703,41.946252812924264
1354,2702,1,1,0,0.2928932188134524,18,20,1,4,20,24,1,7,1.4142135623730951,45
1354,2706,0.968,0.867,0.022714143550646937,0.34539940829621885,18,20,1,4,10,25,1,7,1.2995049057237145,41.84956917886625
1354,2707,0.951,0.857,0.030967850167637256,0.35475218015418186,18,20,1,4,11,25,1,7,1.2801757691817166,42.02380620707182
1354,2708,0.923,0.847,0.044521747418672986,0.3680280854809531,18,20,1,4,12,25,1,7,1.2527322140026576,42.54135246286424
1354,2709,0.876,0.834,0.06619013106505844,0.3861737510006552,18,20,1,4,13,25,1,7,1.2095172590748757,43.593018121017984
1354,2710,0.8,0.819,0.10146700361404293,0.41140104083054996,18,20,1,4,14,25,1,7,1.1448847103529682,45.67237173444942
1354,2711,0.677,0.8,0.16654232390923585,0.45120964770712635,18,20,1,4,15,25,1,7,1.0480119274130424,49.76043130357691
1354,2712,0.501,0.778,0.2815329408528471,0.5134617395150889,18,20,1,4,16,25,1,7,0.9253566879857734,57.220130573875224
1354,2713,0.335,0.75,0.45618438417482776,0.6070575652824068,18,20,1,4,17,25,1,7,0.8214164595380349,65.93127669812515
1354,2714,0.401,0.715,0.46835767633589487,0.6266886858627736,18,20,1,4,18,25,1,7,0.8197719194995642,60.7145847675499
1354,2715,0.935,0.857,0.06618533846869312,0.3386392070125174,18,20,1,4,19,25,1,7,1.2683351292146725,42.50767206083282
1354,2716,1,1,0,0.2928932188134524,18,20,1,4,20,25,1,7,1.4142135623730951,45
1354,2721,0.948,0.875,0.033406414400386386,0.3570966979405582,18,20,1,4,10,26,1,7,1.2900887566365347,42.706879627030396
1354,2722,0.923,0.867,0.0440532527209061,0.3673860865588173,18,20,1,4,11,26,1,7,1.266340396575897,43.20809079472973
1354,2723,0.885,0.857,0.06075331976178355,0.3816566950349186,18,20,1,4,12,26,1,7,1.2319391218725055,44.07913680322482
1354,2724,0.827,0.847,0.0861002556716135,0.40068646910171857,18,20,1,4,13,26,1,7,1.18378122978868,45.68450482188841
1354,2725,0.738,0.833,0.12517782267462463,0.42646745421075105,18,20,1,4,14,26,1,7,1.11289397518362,48.460521257184176
1354,2726,0.611,0.819,0.19187580639798973,0.4654849018778906,18,20,1,4,15,26,1,7,1.0218033078826865,53.275892827075204
1354,2727,0.455,0.8,0.2982872268079243,0.5226839107453645,18,20,1,4,16,26,1,7,0.9203396112305501,60.37094559280718
1354,2728,0.344,0.778,0.43609856059595864,0.597893713812191,18,20,1,4,17,26,1,7,0.8506585684045039,66.14693229036696
1354,2729,0.445,0.75,0.40083497140372926,0.5864333085248097,18,20,1,4,18,26,1,7,0.8720808448762075,59.31793136312795
1354,2730,0.939,0.876,0.05939468669019887,0.33264481160007486,18,20,1,4,19,26,1,7,1.2841717174895264,43.01201901689379
1354,2731,1,1,0,0.2928932188134524,18,20,1,4,20,26,1,7,1.4142135623730951,45
1354,2737,0.924,0.883,0.044866563060935394,0.36792523524655274,18,20,1,4,10,27,1,7,1.278070811809737,43.70020810051014
1354,2738,0.891,0.876,0.05749343642668281,0.37880319067750956,18,20,1,4,11,27,1,7,1.2495027010775126,44.5136298533114
1354,2739,0.845,0.867,0.07652998968836822,0.39358705093651236,18,20,1,4,12,27,1,7,1.2106667584434618,45.736237016210104
1354,2740,0.777,0.857,0.10422787353641783,0.4128780354741678,18,20,1,4,13,27,1,7,1.1567964384454164,47.80294076323002
1354,2741,0.682,0.846,0.14491928146050503,0.4383945520734075,18,20,1,4,14,27,1,7,1.0866646216749674,51.12609526216495
1354,2742,0.558,0.833,0.2099572028446447,0.47552208282567854,18,20,1,4,15,27,1,7,1.0026230597786987,56.18313704169848
1354,2743,0.428,0.819,0.30484458280764093,0.5266195935631826,18,20,1,4,16,27,1,7,0.9240914456913882,62.40894822238573
1354,2744,0.357,0.8,0.41062970456983494,0.5852039211811828,18,20,1,4,17,27,1,7,0.8760416656757828,65.95118226209097
1354,2745,0.481,0.778,0.34692757326297485,0.5545226911807042,18,20,1,4,18,27,1,7,0.914683005199069,58.27349079082146
1354,2746,0.943,0.889,0.05342649790394838,0.32803811236685765,18,20,1,4,19,27,1,7,1.2959822529649085,43.311639458727214
1354,2747,1,1,1.1102230246251565e-16,0.2928932188134524,18,20,1,4,20,27,1,7,1.4142135623730951,45
1354,2754,0.896,0.889,0.05639073784743531,0.37771320502115513,18,20,1,4,10,28,1,7,1.2621953097678664,44.7753118203755
1354,2755,0.857,0.883,0.07049382663156267,0.3888873521394056,18,20,1,4,11,28,1,7,1.2305031491223417,45.85608012064639
1354,2756,0.803,0.875,0.09106101440961001,0.4038014391888817,18,20,1,4,12,28,1,7,1.187616941610383,47.45695304062365
1354,2757,0.729,0.867,0.11990039761664317,0.42288459566456793,18,20,1,4,13,28,1,7,1.1327532829349911,49.94185504917335
1354,2758,0.632,0.857,0.16055119640423288,0.4475598165200213,18,20,1,4,14,28,1,7,1.0648347289603208,53.592849339514444
1354,2759,0.518,0.847,0.22188797217018374,0.4821389997752217,18,20,1,4,15,28,1,7,0.9928408734535459,58.55128472694636
1354,2760,0.413,0.834,0.3044985994979553,0.5268641704728787,18,20,1,4,16,28,1,7,0.930658369112963,63.655210225184305
1354,2761,0.369,0.818,0.38375941240129263,0.5713291267353392,18,20,1,4,17,28,1,7,0.8973767324819604,65.71985268297678
1354,2762,0.512,0.8,0.30365878788974854,0.5289245593077943,18,20,1,4,18,28,1,7,0.9498126130979732,57.38075692880717
1354,2763,0.946,0.901,0.048308215931171405,0.324436774232428,18,20,1,4,19,28,1,7,1.306413793558534,43.60433129333657
1354,2764,1,1,0,0.2928932188134524,18,20,1,4,20,28,1,7,1.4142135623730951,45
1354,2772,0.866,0.895,0.06745702364433337,0.3864035083485011,18,20,1,4,10,29,1,7,1.245383876561761,45.94345680181057
1354,2773,0.822,0.889,0.08254665560905716,0.39763970719921826,18,20,1,4,11,29,1,7,1.2107869341878446,47.242464587781306
1354,2774,0.762,0.883,0.10392456669627415,0.412393001295574,18,20,1,4,12,29,1,7,1.16633314280269,49.2068853646526
1354,2775,0.685,0.876,0.13294631668532475,0.4309328057638905,18,20,1,4,13,29,1,7,1.112025629201054,51.97589130319735
1354,2776,0.591,0.867,0.1724017905353612,0.4543891923979063,18,20,1,4,14,29,1,7,1.0492711756262056,55.719275259373546
1354,2777,0.489,0.858,0.22896716317669186,0.4860946331774839,18,20,1,4,15,29,1,7,0.987565187721803,60.319884063016524
1354,2778,0.407,0.847,0.29972674273211886,0.5246690940254839,18,20,1,4,16,29,1,7,0.9397116579036359,64.33480853782642
1354,2779,0.38,0.834,0.3576137422979526,0.5575664563273226,18,20,1,4,17,29,1,7,0.9164911347088961,65.504306223792085
1354,2780,0.538,0.819,0.26869962865797326,0.5081533418803392,18,20,1,4,18,29,1,7,0.9799005051534568,56.699142085419986
1354,2781,0.949,0.909,0.043932583776662426,0.3215738096212928,18,20,1,4,19,29,1,7,1.314108823499789,43.766696873896876
1354,2782,1,1,0,0.2928932188134524,18,20,1,4,20,29,1,7,1.4142135623730951,45
1354,2791,0.836,0.9,0.07773726960699934,0.39401255354292875,18,20,1,4,10,30,1,7,1.2283712793776969,47.111330625576024
1354,2792,0.787,0.895,0.09337171653493503,0.4051308235654829,18,20,1,4,11,30,1,7,1.191802836042942,48.673877058614586
1354,2793,0.724,0.889,0.11496896488533725,0.41951211211977235,18,20,1,4,12,30,1,7,1.146515154718855,50.84069072563533
1354,2794,0.646,0.883,0.1434806327621022,0.43728292282274095,18,20,1,4,13,30,1,7,1.0940772367616465,53.81091595366307
1354,2795,0.557,0.875,0.18099049304595716,0.45929928753931615,18,20,1,4,14,30,1,7,1.037243462259464,57.52033450904867
1354,2796,0.468,0.867,0.2323597359020998,0.4880414493463884,18,20,1,4,15,30,1,7,0.9852476845950972,61.6401642595592
1354,2797,0.406,0.858,0.29230733175083434,0.5209557448451135,18,20,1,4,16,30,1,7,0.9492101980067428,64.67679290008331
1354,2798,0.39,0.847,0.33324172884558656,0.5445573405074096,18,20,1,4,17,30,1,7,0.9324746645351819,65.27635738405624
1354,2799,0.561,0.834,0.24028376233445414,0.491096316527316,18,20,1,4,18,30,1,7,1.005125365315193,56.07278242302353
1354,2800,0.951,0.917,0.040220314801645785,0.3192591344939465,18,20,1,4,19,30,1,7,1.3210942434209605,43.957258338108275
1354,2801,1,1,1.1102230246251565e-16,0.29289321881345254,18,20,1,4,20,30,1,7,1.4142135623730951,45
1354,2811,0.805,0.905,0.08704163527808706,0.4006009750562355,18,20,1,4,10,31,1,7,1.211218394840501,48.34681864174021
1354,2812,0.753,0.9,0.1028623407436009,0.4114684724326443,18,20,1,4,11,31,1,7,1.173460267755155,50.08190051655022
1354,2813,0.688,0.895,0.12423570526852157,0.4253323846787017,18,20,1,4,12,31,1,7,1.128879532988352,52.44997533088326
1354,2814,0.612,0.889,0.15175918750544737,0.44219505467238207,18,20,1,4,13,31,1,7,1.0792891178919577,55.455933729351855
1354,2815,0.53,0.883,0.1869045889444393,0.4626666406895428,18,20,1,4,14,31,1,7,1.0298490180604145,59.02670212255039
1354,2816,0.454,0.875,0.23306094380909448,0.48851039137545893,18,20,1,4,15,31,1,7,0.9857692427743929,62.57713600525468
1354,2817,0.408,0.867,0.2834472501773019,0.5163680073113239,18,20,1,4,16,31,1,7,0.9582030056308527,64.79887635452492
1354,2818,0.4,0.858,0.31104431318248305,0.532563595569107,18,20,1,4,17,31,1,7,0.9466593896433922,65.00504491757823
1354,2819,0.581,0.847,0.21693712723951109,0.4769156184160753,18,20,1,4,18,31,1,7,1.0271173253333818,55.551809506192285
1354,2820,0.953,0.923,0.03704296434925991,0.31735650419977746,18,20,1,4,19,31,1,7,1.3267019258296116,44.083834281980266
1354,2821,1,1,1.1102230246251565e-16,0.2928932188134524,18,20,1,4,20,31,1,7,1.4142135623730951,45
1354,2832,0.775,0.909,0.095297660462863365,0.4062532666791321,18,20,1,4,10,32,1,7,1.1945317074067143,49.54957921002394
1354,2833,0.72,0.905,0.11102330869480947,0.4167763054322592,18,20,1,4,11,32,1,7,1.1564709248398768,51.494940267704386
1354,2834,0.656,0.9,0.13185444098841814,0.4300296247955713,18,20,1,4,12,32,1,7,1.1137037308009703,53.91210825397146
1354,2835,0.583,0.895,0.15808446666458054,0.44591027562899377,18,20,1,4,13,32,1,7,1.0681357591617275,56.91991383169321
1354,2836,0.508,0.889,0.19067668930154513,0.4648144198745837,18,20,1,4,14,32,1,7,1.0239067340339159,60.25511870305778
1354,2837,0.445,0.883,0.23185130381957764,0.487916221351701,18,20,1,4,15,32,1,7,0.9887942151934345,63.25355166482211
1354,2838,0.412,0.875,0.2739327239795635,0.5113369934328302,18,20,1,4,16,32,1,7,0.9671447668265595,64.78626377875307
1354,2839,0.409,0.867,0.29103815009419687,0.5216426733309234,18,20,1,4,17,32,1,7,0.9586292296816324,64.74479673859726
1354,2840,0.599,0.858,0.1975491157616187,0.46497974108729934,18,20,1,4,18,32,1,7,1.046405753042289,55.079750880492796
1354,2841,0.955,0.929,0.034306407461579425,0.3157676159872682,18,20,1,4,19,32,1,7,1.3323160285758031,44.20934410467751
1354,2842,1,1,0,0.2928932188134524,18,20,1,4,20,32,1,7,1.4142135623730951,45
1354,2854,0.746,0.914,0.10250608957372298,0.411064018856622,18,20,1,4,10,33,1,7,1.1797932022180837,50.77893253676316
1354,2855,0.691,0.91,0.1179340146086626,0.4211802562555469,18,20,1,4,11,33,1,7,1.1426202343736085,52.78911976971786
1354,2856,0.627,0.905,0.1380058063334213,0.43376960449163793,18,20,1,4,12,33,1,7,1.100978655560588,55.28509838377836
1354,2857,0.558,0.9,0.1627634305283392,0.44864158317003866,18,20,1,4,13,33,1,7,1.0589447577659565,58.201087175705574
1354,2858,0.492,0.895,0.19277539678823674,0.4660101468820197,18,20,1,4,14,33,1,7,1.0213172866450464,61.201495159445116
1354,2859,0.44,0.889,0.22931709457585359,0.4865732768423874,18,20,1,4,15,33,1,7,0.9919279207684397,63.66743718429233
1354,2860,0.416,0.883,0.2642477235395163,0.5061408219888284,18,20,1,4,16,33,1,7,0.9760865740291688,64.77388228685332
1354,2861,0.418,0.875,0.27309916557196123,0.5117506592593113,18,20,1,4,17,33,1,7,0.9697159377879689,64.4655274274989
1354,2862,0.615,0.867,0.1812576180025529,0.4548116570037919,18,20,1,4,18,33,1,7,1.0629741295064523,54.65029981281192
1354,2863,0.956,0.934,0.0319579108334721,0.3144209052470661,18,20,1,4,19,33,1,7,1.336522352974315,44.33309511994235
1354,2864,1,1,0,0.2928932188134524,18,20,1,4,20,33,1,7,1.4142135623730951,45
1354,2877,0.718,0.917,0.10872328145422716,0.4151290076412125,18,20,1,4,10,34,1,7,1.1646514500055372,51.93948205357292
1354,2878,0.663,0.913,0.12370400270021176,0.4248003994481707,18,20,1,4,11,34,1,7,1.1283341703591185,54.01369349876401
1354,2879,0.602,0.909,0.14288114717104794,0.4367017993236345,18,20,1,4,12,34,1,7,1.0902683155994215,56.484836370859426
1354,2880,0.538,0.905,0.16608914853213264,0.45057114835693934,18,20,1,4,13,34,1,7,1.052838544127256,59.26956918379418
1354,2881,0.479,0.9,0.1935788930298009,0.46646966099350506,18,20,1,4,14,34,1,7,1.0195297935813352,61.97709975224547
1354,2882,0.437,0.895,0.22588692852369174,0.484714519305685,18,20,1,4,15,34,1,7,0.9959889557620607,63.97521631667996
1354,2883,0.42,0.889,0.2546931285207086,0.5009523958975814,18,20,1,4,16,34,1,7,0.9832197109496941,64.71203173817698
1354,2884,0.427,0.883,0.2570357059107412,0.5027994117923789,18,20,1,4,17,34,1,7,0.9808251628093562,64.1925779893235
1354,2885,0.63,0.876,0.16742472649223683,0.44604931574311957,18,20,1,4,18,34,1,7,1.079016218599146,54.277139337934706
1354,2886,0.958,0.938,0.029928797373408478,0.3132636926417074,18,20,1,4,19,34,1,7,1.3407490443778058,44.395636555602735
1354,2887,1,1,0,0.2928932188134524,18,20,1,4,20,34,1,7,1.4142135623730951,45
1354,2901,0.693,0.92,0.11402719551754936,0.41853977259536335,18,20,1,4,10,35,1,7,1.151802500431389,53.010715592722455
1354,2902,0.638,0.917,0.12845769238106064,0.4277465678691834,18,20,1,4,11,35,1,7,1.1171092157886802,55.171849653903934
1354,2903,0.58,0.913,0.1466614984543202,0.43895699620193285,18,20,1,4,12,35,1,7,1.0816510527892071,57.57349702680283
1354,2904,0.521,0.909,0.16830821479565272,0.45185126959959165,18,20,1,4,13,35,1,7,1.0477222914494089,60.18050603366294
1354,2905,0.47,0.905,0.19339217664831654,0.46636394048313,18,20,1,4,14,35,1,7,1.019767130280242,62.555477425911214
1354,2906,0.436,0.9,0.22187369466192652,0.4825097249636199,18,20,1,4,15,35,1,7,1.0000479988480553,64.15238977940375
1354,2907,0.424,0.895,0.24543954934743528,0.4958744739825933,18,20,1,4,16,35,1,7,0.9903539771213119,64.6510722315575
1354,2908,0.436,0.889,0.24263545151595856,0.49468664778245597,18,20,1,4,17,35,1,7,0.9901600880665712,63.87488067032618
1354,2909,0.643,0.883,0.15554194650547748,0.43841598309655594,18,20,1,4,18,35,1,7,1.0923085644633572,53.93791826512582
1354,2910,0.959,0.942,0.028145475078416915,0.31225671145766465,18,20,1,4,19,35,1,7,1.3442637390036227,44.48763688151901
1354,2911,1,1,0,0.2928932188134524,18,20,1,4,20,35,1,7,1.4142135623730951,45
1354,2954,1,1,0,0.2928932188134524,18,20,1,4,10,18,4,7,1.4142135623730951,45
1354,2955,1,1,0,0.2928932188134524,18,20,1,4,11,18,4,7,1.4142135623730951,45
1354,2956,1,1,0,0.2928932188134524,18,20,1,4,12,18,4,7,1.4142135623730951,45
1354,2957,1,1,0,0.2928932188134524,18,20,1,4,13,18,4,7,1.4142135623730951,45
1354,2958,1,1,0,0.2928932188134524,18,20,1,4,14,18,4,7,1.4142135623730951,45
1354,2959,1,1,0,0.2928932188134524,18,20,1,4,15,18,4,7,1.4142135623730951,45
1354,2960,1,1,0,0.2928932188134524,18,20,1,4,16,18,4,7,1.4142135623730951,45
1354,2961,1,1,0,0.2928932188134524,18,20,1,4,17,18,4,7,1.4142135623730951,45
1354,2962,1,0.901,1.6589871986272264e-5,0.29367951107000045,18,20,1,4,10,19,4,7,1.3460315746668055,42.01885188710784
1354,2963,1,0.889,3.52022238044869e-5,0.29404296938655916,18,20,1,4,11,19,4,7,1.3380287739805896,41.63709543013025
1354,2964,1,0.876,8.274194149660019e-5,0.2946650174030978,18,20,1,4,12,19,4,7,1.3294269442131825,41.218359795425336
1354,2965,1,0.857,2.2234299395473833e-4,0.29581900771740466,18,20,1,4,13,19,4,7,1.3169848138835922,40.59657583596283
1354,2966,0.999,0.834,7.389516302531707e-4,0.29828787439681104,18,20,1,4,14,19,4,7,1.3013673578202274,39.85630524032165
1354,2967,0.996,0.8,0.003211075932656904,0.3043962388133319,18,20,1,4,15,19,4,7,1.2775038160412673,38.77187809554532
1354,2968,0.98,0.751,0.019547974030128756,0.3231419346813167,18,20,1,4,16,19,4,7,1.2346663516918244,37.46390356053941
1354,2969,0.861,0.667,0.1509727584820122,0.40077483293513594,18,20,1,4,17,19,4,7,1.0891326824588454,37.764249475207784
1354,2970,0.29,0.501,0.6046775126909885,0.7073922557600063,18,20,1,4,18,19,4,7,0.5788790892751265,59.935925461983246
1354,2971,0.999,0.8,0.0011202533440631823,0.3026186200663298,18,20,1,4,10,20,4,7,1.2798441311347253,38.687774465176346
1354,2972,0.997,0.778,0.0020682199939187074,0.3062020550912118,18,20,1,4,11,20,4,7,1.26463156690002,37.96637707721167
1354,2973,0.994,0.75,0.004091435429008916,0.31181034078488656,18,20,1,4,12,20,4,7,1.2452052039724215,37.03554511738589
1354,2974,0.987,0.715,0.008849558688417969,0.321178194775956,18,20,1,4,13,20,4,7,1.2187674101320563,35.92022691141035
1354,2975,0.968,0.667,0.021653976259587315,0.3384015197933896,18,20,1,4,14,20,4,7,1.175547957337343,34.56876825389146
1354,2976,0.917,0.6,0.05991207227201323,0.3728098461350491,18,20,1,4,15,20,4,7,1.095850811013981,33.19702565835603
1354,2977,0.774,0.5,0.1825133809854509,0.4494664185809727,18,20,1,4,16,20,4,7,0.9214532001138203,32.862251135945236
1354,2978,0.409,0.334,0.5447004732276466,0.6424376138767012,18,20,1,4,17,20,4,7,0.5280501870087728,39.23596644407427
1354,2979,0.289,0,0.6715241414426378,0.7779078278681641,18,20,1,4,18,20,4,7,0.289,0
1354,2980,0.892,0.501,0.06657169876624591,0.37873513202904896,18,20,1,4,19,20,4,7,1.0230664690038473,29.321144775388408
1354,2981,0.986,0.818,0.008577283059091112,0.32384693663681385,18,20,1,4,10,21,4,7,1.2811401172393284,39.67959616540994
1354,2982,0.976,0.8,0.014212867963556919,0.3331826407605386,18,20,1,4,11,21,4,7,1.261973058349504,39.34051815983752
1354,2983,0.956,0.778,0.02472077773200343,0.34688170259215634,18,20,1,4,12,21,4,7,1.232566428230138,39.138955909197826
1354,2984,0.918,0.75,0.0456291964201464,0.3680661737500617,18,20,1,4,13,21,4,7,1.185421444044269,39.248597909634015
1354,2985,0.842,0.714,0.09053886076710238,0.4030338084025217,18,20,1,4,14,21,4,7,1.103974637389827,40.297311243208476
1354,2986,0.693,0.667,0.18988667743731713,0.46349844294255993,18,20,1,4,15,21,4,7,0.9618409431917525,43.904772925787476
1354,2987,0.423,0.6,0.40333927303263173,0.5730100841694783,18,20,1,4,16,21,4,7,0.7341178379524639,54.81616337875374
1354,2988,0.203,0.501,0.7255193469266842,0.7576848451018414,18,20,1,4,17,21,4,7,0.5405645197383935,67.94271961632337
1354,2989,0.576,0.334,0.4119043631080076,0.6073081411993169,18,20,1,4,18,21,4,7,0.6658318105948378,30.107778177297796
1354,2990,0.956,0.667,0.03896508460743897,0.33369347116850845,18,20,1,4,19,21,4,7,1.1656864930160253,34.90343307754827
1354,2991,1,1,0,0.2928932188134524,18,20,1,4,20,21,4,7,1.4142135623730951,45
1354,2992,0.945,0.834,0.02839152672165246,0.3522259491695082,18,20,1,4,10,22,4,7,1.2603892255966012,41.42968092991631
1354,2993,0.913,0.819,0.04320753000334798,0.36715242346704413,18,20,1,4,11,22,4,7,1.226511312626182,41.8934615312544
1354,2994,0.861,0.8,0.06797129475786878,0.3879618867170356,18,20,1,4,12,22,4,7,1.1752961328958758,42.896765473989596
1354,2995,0.774,0.778,0.11116509775520234,0.41814645115113536,18,20,1,4,13,22,4,7,1.0974333692757843,45.147669207860126
1354,2996,0.638,0.75,0.1884373328887189,0.4636658347037136,18,20,1,4,14,22,4,7,0.9846542540404728,49.61329528612493
1354,2997,0.453,0.715,0.32117793084346624,0.5328109190848845,18,20,1,4,15,22,4,7,0.8464242435091281,57.64302531331631
1354,2998,0.306,0.667,0.5087754171103553,0.6317192517846071,18,20,1,4,16,22,4,7,0.7338426261808454,65.35573373561098
1354,2999,0.314,0.6,0.5832028925680499,0.6986611314306994,18,20,1,4,17,22,4,7,0.6771971647902847,62.375438281525575
1354,3000,0.723,0.5,0.2500231013522908,0.4899800208743794,18,20,1,4,18,22,4,7,0.8790500554575945,34.66629746801492
1354,3001,0.976,0.751,0.022257329097686962,0.3127455824317702,18,20,1,4,19,22,4,7,1.231493808348219,37.57710214553584
1354,3002,1,1,0,0.2928932188134524,18,20,1,4,20,22,4,7,1.4142135623730951,45
1354,3004,0.869,0.847,0.06003912209894302,0.38165998485800856,18,20,1,4,10,23,4,7,1.2134949526059018,44.26547896574518
1354,3005,0.81,0.833,0.08504718708884595,0.40048681316111745,18,20,1,4,11,23,4,7,1.1618902702062703,45.80201878115291
1354,3006,0.726,0.819,0.12303054113289535,0.42555338130347953,18,20,1,4,12,23,4,7,1.0944573998105178,48.444715719955106
1354,3007,0.612,0.8,0.1814050746130662,0.45974322102814225,18,20,1,4,13,23,4,7,1.007245749556681,52.58401138142213
1354,3008,0.478,0.778,0.26911052977763916,0.5067500883005933,18,20,1,4,14,23,4,7,0.9131089748764931,58.43360535145667
1354,3009,0.368,0.75,0.3855959943644095,0.5678978464694023,18,20,1,4,15,23,4,7,0.8354184580196921,63.86435240697452
1354,3010,0.331,0.715,0.4867374765717545,0.6282749716950704,18,20,1,4,16,23,4,7,0.7878997398146543,65.15883294380373
1354,3011,0.439,0.667,0.4268817131267567,0.6076067561218508,18,20,1,4,17,23,4,7,0.7985048528343457,56.648250268907326
1354,3012,0.808,0.6,0.15542599107217292,0.42247601689266445,18,20,1,4,18,23,4,7,1.0064114466757619,36.596628909439175
1354,3013,0.985,0.8,0.013055018701706778,0.30395221083073853,18,20,1,4,19,23,4,7,1.2689464133681927,39.08290785816846
1354,3014,1,1,0,0.2928932188134524,18,20,1,4,20,23,4,7,1.4142135623730951,45
1354,3017,0.77,0.857,0.09672832475996118,0.4082660722730429,18,20,1,4,10,24,4,7,1.1521063318982323,48.06084201766853
1354,3018,0.693,0.846,0.12891302337402966,0.4289418228712283,18,20,1,4,11,24,4,7,1.0936018471089008,50.67741666204533
1354,3019,0.598,0.833,0.1735291286056877,0.4552088515763286,18,20,1,4,12,24,4,7,1.0254233272166184,54.32591940826869
1354,3020,0.495,0.819,0.23440057263270453,0.48869715185589224,18,20,1,4,13,24,4,7,0.9569670840734283,58.851419013804986
1354,3021,0.408,0.8,0.3118077216101517,0.529950386978119,18,20,1,4,14,24,4,7,0.8980334069509887,62.97841840882297
1354,3022,0.368,0.778,0.3901335324510222,0.5733136539165251,18,20,1,4,15,24,4,7,0.8606439449621429,64.68548967852394
1354,3023,0.369,0.75,0.4176795614719846,0.5937223463094191,18,20,1,4,16,24,4,7,0.8358594379439643,63.80281394153173
1354,3024,0.547,0.714,0.30537339273145947,0.5342544942045551,18,20,1,4,17,24,4,7,0.8994470523605044,52.544041882878794
1354,3025,0.861,0.667,0.0994607624653655,0.38240004540830774,18,20,1,4,18,24,4,7,1.0891326824588454,37.764249475207784
1354,3026,0.99,0.834,0.00790409631139688,0.299687648583168,18,20,1,4,19,24,4,7,1.2944713206556566,40.111599051875245
1354,3027,1,1,0,0.2928932188134524,18,20,1,4,20,24,4,7,1.4142135623730951,45
1354,3031,0.671,0.867,0.13124482407064375,0.43015797002250766,18,20,1,4,10,25,4,7,1.0963256815381093,52.262525955715155
1354,3032,0.591,0.857,0.16603702716176272,0.45081773562478467,18,20,1,4,11,25,4,7,1.041023534796404,55.40927365479908
1354,3033,0.508,0.847,0.21033857386585963,0.4757237508998935,18,20,1,4,12,25,4,7,0.9876603667253233,59.04619237901125
1354,3034,0.436,0.834,0.26421176425439596,0.5050254701073376,18,20,1,4,13,25,4,7,0.9410908564001671,62.40025161104646
1354,3035,0.395,0.819,0.32161287983947184,0.5363667967416588,18,20,1,4,14,25,4,7,0.9092777353482269,64.25219669330738
1354,3036,0.382,0.8,0.36172622203446514,0.5599937665484971,18,20,1,4,15,25,4,7,0.8865235473466004,64.47552464370563
1354,3037,0.423,0.778,0.3413657191670244,0.5519624558744303,18,20,1,4,16,25,4,7,0.8855580161683366,61.466994927506846
1354,3038,0.634,0.75,0.21856934334475608,0.4803404061924119,18,20,1,4,17,25,4,7,0.9820672074761483,49.791049380342486
1354,3039,0.897,0.715,0.06580954097609881,0.35749488616609637,18,20,1,4,18,25,4,7,1.1470980777597006,38.558399900664966
1354,3040,0.993,0.857,0.004953486632797377,0.2974060650703899,18,20,1,4,19,25,4,7,1.311677551839628,40.79554900365998
1354,3041,1,1,0,0.2928932188134524,18,20,1,4,20,25,4,7,1.4142135623730951,45
1354,3046,0.587,0.875,0.15921443384050182,0.44675097201364267,18,20,1,4,10,26,4,7,1.0536574395884082,56.1440330759359
1354,3047,0.518,0.867,0.19271137423006124,0.46593852578992045,18,20,1,4,11,26,4,7,1.0099569297747306,59.143265516093976
1354,3048,0.457,0.857,0.23191515166289245,0.487687528618849,18,20,1,4,12,26,4,7,0.9712352958989907,61.930983222189745
1354,3049,0.416,0.847,0.2740548838078676,0.5108394043494808,18,20,1,4,13,26,4,7,0.9436445305304323,63.84225792959475
1354,3050,0.401,0.833,0.3101564039100595,0.5311670961280954,18,20,1,4,14,26,4,7,0.9244944564463325,64.29418250127172
1354,3051,0.402,0.819,0.32004874918188864,0.538094719041998,18,20,1,4,15,26,4,7,0.9123403970010316,63.856233727090604
1354,3052,0.483,0.8,0.27347825353287225,0.5134080587581424,18,20,1,4,16,26,4,7,0.9344993311929122,58.878520120193414
1354,3053,0.703,0.778,0.1587802098695308,0.44148027374970145,18,20,1,4,17,26,4,7,1.0485671175466071,47.899065258514206
1354,3054,0.922,0.75,0.04508365191448227,0.3414743587821988,18,20,1,4,18,26,4,7,1.1885217709406926,39.12659665563157
1354,3055,0.995,0.876,0.0032528532757895023,0.2960952745780897,18,20,1,4,19,26,4,7,1.325670019273273,41.36075562786028
1354,3056,1,1,0,0.29289321881345254,18,20,1,4,20,26,4,7,1.4142135623730951,45
1354,3062,0.526,0.883,0.17920436358620495,0.45825270371230664,18,20,1,4,10,27,4,7,1.0277961860213336,59.217891417776734
1354,3063,0.473,0.876,0.20883744817292382,0.4750024090159899,18,20,1,4,11,27,4,7,0.9955425656394606,61.63297933043283
1354,3064,0.434,0.867,0.24053159914693756,0.49262486653352344,18,20,1,4,12,27,4,7,0.9695591781835702,63.40852088221641
1354,3065,0.416,0.857,0.2699804985159028,0.5090731033213236,18,20,1,4,13,27,4,7,0.9526305684786731,64.1074036201334
1354,3066,0.409,0.846,0.2875789777574753,0.5194081340762345,18,20,1,4,14,27,4,7,0.9396792005785803,64.19848373887181
1354,3067,0.431,0.833,0.27659286125108984,0.5142334892861877,18,20,1,4,15,27,4,7,0.937896582785117,62.64263995643497
1354,3068,0.543,0.819,0.21863560517533154,0.4811226783681938,18,20,1,4,16,27,4,7,0.9826545679942672,56.455476054737524
1354,3069,0.756,0.8,0.11809425115593364,0.4134804284014121,18,20,1,4,17,27,4,7,1.1006979603869538,46.61975749725528
1354,3070,0.939,0.778,0.032143816920437995,0.33084153916979964,18,20,1,4,18,27,4,7,1.219428144664539,39.64314124109475
1354,3071,0.996,0.889,0.002237179407835299,0.2952945156594715,18,20,1,4,19,27,4,7,1.3350419469065382,41.7511530506899
1354,3072,1,1,0,0.2928932188134524,18,20,1,4,20,27,4,7,1.4142135623730951,45
1354,3079,0.485,0.889,0.19162300687855216,0.4653248816818977,18,20,1,4,10,28,4,7,1.012692450845764,61.385024944374884
1354,3080,0.449,0.883,0.21613517161428808,0.47914892242687857,18,20,1,4,11,28,4,7,0.9906008277807968,63.04694721790845
1354,3081,0.428,0.875,0.23973161106139462,0.49239219925413735,18,20,1,4,12,28,4,7,0.9740682727612064,63.93476158551224
1354,3082,0.421,0.867,0.25760044401896065,0.5025761929555603,18,20,1,4,13,28,4,7,0.9638101472800543,64.09960322434523
1354,3083,0.422,0.857,0.26086722182772626,0.504880090903949,18,20,1,4,14,28,4,7,0.9552659315604216,63.783654786049226
1354,3084,0.467,0.847,0.2369374317291293,0.4917515508985052,18,20,1,4,15,28,4,7,0.967211455680711,61.12951506474376
1354,3085,0.598,0.834,0.17627022638100398,0.4551263933151529,18,20,1,4,16,28,4,7,1.0262358403408058,54.358478589036544
1354,3086,0.799,0.818,0.09019030686885521,0.3930752851103281,18,20,1,4,17,28,4,7,1.1434705942874088,45.67320328657338
1354,3087,0.952,0.8,0.023807523363338357,0.32354035426503736,18,20,1,4,18,28,4,7,1.2435047245587771,40.041549080514635
1354,3088,0.997,0.901,0.0016114519130188132,0.29477591510840273,18,20,1,4,19,28,4,7,1.3438043012284193,42.10447234880759
1354,3089,1,1,1.1102230246251565e-16,0.29289321881345254,18,20,1,4,20,28,4,7,1.4142135623730951,45
1354,3097,0.461,0.895,0.19777703446534212,0.4688282268583964,18,20,1,4,10,29,4,7,1.006750217283314,62.74773786606402
1354,3098,0.44,0.889,0.21683664636274214,0.47962537037754405,18,20,1,4,11,29,4,7,0.9919279207684397,63.66743718429233
1354,3099,0.43,0.883,0.23286536602946784,0.4887303657871588,18,20,1,4,12,29,4,7,0.9821349194484431,64.0350192901559
1354,3100,0.427,0.876,0.24113163937787507,0.49358431880229436,18,20,1,4,13,29,4,7,0.9745280909240123,64.01340881430716
1354,3101,0.44,0.867,0.23412639745147312,0.4898981089830834,18,20,1,4,14,29,4,7,0.9722597389586797,63.092337849638895
1354,3102,0.506,0.858,0.20300748250591572,0.47188323017168055,18,20,1,4,15,29,4,7,0.9960923651951158,59.47029410006589
1354,3103,0.647,0.847,0.14396613189552598,0.4344132264832069,18,20,1,4,16,29,4,7,1.0658414516240209,52.624785818864446
1354,3104,0.833,0.834,0.07067147711019528,0.37789985797755754,18,20,1,4,17,29,4,7,1.178747216327572,45.03437058946631
1354,3105,0.961,0.819,0.01823257041325821,0.31833541735250404,18,20,1,4,18,29,4,7,1.262648803111934,40.43887254560129
1354,3106,0.998,0.909,0.0012053144249624115,0.2944205471579828,18,20,1,4,19,29,4,7,1.3499203680217584,42.32793554214473
1354,3107,1,1,0,0.2928932188134524,18,20,1,4,20,29,4,7,1.4142135623730951,45
1354,3116,0.45,0.9,0.19916071624607912,0.4696318692709269,18,20,1,4,10,30,4,7,1.0062305898749055,63.43494882292201
1354,3117,0.438,0.895,0.21305191233549614,0.47755823341001136,18,20,1,4,11,30,4,7,0.9964281208396318,63.9235455115938
1354,3118,0.434,0.889,0.22253861717459755,0.48302243680738466,18,20,1,4,12,30,4,7,0.9892810520777198,63.97887975571344
1354,3119,0.436,0.883,0.22330403627556694,0.4835946986359,18,20,1,4,13,30,4,7,0.9847766244179438,63.72116514088095
1354,3120,0.464,0.875,0.2093333667466193,0.47563637736888864,18,20,1,4,14,30,4,7,0.9904145596668095,62.06363154539692
1354,3121,0.545,0.867,0.17475613359424325,0.4547892039084148,18,20,1,4,15,30,4,7,1.0240673805956324,57.84635146839045
1354,3122,0.691,0.858,0.11927420839751512,0.4178278414758376,18,20,1,4,16,30,4,7,1.1016555723092403,51.153376001812674
1354,3123,0.86,0.847,0.05669978213529481,0.366326229887146,18,20,1,4,17,30,4,7,1.207066278213421,44.56366096420143
1354,3124,0.969,0.834,0.014337723392365387,0.31448200837263673,18,20,1,4,18,30,4,7,1.2784823033581654,40.71795679890206
1354,3125,0.998,0.917,9.275109774637968e-4,0.2941642488773327,18,20,1,4,19,30,4,7,1.355320257356172,42.57796688844134
1354,3126,1,1,0,0.2928932188134524,18,20,1,4,20,30,4,7,1.4142135623730951,45
1354,3136,0.446,0.905,0.197150092598666,0.46849803584307015,18,20,1,4,10,31,4,7,1.0089306219953877,63.765107018642155
1354,3137,0.44,0.9,0.20645030521905183,0.4738456874393405,18,20,1,4,11,31,4,7,1.0017983829094554,63.94650468950905
1354,3138,0.438,0.895,0.21054931527579746,0.4762449913999597,18,20,1,4,12,31,4,7,0.9964281208396318,63.9235455115938
1354,3139,0.448,0.889,0.2056867653239255,0.47349166914653606,18,20,1,4,13,31,4,7,0.9955023857329525,63.25477400955379
1354,3140,0.49,0.883,0.18720601310828555,0.4625661806590944,18,20,1,4,14,31,4,7,1.009846027867615,60.97294989490963
1354,3141,0.584,0.875,0.15146142224462777,0.44019402945415465,18,20,1,4,15,31,4,7,1.0519890683842679,56.27972115094979
1354,3142,0.729,0.867,0.10014877628375551,0.40437721013814787,18,20,1,4,16,31,4,7,1.1327532829349911,49.94185504917335
1354,3143,0.881,0.858,0.04637596446555137,0.3572631744613646,18,20,1,4,17,31,4,7,1.2297662379493104,44.24225066293625
1354,3144,0.974,0.847,0.0115169315942939,0.3115266655568978,18,20,1,4,18,31,4,7,1.2907691505455186,41.01054325303941
1354,3145,0.999,0.923,7.287175484882447e-4,0.29397109804716626,18,20,1,4,19,31,4,7,1.360121318118351,42.735581767640426
1354,3146,1,1,0,0.2928932188134524,18,20,1,4,20,31,4,7,1.4142135623730951,45
1354,3157,0.446,0.909,0.192861343753722,0.46603565363109034,18,20,1,4,10,32,4,7,1.012520123256817,63.8651652302825
1354,3158,0.443,0.905,0.19823519493778086,0.46914379709378684,18,20,1,4,11,32,4,7,1.007608058721247,63.91812414680773
1354,3159,0.445,0.9,0.19802173849098237,0.469028904837514,18,20,1,4,12,32,4,7,1.0040044820617087,63.69016218853062
1354,3160,0.464,0.895,0.1890447411201852,0.46373878061822715,18,20,1,4,13,32,4,7,1.0081274720986428,62.59616193405021
1354,3161,0.519,0.889,0.16779149356514045,0.450786733639597,18,20,1,4,14,32,4,7,1.0294085680622636,59.72353074879207
1354,3162,0.62,0.883,0.13218024809456363,0.4277008343672588,18,20,1,4,15,32,4,7,1.0789295621123745,54.925320799505144
1354,3163,0.761,0.875,0.08512842499116513,0.3932901984888957,18,20,1,4,16,32,4,7,1.1596318381279465,48.98604996819562
1354,3164,0.899,0.867,0.038540268116785126,0.349981761240986,18,20,1,4,17,32,4,7,1.2489555636610936,43.96191148372986
1354,3165,0.979,0.858,0.009409142538706505,0.3091871315703846,18,20,1,4,18,32,4,7,1.3017699489541152,41.231470290864614
1354,3166,0.999,0.929,5.814087709412608e-4,0.2938200850918993,18,20,1,4,19,32,4,7,1.3642001319454562,42.92067237968438
1354,3167,1,1,0,0.2928932188134524,18,20,1,4,20,32,4,7,1.4142135623730951,45
1354,3179,0.448,0.914,0.1871208916090893,0.4627004941314822,18,20,1,4,10,33,4,7,1.0178899744078433,63.888069442545984
1354,3180,0.447,0.91,0.18921103594299538,0.46390202650111845,18,20,1,4,11,33,4,7,1.0138584713854297,63.839323437450034
1354,3181,0.454,0.905,0.18560976357371028,0.46175255807729076,18,20,1,4,12,33,4,7,1.0124924691077954,63.3590268980386
1354,3182,0.484,0.9,0.17368486151962348,0.4545429446703645,18,20,1,4,13,33,4,7,1.021888447923745,61.7296237536881
1354,3183,0.548,0.895,0.15083970616438114,0.44022558495209174,18,20,1,4,14,33,4,7,1.0494422328075044,58.521260135298945
1354,3184,0.655,0.889,0.11610493169083558,0.41692330363594543,18,20,1,4,15,33,4,7,1.1042400101427226,53.61784670991082
1354,3185,0.79,0.883,0.07310324918627642,0.3839924013205913,18,20,1,4,16,33,4,7,1.1848160194730657,48.181726891456655
1354,3186,0.914,0.875,0.03243262765292487,0.3439914194184224,18,20,1,4,17,33,4,7,1.2653145853897363,43.75115621836868
1354,3187,0.982,0.867,0.0077826309204726,0.30728340404755017,18,20,1,4,18,33,4,7,1.3099667934722619,41.4410285665102
1354,3188,0.999,0.934,4.696254042465542e-4,0.2936984368001606,18,20,1,4,19,33,4,7,1.3676099590160933,43.074069886805844
1354,3189,1,1,0,0.2928932188134524,18,20,1,4,20,33,4,7,1.4142135623730951,45
1354,3202,0.451,0.917,0.18051395149673022,0.45881800393212047,18,20,1,4,10,34,4,7,1.0219050836550332,63.811064511186444
1354,3203,0.452,0.913,0.17989830426594478,0.4584131730190337,18,20,1,4,11,34,4,7,1.0187605214180613,63.66131376262261
1354,3204,0.467,0.909,0.17366561642954736,0.4546261826784921,18,20,1,4,12,34,4,7,1.0219442254839546,62.80810534912749
1354,3205,0.505,0.905,0.1596605151031275,0.44596731300382975,18,20,1,4,13,34,4,7,1.0363638357256586,60.83800000136957
1354,3206,0.577,0.9,0.1360217578588261,0.43074528654705424,18,20,1,4,14,34,4,7,1.0690785752226073,57.33561655973298
1354,3207,0.686,0.895,0.10259797931977033,0.40752986389395585,18,20,1,4,15,34,4,7,1.1276617400621518,52.530540878167855
1354,3208,0.814,0.889,0.06328519934849475,0.3760622824861166,18,20,1,4,16,34,4,7,1.2053700676555728,47.52167266048766
1354,3209,0.926,0.883,0.02755272004553433,0.3389575320911281,18,20,1,4,17,34,4,7,1.2795174871802262,43.63833351913898
1354,3210,0.985,0.876,0.006494951456958553,0.30569776335981014,18,20,1,4,18,34,4,7,1.3181809435733776,41.647977887140414
1354,3211,0.999,0.938,3.821275240720734e-4,0.2935980939854753,18,20,1,4,19,34,4,7,1.3703448471096609,43.19623756362995
1354,3212,1,1,1.1102230246251565e-16,0.29289321881345254,18,20,1,4,20,34,4,7,1.4142135623730951,45
1354,3226,0.454,0.92,0.17343787581619297,0.4546123332008756,18,20,1,4,10,35,4,7,1.0259220243273852,63.73466245977889
1354,3227,0.46,0.917,0.1706145255609255,0.4528594451044192,18,20,1,4,11,35,4,7,1.025908865348185,63.36001977298734
1354,3228,0.481,0.913,0.1623488238981996,0.4477546663810035,18,20,1,4,12,35,4,7,1.031954456359388,62.218186302976726
1354,3229,0.527,0.909,0.14691046068974878,0.4380005267667352,18,20,1,4,13,35,4,7,1.0507188015829927,59.89664429732001
1354,3230,0.606,0.905,0.12301203446471509,0.4221949673611539,18,20,1,4,14,35,4,7,1.0891560953325286,56.19321090487883
1354,3231,0.715,0.9,0.09110376076284121,0.3992508151557288,18,20,1,4,15,35,4,7,1.1494455185001158,51.53480981370257
1354,3232,0.836,0.895,0.055143199540564236,0.36919105275690534,18,20,1,4,16,35,4,7,1.224712619351985,46.95213335168798
1354,3233,0.936,0.889,0.02357190299198586,0.3346481822449294,18,20,1,4,17,35,4,7,1.2908977496300782,43.52476354617725
1354,3234,0.987,0.883,0.005456726785090793,0.3043512874878411,18,20,1,4,18,35,4,7,1.3243330396845048,41.816775982526124
1354,3235,0.999,0.942,3.1316928274427447e-4,0.29351378599158673,18,20,1,4,19,35,4,7,1.373085940500448,43.317918024814965
1354,3236,1,1,0,0.2928932188134524,18,20,1,4,20,35,4,7,1.4142135623730951,45
1354,3279,1,1,0,0.2928932188134524,18,20,1,4,10,18,7,7,1.4142135623730951,45
1354,3280,1,1,0,0.2928932188134524,18,20,1,4,11,18,7,7,1.4142135623730951,45
1354,3281,1,1,0,0.2928932188134524,18,20,1,4,12,18,7,7,1.4142135623730951,45
1354,3282,1,1,0,0.2928932188134524,18,20,1,4,13,18,7,7,1.4142135623730951,45
1354,3283,1,1,0,0.2928932188134524,18,20,1,4,14,18,7,7,1.4142135623730951,45
1354,3284,1,1,0,0.2928932188134524,18,20,1,4,15,18,7,7,1.4142135623730951,45
1354,3285,1,1,0,0.2928932188134524,18,20,1,4,16,18,7,7,1.4142135623730951,45
1354,3286,1,1,0,0.2928932188134524,18,20,1,4,17,18,7,7,1.4142135623730951,45
1354,3287,1,0.901,1.2440934458501918e-4,0.2950905439065289,18,20,1,4,10,19,7,7,1.3460315746668055,42.01885188710784
1354,3288,1,0.889,2.5920907639109814e-4,0.296087008817577,18,20,1,4,11,19,7,7,1.3380287739805896,41.63709543013025
1354,3289,0.999,0.876,5.978370630126406e-4,0.2977895862589096,18,20,1,4,12,19,7,7,1.3286749038045387,41.24677452634258
1354,3290,0.998,0.857,0.0015796765804928503,0.3009662443598926,18,20,1,4,13,19,7,7,1.315466837286292,40.65326144924435
1354,3291,0.994,0.834,0.004913567622214621,0.3074965359006633,18,20,1,4,14,19,7,7,1.297533043895222,39.997800142411734
1354,3292,0.979,0.8,0.018383100082792092,0.32269387111797854,18,20,1,4,15,19,7,7,1.2642946650207776,39.254332373329255
1354,3293,0.92,0.751,0.08070226010915005,0.36424848460127857,18,20,1,4,16,19,7,7,1.1876030481604534,39.224911373967316
1354,3294,0.68,0.667,0.3340148411418632,0.5007966810084749,18,20,1,4,17,19,7,7,0.9525171914459077,44.44705121812161
1354,3295,0.309,0.501,0.5578793475927406,0.6854545502462787,18,20,1,4,18,19,7,7,0.5886272164961454,58.335106341045915
1354,3296,0.99,0.8,0.006298335544081768,0.31680903298102703,18,20,1,4,10,20,7,7,1.2728314892396402,38.94101227602167
1354,3297,0.982,0.778,0.011163369373465848,0.32522184288513767,18,20,1,4,11,20,7,7,1.252839973819482,38.38840170500626
1354,3298,0.965,0.75,0.021011385167668206,0.3382415470877148,18,20,1,4,12,20,7,7,1.2221804285783666,37.85442542467041
1354,3299,0.933,0.715,0.042275744318509556,0.35950417645777777,18,20,1,4,13,20,7,7,1.1754633129111263,37.46457470013562
1354,3300,0.866,0.667,0.09066781530302637,0.3960709481047381,18,20,1,4,14,20,7,7,1.0930896578048848,37.603746730721454
1354,3301,0.729,0.6,0.2023206625487951,0.46266692824440137,18,20,1,4,15,20,7,7,0.9441615327898081,39.45592665604176
1354,3302,0.465,0.5,0.44723600243351336,0.5909621411801635,18,20,1,4,16,20,7,7,0.6828067076413353,47.077174765162816
1354,3303,0.101,0.334,0.879486566637972,0.8336778493700487,18,20,1,4,17,20,7,7,0.34893695705671535,73.17493487682135
1354,3304,0.547,0,0.41162834875933885,0.615573800746442,18,20,1,4,18,20,7,7,0.547,0
1354,3305,0.934,0.501,0.04131282003460912,0.35328066571967154,18,20,1,4,19,20,7,7,1.0598853711604854,28.209223190808903
1354,3306,0.926,0.818,0.0377923904074694,0.36113442728515555,18,20,1,4,10,21,7,7,1.2355565547557912,41.45639204127119
1354,3307,0.883,0.8,0.05929899506572167,0.3802656006853975,18,20,1,4,11,21,7,7,1.1915070289343659,42.17664888065745
1354,3308,0.814,0.778,0.09630342280118442,0.40765812986482497,18,20,1,4,12,21,7,7,1.1260017761975334,43.70458756819097
1354,3309,0.704,0.75,0.16123503614618218,0.44804220559003183,18,20,1,4,13,21,7,7,1.0286476559055584,46.81205437901703
1354,3310,0.536,0.714,0.2741892877783926,0.5086929754039222,18,20,1,4,14,21,7,7,0.8928000896057302,53.10443220376197
1354,3311,0.334,0.667,0.45666069823242705,0.5994678627640526,18,20,1,4,15,21,7,7,0.7459524113507511,63.400598839319755
1354,3312,0.246,0.6,0.6557001803344892,0.7172752451016983,18,20,1,4,16,21,7,7,0.6484720502843588,67.70637084030592
1354,3313,0.41,0.501,0.5558062349936934,0.7083074969577303,18,20,1,4,17,21,7,7,0.6473801047298255,50.70436601226462
1354,3314,0.804,0.334,0.18435604027069608,0.4473736959012926,18,20,1,4,18,21,7,7,0.8706158739650915,22.559116662431517
1354,3315,0.984,0.667,0.01417491395992776,0.30833327963545376,18,20,1,4,19,21,7,7,1.188757754969447,34.131206901273316
1354,3316,1,1,0,0.2928932188134524,18,20,1,4,20,21,7,7,1.4142135623730951,45
1354,3317,0.775,0.834,0.10083668446637695,0.4115124177901006,18,20,1,4,10,22,7,7,1.1384994510319273,47.10002305679497
1354,3318,0.687,0.819,0.14342666668164428,0.4381324343348266,18,20,1,4,11,22,7,7,1.0689855003693922,50.00913957320732
1354,3319,0.575,0.8,0.20627103338051833,0.47345637250466077,18,20,1,4,12,22,7,7,0.9852030247619016,54.29330859939712
1354,3320,0.45,0.778,0.29592876572569227,0.5202063596476818,18,20,1,4,13,22,7,7,0.8987680457159122,59.95464676515306
1354,3321,0.354,0.75,0.4102325406565883,0.5793647277566905,18,20,1,4,14,22,7,7,0.8293467308671325,64.732689499661
1354,3322,0.318,0.715,0.5142417646146806,0.6411746542550855,18,20,1,4,15,22,7,7,0.7825273158171541,66.0226425219245
1354,3323,0.366,0.667,0.5078611371765587,0.6548496100723977,18,20,1,4,16,22,7,7,0.7608186380472024,61.245294471963476
1354,3324,0.639,0.6,0.3035448415443983,0.5385260029847452,18,20,1,4,17,22,7,7,0.8765392176052365,43.19709616962129
1354,3325,0.906,0.5,0.08193593683113742,0.365182759171357,18,20,1,4,18,22,7,7,1.0348120602312285,28.893268559144236
1354,3326,0.995,0.751,0.004804673580195207,0.29740991192950195,18,20,1,4,19,22,7,7,1.2466057917401154,37.04455133410326
1354,3327,1,1,0,0.2928932188134524,18,20,1,4,20,22,7,7,1.4142135623730951,45
1354,3329,0.599,0.847,0.17241150880249645,0.45466152021718387,18,20,1,4,10,23,7,7,1.037405417375483,54.73197762847946
1354,3330,0.511,0.833,0.22409373640668218,0.4830620250643902,18,20,1,4,11,23,7,7,0.9772461307163104,58.47315811273114
1354,3331,0.43,0.819,0.28873112044949545,0.5172947429722272,18,20,1,4,12,23,7,7,0.9250194592547769,62.29915615151663
1354,3332,0.378,0.8,0.36119494260628016,0.5560252017138057,18,20,1,4,13,23,7,7,0.8848073236586597,64.7092656078518
1354,3333,0.358,0.778,0.42259056241938986,0.5918766782662195,18,20,1,4,14,23,7,7,0.8564157868699059,65.29027621184295
1354,3334,0.373,0.75,0.43175386994798703,0.603419338211973,18,20,1,4,15,23,7,7,0.8376329745180762,63.55731015214311
1354,3335,0.521,0.715,0.33822313811198557,0.5553357643176553,18,20,1,4,16,23,7,7,0.884684124419558,53.92024953527522
1354,3336,0.777,0.667,0.16311124683934508,0.4407451183067368,18,20,1,4,17,23,7,7,1.0240205076071476,40.64377641421285
1354,3337,0.951,0.6,0.037648232246309754,0.32972857427564883,18,20,1,4,18,23,7,7,1.1244558684092496,32.24843511348256
1354,3338,0.998,0.8,0.0016925940088980962,0.294596379315484,18,20,1,4,19,23,7,7,1.2790637200702708,38.71577480968507
1354,3339,1,1,1.1102230246251565e-16,0.29289321881345254,18,20,1,4,20,23,7,7,1.4142135623730951,45
1354,3342,0.481,0.857,0.22654325550259513,0.48453615931405547,18,20,1,4,10,24,7,7,0.9827563278860126,60.69623614533213
1354,3343,0.428,0.846,0.2725429954039672,0.5093703427374426,18,20,1,4,11,24,7,7,0.9481033698917012,63.16468771642788
1354,3344,0.397,0.833,0.3201409802187375,0.5353107300691915,18,20,1,4,12,24,7,7,0.9227664926729838,64.51796834061774
1354,3345,0.384,0.819,0.3587527566826386,0.5575859647123838,18,20,1,4,13,24,7,7,0.9045534810059602,64.87978825768569
1354,3346,0.389,0.8,0.3684384190357538,0.5656491144536124,18,20,1,4,14,24,7,7,0.8895622518969655,64.0686621204147
1354,3347,0.468,0.778,0.3232344294503622,0.5431202353504699,18,20,1,4,15,24,7,7,0.907914092852402,58.971306835911825
1354,3348,0.652,0.75,0.21420318449926523,0.4784397058816243,18,20,1,4,16,24,7,7,0.9937826724188745,48.99847939478898
1354,3349,0.86,0.714,0.08897117238828378,0.38554542291277494,18,20,1,4,17,24,7,7,1.117763839100192,39.700561762852466
1354,3350,0.974,0.667,0.017952497198298834,0.3132294080946877,18,20,1,4,18,24,7,7,1.180493540854841,34.40353541966217
1354,3351,0.999,0.834,6.364739691254728e-4,0.2936588820436461,18,20,1,4,19,24,7,7,1.3013673578202274,39.85630524032165
1354,3352,1,1,0,0.2928932188134524,18,20,1,4,20,24,7,7,1.4142135623730951,45
1354,3356,0.431,0.867,0.25468021926805384,0.5001276379296293,18,20,1,4,10,25,7,7,0.9682200163186051,63.56727140409585
1354,3357,0.411,0.857,0.2868955156231566,0.5179307848813035,18,20,1,4,11,25,7,7,0.9504577844386357,64.37855869349173
1354,3358,0.402,0.847,0.3120865267810876,0.5323924771539359,18,20,1,4,12,25,7,7,0.9375569316046893,64.61022218464294
1354,3359,0.403,0.834,0.3196280020834783,0.5378111661676325,18,20,1,4,13,25,7,7,0.9262640012437059,64.20954278111681
1354,3360,0.447,0.819,0.29549749944804105,0.525755198646362,18,20,1,4,14,25,7,7,0.9330434073503762,61.37483779919888
1354,3361,0.569,0.8,0.2300075205745532,0.4882898763728476,18,20,1,4,15,25,7,7,0.9817132982699175,54.57765991507713
1354,3362,0.75,0.778,0.13460618777496491,0.42553591618407405,18,20,1,4,16,25,7,7,1.0806405507845798,46.04980516663051
1354,3363,0.911,0.75,0.05003462013795745,0.35366720104189453,18,20,1,4,17,25,7,7,1.1800088982715342,39.463640703531325
1354,3364,0.985,0.715,0.009036077846702462,0.3050348269075084,18,20,1,4,18,25,7,7,1.217148306493502,35.97545937377728
1354,3365,1,0.857,2.616473604077907e-4,0.29329179258466076,18,20,1,4,19,25,7,7,1.3169848138835922,40.59657583596283
1354,3366,1,1,0,0.2928932188134524,18,20,1,4,20,25,7,7,1.4142135623730951,45
1354,3371,0.421,0.875,0.26004480870523927,0.503537622948874,18,20,1,4,10,26,7,7,0.9710128732411327,64.30579871848613
1354,3372,0.415,0.867,0.27697844478134537,0.5132490444950267,18,20,1,4,11,26,7,7,0.9612044527570603,64.42133058350869
1354,3373,0.414,0.857,0.2823731557385366,0.516862540189414,18,20,1,4,12,26,7,7,0.9517588980408851,64.21571703533388
1354,3374,0.441,0.847,0.2682800282745932,0.5096784130743998,18,20,1,4,13,26,7,7,0.9549293167559576,62.49575787718643
1354,3375,0.52,0.833,0.22772510514970767,0.4866944570492323,18,20,1,4,14,26,7,7,0.9819821790643657,58.025540676820235
1354,3376,0.659,0.819,0.16156547719234005,0.44549590424460184,18,20,1,4,15,26,7,7,1.05120977925436,51.17845992011926
1354,3377,0.821,0.8,0.086184560419444,0.3902370454234232,18,20,1,4,16,26,7,7,1.1463162739837554,44.25777664130917
1354,3378,0.942,0.778,0.029515960106074823,0.3347887517711974,18,20,1,4,17,26,7,7,1.2217397431531807,39.55338002131198
1354,3379,0.991,0.75,0.0048687219020351336,0.3007105501032763,18,20,1,4,18,26,7,7,1.2428117315184952,37.11884780864493
1354,3380,1,0.876,1.2055190782256364e-4,0.29312697826841305,18,20,1,4,19,26,7,7,1.3294269442131825,41.218359795425336
1354,3381,1,1,0,0.2928932188134524,18,20,1,4,20,26,7,7,1.4142135623730951,45
1354,3387,0.425,0.883,0.25001976557371897,0.49837654468228376,18,20,1,4,10,27,7,7,0.9799561214666705,64.29785058875338
1354,3388,0.424,0.876,0.25381236454459744,0.5008120533095846,18,20,1,4,11,27,7,7,0.9732173446871978,64.17217000465772
1354,3389,0.441,0.867,0.24495335132400808,0.49616957926944605,18,20,1,4,12,27,7,7,0.972712701675063,63.039811780414524
1354,3390,0.494,0.857,0.21877974449854343,0.48128285583843133,18,20,1,4,13,27,7,7,0.9891840071493271,60.03958700680102
1354,3391,0.595,0.846,0.17354413368988142,0.45376763405480225,18,20,1,4,14,27,7,7,1.0342828433267177,54.880908181953885
1354,3392,0.734,0.833,0.11465972496410937,0.41390670455723777,18,20,1,4,15,27,7,7,1.110245468353733,48.61503081548939
1354,3393,0.871,0.819,0.057101425805995976,0.3666958599150636,18,20,1,4,16,27,7,7,1.1955760118035157,43.23760897633949
1354,3394,0.961,0.8,0.018407441826919002,0.32322431371182314,18,20,1,4,17,27,7,7,1.2504083333055647,39.77623678215518
1354,3395,0.995,0.778,0.0028153056188975345,0.2982758402509691,18,20,1,4,18,27,7,7,1.2630554223786066,38.02219142676163
1354,3396,1,0.889,6.178332161754785e-5,0.29304381557656123,18,20,1,4,19,27,7,7,1.3380287739805896,41.63709543013025
1354,3397,1,1,0,0.2928932188134524,18,20,1,4,20,27,7,7,1.4142135623730951,45
1354,3404,0.432,0.889,0.231657915180987,0.48829499447281755,18,20,1,4,10,28,7,7,0.9884052812485373,64.08306348044707
1354,3405,0.443,0.883,0.22578413728907376,0.4851123675074446,18,20,1,4,11,28,7,7,0.9878957434871354,63.35713658531947
1354,3406,0.479,0.875,0.20819819873419165,0.47501603970842,18,20,1,4,12,28,7,7,0.9975299494250787,61.30244384853729
1354,3407,0.553,0.867,0.17687048992611953,0.4561236135864204,18,20,1,4,13,28,7,7,1.0283472176264201,57.46898218545889
1354,3408,0.664,0.857,0.1329981195059361,0.4276117783501494,18,20,1,4,14,28,7,7,1.0841332943877335,52.23162596042065
1354,3409,0.793,0.847,0.08318446894085063,0.3908748359005655,18,20,1,4,15,28,7,7,1.1602835860254166,46.885887002223626
1354,3410,0.906,0.834,0.03936037130222514,0.35067181208819886,18,20,1,4,16,28,7,7,1.2314186940273402,42.63049193574471
1354,3411,0.974,0.818,0.01208279247774291,0.315809424819227,18,20,1,4,17,28,7,7,1.2719276708995682,40.024740510636
1354,3412,0.997,0.8,0.0017395412603117277,0.2968033486937769,18,20,1,4,18,28,7,7,1.2782836148523535,38.74380933674647
1354,3413,1,0.901,3.4310446559882024e-5,0.29299700904570236,18,20,1,4,19,28,7,7,1.3460315746668055,42.01885188710784
1354,3414,1,1,1.1102230246251565e-16,0.2928932188134524,18,20,1,4,20,28,7,7,1.4142135623730951,45
1354,3422,0.446,0.895,0.2101186139404838,0.4760635015413731,18,20,1,4,10,29,7,7,0.9999704995648622,63.51182146845005
1354,3423,0.472,0.889,0.19787385923209533,0.4689437745984181,18,20,1,4,11,29,7,7,1.006531171896827,62.03466418371637
1354,3424,0.526,0.883,0.1757270072938638,0.4555878149808603,18,20,1,4,12,29,7,7,1.0277961860213336,59.217891417776734
1354,3425,0.612,0.876,0.1433640317876036,0.43498808007343936,18,20,1,4,13,29,7,7,1.0686065693228728,55.06068979532297
1354,3426,0.723,0.867,0.10326983562890857,0.40715662397206376,18,20,1,4,14,29,7,7,1.1289012357155075,50.174933917159095
1354,3427,0.839,0.858,0.06191462523982294,0.3738670667051065,18,20,1,4,15,29,7,7,1.2000354161440403,45.64146984442922
1354,3428,0.931,0.847,0.02812278301388793,0.33937968821044506,18,20,1,4,16,29,7,7,1.2586381529256134,42.29512401426435
1354,3429,0.982,0.834,0.008276644255174048,0.3107942100879335,18,20,1,4,17,29,7,7,1.2883633027993306,40.34081722637788
1354,3430,0.998,0.819,0.001125726404504368,0.2958455322016129,18,20,1,4,18,29,7,7,1.2910325325103158,39.37371581286992
1354,3431,1,0.909,2.0124531700083104e-5,0.2929679888947735,18,20,1,4,19,29,7,7,1.35139964481274,42.270837050918736
1354,3432,1,1,0,0.2928932188134524,18,20,1,4,20,29,7,7,1.4142135623730951,45
1354,3441,0.468,0.9,0.1884417334726557,0.46338837156469304,18,20,1,4,10,30,7,7,1.0144082018595868,62.52556837372287
1354,3442,0.508,0.895,0.17240359149853934,0.45367606894564483,18,20,1,4,11,30,7,7,1.0291204982896804,60.420852688002924
1354,3443,0.575,0.889,0.1483859738067611,0.4385377969039933,18,20,1,4,12,30,7,7,1.058747373078205,57.10544758524015
1354,3444,0.667,0.883,0.11704396132033301,0.4175154359877312,18,20,1,4,13,30,7,7,1.106606524470193,52.933352755060895
1354,3445,0.774,0.875,0.08144506779109473,0.3910486795569561,18,20,1,4,14,30,7,7,1.1682041773594205,48.504944541300084
1354,3446,0.875,0.867,0.04713751937113653,0.36098795442585163,18,20,1,4,15,30,7,7,1.2317930020908545,44.73687542263022
1354,3447,0.949,0.858,0.02065883963717885,0.33109939914687947,18,20,1,4,16,30,7,7,1.2793611687088209,42.11703654746046
1354,3448,0.987,0.847,0.005843784290268883,0.3072205106600402,18,20,1,4,17,30,7,7,1.3006067814677886,40.63474226497207
1354,3449,0.999,0.834,7.511802358247666e-4,0.2951818415610593,18,20,1,4,18,30,7,7,1.3013673578202274,39.85630524032165
1354,3450,1,0.917,1.2216921955521265e-5,0.29294863945350946,18,20,1,4,19,30,7,7,1.3567936468011634,42.52082345847564
1354,3451,1,1,0,0.2928932188134524,18,20,1,4,20,30,7,7,1.4142135623730951,45
1354,3461,0.497,0.905,0.16810778300725226,0.4511512388967809,18,20,1,4,10,31,7,7,1.0324892251253763,61.22567405422814
1354,3462,0.549,0.9,0.15004826359587586,0.4398058478507847,18,20,1,4,11,31,7,7,1.0542300507953661,58.616808943640976
1354,3463,0.623,0.895,0.12573247858756365,0.4238063589558575,18,20,1,4,12,31,7,7,1.090483379057196,55.15863322052814
1354,3464,0.716,0.889,0.09641403369355184,0.4030327022240474,18,20,1,4,13,31,7,7,1.1414801794161824,51.152054686646146
1354,3465,0.815,0.883,0.06512773393625537,0.3781411520965817,18,20,1,4,14,31,7,7,1.2016297266629183,47.29330517314659
1354,3466,0.902,0.875,0.03654865316527567,0.3509458662320464,18,20,1,4,15,31,7,7,1.256673784241559,44.12950646228685
1354,3467,0.962,0.867,0.015488733931572685,0.3247894715200059,18,20,1,4,16,31,7,7,1.2950416981703716,42.02667465763952
1354,3468,0.991,0.858,0.004209785128863053,0.30455562338926223,18,20,1,4,17,31,7,7,1.3108184466202786,40.88575625235956
1354,3469,0.999,0.847,5.112280366234012e-4,0.29469853969443904,18,20,1,4,18,31,7,7,1.3097366147435903,40.29287313802627
1354,3470,1,0.923,7.605417811973325e-6,0.2929350711183032,18,20,1,4,19,31,7,7,1.3608559806239602,42.707010169212275
1354,3471,1,1,0,0.29289321881345254,18,20,1,4,20,31,7,7,1.4142135623730951,45
1354,3482,0.53,0.909,0.14966826646575992,0.43972068395425623,18,20,1,4,10,32,7,7,1.0522266866032244,59.7553214447705
1354,3483,0.591,0.905,0.13073395852465952,0.42738888987825174,18,20,1,4,11,32,7,7,1.0808820472188443,56.853909929628195
1354,3484,0.669,0.9,0.10703456032891845,0.41108036906335155,18,20,1,4,12,32,7,7,1.121410272826141,53.375347638700774
1354,3485,0.76,0.895,0.08006322832190182,0.39088631403170315,18,20,1,4,13,32,7,7,1.174148627729897,49.6633491058396
1354,3486,0.849,0.889,0.052658692778877136,0.3675740188299228,18,20,1,4,14,32,7,7,1.2292770232945867,46.31842730550638
1354,3487,0.924,0.883,0.02870727788735994,0.3428859557124805,18,20,1,4,15,32,7,7,1.278070811809737,43.70020810051014
1354,3488,0.972,0.875,0.011777504123730909,0.3198137231704131,18,20,1,4,16,32,7,7,1.3078260587708137,41.99372523003278
1354,3489,0.993,0.867,0.0030759214630767806,0.30249350902622096,18,20,1,4,17,32,7,7,1.3182329081008408,41.124593804513594
1354,3490,0.999,0.858,3.521430052312313e-4,0.29433346298610075,18,20,1,4,18,32,7,7,1.3168769874213764,40.65792499919822
1354,3491,1,0.929,4.798652937010317e-6,0.29292523106333235,18,20,1,4,19,32,7,7,1.3649325990685401,42.8920866639288
1354,3492,1,1,0,0.2928932188134524,18,20,1,4,20,32,7,7,1.4142135623730951,45
1354,3504,0.566,0.914,0.13318982036334492,0.4291892525792399,18,20,1,4,10,33,7,7,1.07505906814463,58.23188843295165
1354,3505,0.632,0.91,0.1141240593160825,0.4162959599201136,18,20,1,4,11,33,7,7,1.1079368213034533,55.21980884041204
1354,3506,0.712,0.905,0.09150101654117526,0.40000363131042516,18,20,1,4,12,33,7,7,1.1515072730990457,51.806443052966266
1354,3507,0.797,0.9,0.06689177038304961,0.38054089024559046,18,20,1,4,13,33,7,7,1.2021684574135192,48.473326113344704
1354,3508,0.877,0.895,0.042912661219687065,0.35873390728908505,18,20,1,4,14,33,7,7,1.2530578597973838,45.581991287223026
1354,3509,0.94,0.889,0.02273676522336554,0.33624728446395347,18,20,1,4,15,33,7,7,1.2938009893333673,43.40277322064724
1354,3510,0.978,0.883,0.009025360493768342,0.3157786454875501,18,20,1,4,16,33,7,7,1.317639176709618,42.07771176203302
1354,3511,0.995,0.875,0.002262681414141654,0.3008532188826557,18,20,1,4,17,33,7,7,1.3250094339286798,41.3282999016293
1354,3512,1,0.867,2.4415553586498717e-4,0.2940508863409461,18,20,1,4,18,33,7,7,1.323513883569039,40.92528797789907
1354,3513,1,0.934,3.045165118065185e-6,0.2929179464822156,18,20,1,4,19,33,7,7,1.3683406008739198,43.045473375173806
1354,3514,1,1,1.1102230246251565e-16,0.29289321881345254,18,20,1,4,20,33,7,7,1.4142135623730951,45
1354,3527,0.603,0.917,0.11854827829236103,0.4195185248239237,18,20,1,4,10,34,7,7,1.0974962414514229,56.671917672341614
1354,3528,0.671,0.913,0.09978875282125332,0.4063414618509479,18,20,1,4,11,34,7,7,1.133053396799992,53.68635458123665
1354,3529,0.75,0.909,0.07845501827546297,0.39025653163030816,18,20,1,4,12,34,7,7,1.178465527709657,50.47455597578681
1354,3530,0.829,0.905,0.05612781510561915,0.3715869739636153,18,20,1,4,13,34,7,7,1.2273002892527973,47.509627522338526
1354,3531,0.899,0.9,0.03513872198072354,0.3511918363548622,18,20,1,4,14,34,7,7,1.2720852958823161,45.03184867905053
1354,3532,0.952,0.895,0.018096261514523926,0.33066042287645026,18,20,1,4,15,34,7,7,1.3066480015673694,43.23236424955568
1354,3533,0.983,0.889,0.006943795435337852,0.31243592969454903,18,20,1,4,16,34,7,7,1.3253716459921723,42.12538274668189
1354,3534,0.996,0.883,0.0016688205253108102,0.29952342829294776,18,20,1,4,17,34,7,7,1.3310540935664485,41.558470040258705
1354,3535,1,0.876,1.7008201940160728e-4,0.2938288052149717,18,20,1,4,18,34,7,7,1.3294269442131825,41.218359795425336
1354,3536,1,0.938,1.9476824297814943e-6,0.2929124816009293,18,20,1,4,19,34,7,7,1.3710740315533658,43.16763304046667
1354,3537,1,1,1.1102230246251565e-16,0.29289321881345254,18,20,1,4,20,34,7,7,1.4142135623730951,45
1354,3551,0.639,0.92,0.1055118166672786,0.41061809135430805,18,20,1,4,10,35,7,7,1.1201432944047829,55.21750047766209
1354,3552,0.708,0.917,0.08733612246840983,0.3973408814466479,18,20,1,4,11,35,7,7,1.1585132713957145,52.32888418693475
1354,3553,0.783,0.913,0.06738409016046976,0.3815778068921062,18,20,1,4,12,35,7,7,1.202770967391548,49.38320464849849
1354,3554,0.856,0.909,0.04720391915701716,0.3637214668113218,18,20,1,4,13,35,7,7,1.2486060227309492,46.719979650693936
1354,3555,0.918,0.905,0.028833523585956367,0.3446499054462694,18,20,1,4,14,35,7,7,1.2890884376178384,44.59142484460846
1354,3556,0.962,0.9,0.014433019787387535,0.3258799366295907,18,20,1,4,15,35,7,7,1.3173625165458442,43.092896698990636
1354,3557,0.987,0.895,0.005347001791592976,0.3096249240298582,18,20,1,4,16,35,7,7,1.3323640643607888,42.20137145537029
1354,3558,0.997,0.889,0.0012313295403993951,0.29843226330253914,18,20,1,4,17,35,7,7,1.3357881568572167,41.72259083389258
1354,3559,1,0.883,1.1865330487137449e-4,0.29365265603104074,18,20,1,4,18,35,7,7,1.3340498491435768,41.4445038973404
1354,3560,1,0.942,1.2580507675608033e-6,0.29290834249454734,18,20,1,4,19,35,7,7,1.3738136700440857,43.289306039103366
1354,3561,1,1,0,0.2928932188134524,18,20,1,4,20,35,7,7,1.4142135623730951,45
1354,3604,1,1,0,0.2928932188134524,18,20,1,4,10,18,10,7,1.4142135623730951,45
1354,3605,1,1,0,0.2928932188134524,18,20,1,4,11,18,10,7,1.4142135623730951,45
1354,3606,1,1,0,0.2928932188134524,18,20,1,4,12,18,10,7,1.4142135623730951,45
1354,3607,1,1,0,0.2928932188134524,18,20,1,4,13,18,10,7,1.4142135623730951,45
1354,3608,1,1,0,0.2928932188134524,18,20,1,4,14,18,10,7,1.4142135623730951,45
1354,3609,1,1,1.1102230246251565e-16,0.29289321881345254,18,20,1,4,15,18,10,7,1.4142135623730951,45
1354,3610,1,1,0,0.2928932188134524,18,20,1,4,16,18,10,7,1.4142135623730951,45
1354,3611,1,1,0,0.2928932188134524,18,20,1,4,17,18,10,7,1.4142135623730951,45
1354,3612,0.999,0.901,5.300306693710732e-4,0.29752505164233856,18,20,1,4,10,19,10,7,1.3452888165743444,42.04736053774425
1354,3613,0.998,0.889,0.001090326869461422,0.2996058171632804,18,20,1,4,11,19,10,7,1.3365346983898323,41.694060517722356
1354,3614,0.997,0.876,0.002463240389292798,0.30313984926087556,18,20,1,4,12,19,10,7,1.3271718050049135,41.30370056021088
1354,3615,0.992,0.857,0.006200604296986989,0.3095664999975517,18,20,1,4,13,19,10,7,1.3109206688430846,40.82410517475399
1354,3616,0.979,0.834,0.01754979163099779,0.3222470792617529,18,20,1,4,14,19,10,7,1.2860781469257612,40.42733481330979
1354,3617,0.94,0.8,0.055423932211376536,0.3499393306024019,18,20,1,4,15,19,10,7,1.234341929936758,40.39990433373672
1354,3618,0.825,0.751,0.18013186184944863,0.41769785645644253,18,20,1,4,16,19,10,7,1.115628074225456,42.31169042196517
1354,3619,0.5,0.667,0.49836872321367076,0.5990992517710694,18,20,1,4,17,19,10,7,0.8336000239923221,53.14384894206714
1354,3620,0.346,0.501,0.48632512854167487,0.6443659405475852,18,20,1,4,18,19,10,7,0.608865338149578,55.370313727555065
1354,3621,0.964,0.8,0.020545175438368424,0.33800111828900903,18,20,1,4,10,20,10,7,1.2527154505313647,39.688449874545285
1354,3622,0.941,0.778,0.03491509786480429,0.35322520535940594,18,20,1,4,11,20,10,7,1.2209688775722336,39.58326266066545
1354,3623,0.899,0.75,0.06189998687955922,0.3761800641962292,18,20,1,4,12,20,10,7,1.1707694051349309,39.83690080234976
1354,3624,0.826,0.715,0.11369267501605351,0.41199452215167676,18,20,1,4,13,20,10,7,1.092474713666179,40.880034820465994
1354,3625,0.701,0.667,0.213162691325272,0.46985583590157753,18,20,1,4,14,20,10,7,0.9676207934929881,43.576275190216094
1354,3626,0.494,0.6,0.39766983482189655,0.5663504604426446,18,20,1,4,15,20,10,7,0.7771975295894861,50.53423514806332
1354,3627,0.179,0.5,0.7046892205738905,0.7275901916504341,18,20,1,4,16,20,10,7,0.5310753242243514,70.30263260934443
1354,3628,0.26,0.334,0.7364228262883341,0.8380925383499167,18,20,1,4,17,20,10,7,0.42326823646477424,52.101271725514735
1354,3629,0.693,0,0.26715205029457345,0.5205565659287986,18,20,1,4,18,20,10,7,0.693,0
1354,3630,0.956,0.501,0.026733322139479876,0.33676914461365826,18,20,1,4,19,20,10,7,1.0793224726651438,27.65717163113693
1354,3631,0.798,0.818,0.09917967455218735,0.4099156806141495,18,20,1,4,10,21,10,7,1.1427720682620834,45.70906998052431
1354,3632,0.711,0.8,0.1471676298535739,0.4401207972458625,18,20,1,4,11,21,10,7,1.0702901475768147,48.37090633222233
1354,3633,0.59,0.778,0.22116302290294843,0.4813634906917562,18,20,1,4,12,21,10,7,0.9764138466859225,52.82496589705141
1354,3634,0.44,0.75,0.3320665164991409,0.5377896173841237,18,20,1,4,13,21,10,7,0.8695401083331349,59.60127228583394
1354,3635,0.312,0.714,0.48245492590486605,0.612892723300449,18,20,1,4,14,21,10,7,0.7791918890748285,66.39588495708576
1354,3636,0.266,0.667,0.6208927803301821,0.6981324635711497,18,20,1,4,15,21,10,7,0.7180842568946906,68.25785687938719
1354,3637,0.349,0.6,0.5905928837309078,0.7185469571733962,18,20,1,4,16,21,10,7,0.694118865901223,59.81486315786918
1354,3638,0.651,0.501,0.327695338337738,0.562799065458464,18,20,1,4,17,21,10,7,0.8214633284572112,37.581349939886536
1354,3639,0.904,0.334,0.08839074099050581,0.37278099438249934,18,20,1,4,18,21,10,7,0.9637281774442418,20.27770988411137
1354,3640,0.994,0.667,0.005265308176452432,0.2986559805850506,18,20,1,4,19,21,10,7,1.1970484534888302,33.862644653218624
1354,3641,1,1,0,0.2928932188134524,18,20,1,4,20,21,10,7,1.4142135623730951,45
1354,3642,0.543,0.834,0.2154390390430988,0.47838906978343776,18,20,1,4,10,22,10,7,0.9951909364539048,56.93268816122653
1354,3643,0.451,0.819,0.2827856946565668,0.5135733775493123,18,20,1,4,11,22,10,7,0.9349663095534512,61.15967373658137
1354,3644,0.379,0.8,0.36401840457856205,0.555553446285028,18,20,1,4,12,22,10,7,0.8852349970488064,64.65074546047887
1354,3645,0.343,0.778,0.4469604488701655,0.6012187178677657,18,20,1,4,13,22,10,7,0.8502546677319684,66.20856311908098
1354,3646,0.33,0.75,0.49927922592675833,0.6375018749832652,18,20,1,4,14,22,10,7,0.8193900170248598,66.25050550713324
1354,3647,0.397,0.715,0.46773692671176603,0.6316427777259938,18,20,1,4,15,22,10,7,0.8178227191757391,60.95900534948236
1354,3648,0.601,0.667,0.32096854199643654,0.5497677015393295,18,20,1,4,16,22,10,7,0.8978251500153023,47.97958356249173
1354,3649,0.837,0.6,0.13539027831677353,0.4173720413110298,18,20,1,4,17,22,10,7,1.0298393078534147,35.63469053284697
1354,3650,0.967,0.5,0.02819147926685739,0.32012291446422614,18,20,1,4,18,22,10,7,1.0886179311402142,27.341815714918493
1354,3651,0.999,0.751,9.688847152493629e-4,0.29389373712560385,18,20,1,4,19,22,10,7,1.2498007841252141,36.9340791611004
1354,3652,1,1,0,0.2928932188134524,18,20,1,4,20,22,10,7,1.4142135623730951,45
1354,3654,0.415,0.847,0.2968598168558092,0.5218372901784651,18,20,1,4,10,23,10,7,0.9432041136466698,63.896782467679806
1354,3655,0.385,0.833,0.3481353502514517,0.5495933977590386,18,20,1,4,11,23,10,7,0.9176676958463778,65.19433424518398
1354,3656,0.371,0.819,0.39169657167661043,0.574843709030785,18,20,1,4,12,23,10,7,0.8991117839290063,65.62987994612618
1354,3657,0.371,0.8,0.41032325217175647,0.5887627495357959,18,20,1,4,13,23,10,7,0.8818395545676097,65.12048738371412
1354,3658,0.427,0.778,0.3811327317110015,0.5769131786822068,18,20,1,4,14,23,10,7,0.8874756334683224,61.24011822621284
1354,3659,0.573,0.75,0.29003814239390835,0.5263689685135291,18,20,1,4,15,23,10,7,0.9438373800607813,52.62017245327352
1354,3660,0.769,0.715,0.16067483372072,0.4416243737882237,18,20,1,4,16,23,10,7,1.0500409515823657,42.91603261133456
1354,3661,0.923,0.667,0.056026916402348914,0.35344164811329293,18,20,1,4,17,23,10,7,1.1387791708667665,35.853514945432934
1354,3662,0.988,0.6,0.009167703696741802,0.3034090851372959,18,20,1,4,18,23,10,7,1.1559169520341848,31.26978449168357
1354,3663,1,0.8,1.8125064360541288e-4,0.29314301707761503,18,20,1,4,19,23,10,7,1.2806248474865698,38.659808254090095
1354,3664,1,1,0,0.2928932188134524,18,20,1,4,20,23,10,7,1.4142135623730951,45
1354,3667,0.399,0.857,0.31915202685286803,0.5354231899345736,18,20,1,4,10,24,10,7,0.9453306299914332,65.03436806964771
1354,3668,0.392,0.846,0.3411299556042193,0.5485445546324752,18,20,1,4,11,24,10,7,0.9324054911893215,65.13902312158226
1354,3669,0.398,0.833,0.3446504042994417,0.552259376602973,18,20,1,4,12,24,10,7,0.9231971620406987,64.46194339725831
1354,3670,0.447,0.819,0.318700079126642,0.5395973538955083,18,20,1,4,13,24,10,7,0.9330434073503762,61.37483779919888
1354,3671,0.557,0.8,0.2566364505783837,0.5047038564252061,18,20,1,4,14,24,10,7,0.9748071604168694,55.1524347760922
1354,3672,0.715,0.778,0.1670796761540283,0.44805741764320983,18,20,1,4,15,24,10,7,1.0566498947144225,47.41627192310586
1354,3673,0.868,0.75,0.07925058075629277,0.3808220374040555,18,20,1,4,16,24,10,7,1.1471373065156585,40.82882963831081
1354,3674,0.962,0.714,0.02358620518941701,0.3242611906580942,18,20,1,4,17,24,10,7,1.198015024947517,36.58294288561068
1354,3675,0.995,0.667,0.0030697867967707237,0.2974644066510733,18,20,1,4,18,24,10,7,1.197878958826809,33.835993020749214
1354,3676,1,0.834,3.819333342403031e-5,0.2929755140671817,18,20,1,4,19,24,10,7,1.3021351696348578,39.82810630428432
1354,3677,1,1,0,0.2928932188134524,18,20,1,4,20,24,10,7,1.4142135623730951,45
1354,3681,0.408,0.867,0.2988512621824706,0.5257453136711623,18,20,1,4,10,25,10,7,0.9582030056308527,64.79887635452492
1354,3682,0.419,0.857,0.2953855926703801,0.5246786974749602,18,20,1,4,11,25,10,7,0.9539444428267299,63.94530560658197
1354,3683,0.461,0.847,0.27275986313656975,0.5127345948275266,18,20,1,4,12,25,10,7,0.9643287821070156,61.441700675053696
1354,3684,0.549,0.834,0.2277102677954813,0.4869067292504914,18,20,1,4,13,25,10,7,0.9984773407544109,56.64415406360826
1354,3685,0.676,0.819,0.1638223737004073,0.44687242446282294,18,20,1,4,14,25,10,7,1.0619496221572848,50.46384281323664
1354,3686,0.815,0.8,0.09474424982352314,0.3969815895150741,18,20,1,4,15,25,10,7,1.1420267072183559,44.46785635869245
1354,3687,0.924,0.778,0.03987590326034274,0.3470454034376588,18,20,1,4,16,25,10,7,1.2079155599626987,40.0970883368116
1354,3688,0.981,0.75,0.010439612779808205,0.3103856881662639,18,20,1,4,17,25,10,7,1.2348526227854075,37.39885239945635
1354,3689,0.998,0.715,0.0011168982796329052,0.2951408677797899,18,20,1,4,18,25,10,7,1.2276925510892374,35.61905608141482
1354,3690,1,0.857,9.605650918786957e-6,0.2929269437458224,18,20,1,4,19,25,10,7,1.3169848138835922,40.59657583596283
1354,3691,1,1,1.1102230246251565e-16,0.29289321881345254,18,20,1,4,20,25,10,7,1.4142135623730951,45
1354,3696,0.434,0.875,0.2581345408606668,0.5036570393760906,18,20,1,4,10,26,10,7,0.9767195093782042,63.61858851304179
1354,3697,0.472,0.867,0.23871287025417254,0.49291081892412447,18,20,1,4,11,26,10,7,0.9871539900137161,61.435862402940685
1354,3698,0.544,0.857,0.20460449187009055,0.4729481901347008,18,20,1,4,12,26,10,7,1.0150788146740135,57.593744341166165
1354,3699,0.649,0.847,0.15740155078469842,0.44331325253628295,18,20,1,4,13,26,10,7,1.0670566995244442,52.539445139509304
1354,3700,0.77,0.833,0.10376391896052506,0.40575896375763165,18,20,1,4,14,26,10,7,1.134367224491258,47.25064089703754
1354,3701,0.881,0.819,0.054864157240121614,0.3648897773130889,18,20,1,4,15,26,10,7,1.2028807089649414,42.91131494550034
1354,3702,0.956,0.8,0.021127273993160944,0.32805481378580614,18,20,1,4,16,26,10,7,1.246569693198098,39.92326973425317
1354,3703,0.99,0.778,0.004973645446832875,0.30344541701003847,18,20,1,4,17,26,10,7,1.2591203278479781,38.16233817442956
1354,3704,0.999,0.75,4.523521307508993e-4,0.2941319401640552,18,20,1,4,18,26,10,7,1.2492001440922107,36.89741723042958
1354,3705,1,0.876,2.9522157021233397e-6,0.29290961295557283,18,20,1,4,19,26,10,7,1.3294269442131825,41.218359795425336
1354,3706,1,1,0,0.2928932188134524,18,20,1,4,20,26,10,7,1.4142135623730951,45
1354,3712,0.481,0.883,0.21338900317096432,0.47809071523488333,18,20,1,4,10,27,10,7,1.0055098209366231,61.42137384584705
1354,3713,0.542,0.876,0.18676667305096195,0.46221089101432744,18,20,1,4,11,27,10,7,1.0301164982660942,58.25403200821076
1354,3714,0.629,0.867,0.1507832783108739,0.4394727380953627,18,20,1,4,12,27,10,7,1.0711349121375888,54.03948280335512
1354,3715,0.734,0.857,0.10878192463738545,0.4105498008375428,18,20,1,4,13,27,10,7,1.1283638597544676,49.42073583723699
1354,3716,0.839,0.846,0.0671032534965873,0.37764598599434185,18,20,1,4,14,27,10,7,1.1914852076295366,45.238022640569724
1354,3717,0.923,0.833,0.0331969222718963,0.34468704201622535,18,20,1,4,15,27,10,7,1.2433092937801118,42.06599542750102
1354,3718,0.974,0.819,0.011913409375793327,0.3170102115062542,18,20,1,4,16,27,10,7,1.27257101962916,40.059218122098336
1354,3719,0.995,0.8,0.0025693705363094566,0.29973785026666977,18,20,1,4,17,27,10,7,1.2767243241984545,38.79998113532084
1354,3720,1,0.778,2.0466929775342368e-4,0.2936438240369016,18,20,1,4,18,27,10,7,1.266998026833507,37.88291605856699
1354,3721,1,0.889,1.0579847494751604e-6,0.29290226093117766,18,20,1,4,19,27,10,7,1.3380287739805896,41.63709543013025
1354,3722,1,1,0,0.2928932188134524,18,20,1,4,20,27,10,7,1.4142135623730951,45
1354,3729,0.54,0.889,0.1730639995833132,0.45393955723798984,18,20,1,4,10,28,10,7,1.0401543154743915,58.72449704326789
1354,3730,0.614,0.883,0.14487654793243,0.4359886723318269,18,20,1,4,11,28,10,7,1.075492910250923,55.18691942076648
1354,3731,0.705,0.875,0.11148360512039246,0.4131980845704374,18,20,1,4,12,28,10,7,1.1236769998536056,51.14111061687681
1354,3732,0.802,0.867,0.07652592361422006,0.3866188467944336,18,20,1,4,13,28,10,7,1.1810558835211822,47.23028428606978
1354,3733,0.888,0.857,0.044863631783125246,0.3583491142207009,18,20,1,4,14,28,10,7,1.2340960254372428,43.98224507208817
1354,3734,0.951,0.847,0.021054398359041993,0.33157590519320046,18,20,1,4,15,28,10,7,1.2735030427918106,41.68958344603204
1354,3735,0.985,0.834,0.007121478094907929,0.31022517130652727,18,20,1,4,16,28,10,7,1.2906513859288262,40.25460620240048
1354,3736,0.997,0.818,0.0014226111304894706,0.2975894337866777,18,20,1,4,17,28,10,7,1.289625139333132,39.36755589406566
1354,3737,1,0.8,1.0074036535734354e-4,0.29337906784152334,18,20,1,4,18,28,10,7,1.2806248474865698,38.659808254090095
1354,3738,1,0.901,4.252422466377581e-7,0.2928986062787877,18,20,1,4,19,28,10,7,1.3460315746668055,42.01885188710784
1354,3739,1,1,0,0.2928932188134524,18,20,1,4,20,28,10,7,1.4142135623730951,45
1354,3747,0.603,0.895,0.13976142792143664,0.4329381887172363,18,20,1,4,10,29,10,7,1.0791820977017734,56.03015576921169
1354,3748,0.683,0.889,0.1127745565123649,0.4145982599424066,18,20,1,4,11,29,10,7,1.121075376591601,52.46568509628559
1354,3749,0.77,0.883,0.0835235933068742,0.39290968756317524,18,20,1,4,12,29,10,7,1.1715754350446241,48.910687186098436
1354,3750,0.854,0.876,0.05507846269250749,0.36899153610174074,18,20,1,4,13,29,10,7,1.2233936406570045,45.72857757676081
1354,3751,0.922,0.867,0.03095968222151657,0.3447077190157978,18,20,1,4,14,29,10,7,1.2656117098067639,43.23908573512209
1354,3752,0.968,0.858,0.013866118745456069,0.3226489021058664,18,20,1,4,15,29,10,7,1.2935176844558407,41.5526131481348
1354,3753,0.991,0.847,0.004434794777476325,0.3057746518948684,18,20,1,4,16,29,10,7,1.3036448902979676,40.52025399252299
1354,3754,0.999,0.834,8.216935512215251e-4,0.29623626128333225,18,20,1,4,17,29,10,7,1.3013673578202274,39.85630524032165
1354,3755,1,0.819,5.179894127960161e-5,0.2932202145693894,18,20,1,4,18,29,10,7,1.2925792045364184,39.31747620953449
1354,3756,1,0.909,1.8010465552276145e-7,0.2928965674836852,18,20,1,4,19,29,10,7,1.35139964481274,42.270837050918736
1354,3757,1,1,0,0.2928932188134524,18,20,1,4,20,29,10,7,1.4142135623730951,45
1354,3766,0.665,0.9,0.11313767942033592,0.4152081277371624,18,20,1,4,10,30,10,7,1.1190285965961728,53.53971667682002
1354,3767,0.743,0.895,0.08856096257656942,0.3972908264603817,18,20,1,4,11,30,10,7,1.163217090658489,50.30164157860851
1354,3768,0.822,0.889,0.06349152023730187,0.37708330441524296,18,20,1,4,12,30,10,7,1.2107869341878446,47.242464587781306
1354,3769,0.892,0.883,0.04044173285962649,0.35566697447523554,18,20,1,4,13,30,10,7,1.2551306704881369,44.70948867797038
1354,3770,0.946,0.875,0.02186965008934394,0.3346783407031323,18,20,1,4,14,30,10,7,1.2886198042867414,42.76719338229852
1354,3771,0.979,0.867,0.009371788458355956,0.3162557981465093,18,20,1,4,15,30,10,7,1.3077193888598577,41.52802236651667
1354,3772,0.994,0.858,0.002837367781545308,0.3026757839985684,18,20,1,4,16,30,10,7,1.3130879635424277,40.8000731915695
1354,3773,0.999,0.847,4.8569811050325207e-4,0.2953259159147107,18,20,1,4,17,30,10,7,1.3097366147435903,40.29287313802627
1354,3774,1,0.834,2.7244287903904763e-5,0.2931183341399063,18,20,1,4,18,30,10,7,1.3021351696348578,39.82810630428432
1354,3775,1,0.917,7.90981152798409e-8,0.2928953580576623,18,20,1,4,19,30,10,7,1.3567936468011634,42.52082345847564
1354,3776,1,1,0,0.2928932188134524,18,20,1,4,20,30,10,7,1.4142135623730951,45
1354,3786,0.721,0.905,0.09205704861910247,0.40029121091452147,18,20,1,4,10,31,10,7,1.1570937732094144,51.45619060114835
1354,3787,0.794,0.9,0.07014073314657898,0.3831455044773341,18,20,1,4,11,31,10,7,1.2001816529175906,48.580545751653716
1354,3788,0.863,0.895,0.04883981882249511,0.36446748021817643,18,20,1,4,12,31,10,7,1.2432996420815057,46.04281142776252
1354,3789,0.921,0.889,0.030113154123243446,0.34527441277716986,18,20,1,4,13,31,10,7,1.2800632796858131,43.9871414621567
1354,3790,0.962,0.883,0.015685320354958288,0.3270116986624658,18,20,1,4,14,31,10,7,1.305807413059062,42.54818244974679
1354,3791,0.986,0.875,0.00642329309367784,0.3114703590138044,18,20,1,4,15,31,10,7,1.318264389263398,41.58661701282363
1354,3792,0.996,0.867,0.0018364264362561444,0.3004153392900685,18,20,1,4,16,31,10,7,1.3204942256594687,41.038981834500746
1354,3793,1,0.858,2.8984478253824e-4,0.29468533751183346,18,20,1,4,17,31,10,7,1.317635761506191,40.62959351305883
1354,3794,1,0.847,1.4502199787269632e-5,0.29305035275326086,18,20,1,4,18,31,10,7,1.3104995230827061,40.26459927013793
1354,3795,1,0.923,3.588787689245976e-8,0.2928946139532699,18,20,1,4,19,31,10,7,1.3608559806239602,42.707010169212275
1354,3796,1,1,1.1102230246251565e-16,0.29289321881345254,18,20,1,4,20,31,10,7,1.4142135623730951,45
1354,3807,0.77,0.909,0.0752233106394008,0.38762365183607805,18,20,1,4,10,32,10,7,1.1912938344505943,49.732574824611
1354,3808,0.836,0.905,0.05589968053777061,0.371375535019808,18,20,1,4,11,32,10,7,1.2320393662541793,47.26958117556861
1354,3809,0.895,0.9,0.03785185635458266,0.3541562263047059,18,20,1,4,12,32,10,7,1.2692615963622313,45.159597858846695
1354,3810,0.942,0.895,0.022590146621049523,0.33691888633248224,18,20,1,4,13,32,10,7,1.2993802368821836,43.53439614874452
1354,3811,0.973,0.889,0.011327836847913941,0.32095107351160934,18,20,1,4,14,32,10,7,1.3179719268633912,42.41697933136495
1354,3812,0.991,0.883,0.0044254761824636946,0.3077637176495339,18,20,1,4,15,32,10,7,1.3273168423552832,41.70165041070847
1354,3813,0.998,0.875,0.0011906081174323235,0.2987132192445273,18,20,1,4,16,32,10,7,1.3272637266195442,41.24277828428066
1354,3814,1,0.867,1.7353896348759612e-4,0.29422238225562114,18,20,1,4,17,32,10,7,1.323513883569039,40.92528797789907
1354,3815,1,0.858,7.792390411154315e-6,0.2930039994626743,18,20,1,4,18,32,10,7,1.317635761506191,40.62959351305883
1354,3816,1,0.929,1.6669748137410068e-8,0.29289414532662994,18,20,1,4,19,32,10,7,1.3649325990685401,42.8920866639288
1354,3817,1,1,1.1102230246251565e-16,0.29289321881345254,18,20,1,4,20,32,10,7,1.4142135623730951,45
1354,3829,0.812,0.914,0.061616300269068947,0.3767100776076897,18,20,1,4,10,33,10,7,1.2225955995340405,48.38202805321467
1354,3830,0.87,0.91,0.04468894790642275,0.36138877607154807,18,20,1,4,11,33,10,7,1.2589678312014172,46.28732894152504
1354,3831,0.92,0.905,0.029416064065560632,0.34553076020846696,18,20,1,4,12,33,10,7,1.290513463703498,44.529086388805105
1354,3832,0.957,0.9,0.01698840303692628,0.33003072408619805,18,20,1,4,13,33,10,7,1.3137157226736689,43.24187703032656
1354,3833,0.981,0.895,0.008186005453513112,0.3160401980740861,18,20,1,4,14,33,10,7,1.3279254497147044,42.375272015149136
1354,3834,0.994,0.889,0.003047244792449,0.30482902614771046,18,20,1,4,15,33,10,7,1.3335505239772507,41.80837334344573
1354,3835,0.999,0.883,7.699220807099172e-4,0.2974094287718976,18,20,1,4,16,33,10,7,1.3333004162603415,41.4729474134098
1354,3836,1,0.875,1.03682111533554e-4,0.2938837878773476,18,20,1,4,17,33,10,7,1.3287682265918312,41.18592516570965
1354,3837,1,0.867,4.203110832712298e-6,0.29297207544759996,18,20,1,4,18,33,10,7,1.323513883569039,40.92528797789907
1354,3838,1,0.934,7.952733915850274e-9,0.2928938454281307,18,20,1,4,19,33,10,7,1.3683406008739198,43.045473375173806
1354,3839,1,1,0,0.2928932188134524,18,20,1,4,20,33,10,7,1.4142135623730951,45
1354,3852,0.846,0.917,0.05047288696035923,0.36716446050530693,18,20,1,4,10,34,10,7,1.2476397717290035,47.306184485107224
1354,3853,0.897,0.913,0.035710447134923995,0.35276445279507274,18,20,1,4,11,34,10,7,1.2799132783122458,45.50646883700904
1354,3854,0.939,0.909,0.022834872782024784,0.33817954014249163,18,20,1,4,12,34,10,7,1.306905505382849,44.06995540328157
1354,3855,0.968,0.905,0.012746447281473228,0.324249163553778,18,20,1,4,13,34,10,7,1.325159990340789,43.07353243319618
1354,3856,0.986,0.9,0.005892846696955223,0.311998895784123,18,20,1,4,14,34,10,7,1.334989138532595,42.38916961060587
1354,3857,0.996,0.895,0.0020882414185832143,0.3024787102870079,18,20,1,4,15,34,10,7,1.3390448088096232,41.94268622594689
1354,3858,0.999,0.889,4.961041659319321e-4,0.2964035075760615,18,20,1,4,16,34,10,7,1.3372815709490653,41.66556206288983
1354,3859,1,0.883,6.203043878894032e-5,0.2936348784641013,18,20,1,4,17,34,10,7,1.3340498491435768,41.4445038973404
1354,3860,1,0.876,2.289153397727617e-6,0.2929499133790088,18,20,1,4,18,34,10,7,1.3294269442131825,41.218359795425336
1354,3861,1,0.938,3.893567357415861e-9,0.2928936501189032,18,20,1,4,19,34,10,7,1.3710740315533658,43.16763304046667
1354,3862,1,1,0,0.2928932188134524,18,20,1,4,20,34,10,7,1.4142135623730951,45
1354,3876,0.875,0.92,0.04124500261632813,0.35870444802545287,18,20,1,4,10,35,10,7,1.2696554650770422,46.436083641845805
1354,3877,0.919,0.917,0.0284435571592474,0.3452138471210554,18,20,1,4,11,35,10,7,1.2982488205270977,44.937586321513976
1354,3878,0.953,0.913,0.01765918829172375,0.3318329636236532,18,20,1,4,12,35,10,7,1.3197643729090431,43.77198272449607
1354,3879,0.976,0.909,0.009514761239612701,0.3193441882518292,18,20,1,4,13,35,10,7,1.3337379802644895,42.96434915129353
1354,3880,0.99,0.905,0.004221058304966996,0.3086484798103214,18,20,1,4,14,35,10,7,1.3413146536141325,42.431726111487755
1354,3881,0.997,0.9,0.00142238038893161,0.3005891633303308,18,20,1,4,15,35,10,7,1.3431340216076726,42.072823170724625
1354,3882,0.999,0.895,3.1890716324278756e-4,0.2956261697068945,18,20,1,4,16,35,10,7,1.3412777490139767,41.85703112049663
1354,3883,1,0.889,3.716620928106984e-5,0.29345143344041935,18,20,1,4,17,35,10,7,1.3380287739805896,41.63709543013025
1354,3884,1,0.883,1.2656864660787193e-6,0.2929344071073484,18,20,1,4,18,35,10,7,1.3340498491435768,41.4445038973404
1354,3885,1,0.942,1.9593607847312455e-9,0.2928935207295176,18,20,1,4,19,35,10,7,1.3738136700440857,43.289306039103366
1354,3886,1,1,1.1102230246251565e-16,0.29289321881345254,18,20,1,4,20,35,10,7,1.4142135623730951,45
1354,3929,1,1,0,0.2928932188134524,18,20,1,4,10,18,1,10,1.4142135623730951,45
1354,3930,1,1,0,0.2928932188134524,18,20,1,4,11,18,1,10,1.4142135623730951,45
1354,3931,1,1,1.1102230246251565e-16,0.29289321881345254,18,20,1,4,12,18,1,10,1.4142135623730951,45
1354,3932,1,1,0,0.2928932188134524,18,20,1,4,13,18,1,10,1.4142135623730951,45
1354,3933,1,1,0,0.2928932188134524,18,20,1,4,14,18,1,10,1.4142135623730951,45
1354,3934,1,1,0,0.2928932188134524,18,20,1,4,15,18,1,10,1.4142135623730951,45
1354,3935,1,1,1.1102230246251565e-16,0.29289321881345254,18,20,1,4,16,18,1,10,1.4142135623730951,45
1354,3936,1,1,1.1102230246251565e-16,0.29289321881345254,18,20,1,4,17,18,1,10,1.4142135623730951,45
1354,3937,1,0.901,1.3702486922895218e-9,0.29289899965925004,18,20,1,4,10,19,1,10,1.3460315746668055,42.01885188710784
1354,3938,1,0.889,3.6683079907007254e-9,0.29290268490773774,18,20,1,4,11,19,1,10,1.3380287739805896,41.63709543013025
1354,3939,1,0.876,1.2823355266533554e-8,0.2929109361438813,18,20,1,4,12,19,1,10,1.3294269442131825,41.218359795425336
1354,3940,1,0.857,5.902709154792518e-8,0.2929312870900288,18,20,1,4,13,19,1,10,1.3169848138835922,40.59657583596283
1354,3941,1,0.834,3.230297035416996e-7,0.29298246968234765,18,20,1,4,14,19,1,10,1.3021351696348578,39.82810630428432
1354,3942,1,0.8,2.9903466901570752e-6,0.29316576405955286,18,20,1,4,15,19,1,10,1.2806248474865698,38.659808254090095
1354,3943,1,0.751,5.503682112095731e-5,0.29407116706585656,18,20,1,4,16,19,1,10,1.2506002558771527,36.906549346914105
1354,3944,0.998,0.667,0.0034167448161358527,0.30247553307588837,18,20,1,4,17,19,1,10,1.2003720256653767,33.75625947840964
1354,3945,0.561,0.501,0.32589607428018363,0.5516354815036022,18,20,1,4,18,19,1,10,0.7521449328420687,41.76638787511213
1354,3946,1,0.8,7.44006847797074e-7,0.2931055088510871,18,20,1,4,10,20,1,10,1.2806248474865698,38.659808254090095
1354,3947,1,0.778,1.748855712357944e-6,0.2932190971734503,18,20,1,4,11,20,1,10,1.266998026833507,37.88291605856699
1354,3948,1,0.75,5.102026529590908e-6,0.2934507675323079,18,20,1,4,12,20,1,10,1.25,36.86989764584402
1354,3949,1,0.715,1.8098291953538848e-5,0.2939458917727761,18,20,1,4,13,20,1,10,1.2293189171244376,35.56476799303516
1354,3950,1,0.667,7.180193876166197e-5,0.29499796766328035,18,20,1,4,14,20,1,10,1.202035357217083,33.70328759485296
1354,3951,1,0.6,4.1303547795101814e-4,0.29797696973166743,18,20,1,4,15,20,1,10,1.16619037896906,30.96375653207352
1354,3952,0.997,0.5,0.003586148404409406,0.30814234156451525,18,20,1,4,16,20,1,10,1.1153515140976857,26.633971488078767
1354,3953,0.954,0.334,0.05296761204501732,0.3573184216206923,18,20,1,4,17,20,1,10,1.0107779182392143,19.29539646471554
1354,3954,0.342,0,0.6283956895758642,0.7556008166303283,18,20,1,4,18,20,1,10,0.342,0
1354,3955,0.761,0.501,0.09743560041984689,0.40916466593318546,18,20,1,4,19,20,1,10,0.9111103116527658,33.358680106876584
1354,3956,1,0.818,1.9204728726185394e-5,0.29418551332718734,18,20,1,4,10,21,1,10,1.2919458192973883,39.28316617202149
1354,3957,1,0.8,4.065821012566584e-5,0.2947765697888831,18,20,1,4,11,21,1,10,1.2806248474865698,38.659808254090095
1354,3958,1,0.778,1.0271396428385149e-4,0.29589372538230485,18,20,1,4,12,21,1,10,1.266998026833507,37.88291605856699
1354,3959,1,0.75,2.9921164704571623e-4,0.29803314644020407,18,20,1,4,13,21,1,10,1.25,36.86989764584402
1354,3960,0.999,0.714,9.433854203094727e-4,0.3020746021315641,18,20,1,4,14,21,1,10,1.227923857574239,35.553950378731706
1354,3961,0.996,0.667,0.003918954163226074,0.3118399513145582,18,20,1,4,15,21,1,10,1.198709722993853,33.80937832428409
1354,3962,0.978,0.6,0.021142169198091754,0.33842640924095346,18,20,1,4,16,21,1,10,1.1473813664165895,31.528988037753418
1354,3963,0.851,0.501,0.14800171885565516,0.4299469671313162,18,20,1,4,17,21,1,10,0.9875231642852739,30.486136922300318
1354,3964,0.157,0.334,0.8494007496927536,0.9090144907661448,18,20,1,4,18,21,1,10,0.3690596157804319,64.82366541247335
1354,3965,0.851,0.667,0.09681850534273939,0.40414987425294,18,20,1,4,19,21,1,10,1.0812446531659705,38.08877288097532
1354,3966,1,1,0,0.2928932188134524,18,20,1,4,20,21,1,10,1.4142135623730951,45
1354,3967,1,0.834,1.5037269682516285e-4,0.2968117514773795,18,20,1,4,10,22,1,10,1.3021351696348578,39.82810630428432
1354,3968,1,0.819,2.9210157345138654e-4,0.29836617867827864,18,20,1,4,11,22,1,10,1.2925792045364184,39.31747620953449
1354,3969,0.999,0.8,6.565869050974005e-4,0.30112557708199295,18,20,1,4,12,22,1,10,1.2798441311347253,38.687774465176346
1354,3970,0.998,0.778,0.001641916869574822,0.3059800332552397,18,20,1,4,13,22,1,10,1.2654200883501099,37.93852205534109
1354,3971,0.995,0.75,0.00435861411307481,0.3144059861851499,18,20,1,4,14,22,1,10,1.2460036115517483,37.00784869431463
1354,3972,0.983,0.715,0.014288348753143887,0.33259565802109903,18,20,1,4,15,22,1,10,1.2155303369311683,36.03083892550421
1354,3973,0.932,0.667,0.05588397597548578,0.3751882929904198,18,20,1,4,16,22,1,10,1.1460859479114123,35.58998146094468
1354,3974,0.714,0.6,0.25197963223355624,0.4940793103261205,18,20,1,4,17,22,1,10,0.9326285434190827,40.041549080514635
1354,3975,0.044,0.5,0.9483600035305522,0.9336246808684445,18,20,1,4,18,22,1,10,0.5019322663467651,84.97092641821456
1354,3976,0.887,0.751,0.09332384143137529,0.3871290611156951,18,20,1,4,19,22,1,10,1.1622263118687342,40.253727684099374
1354,3977,1,1,0,0.2928932188134524,18,20,1,4,20,22,1,10,1.4142135623730951,45
1354,3979,1,0.847,6.303191850983714e-4,0.301211350656314,18,20,1,4,10,23,1,10,1.3104995230827061,40.26459927013793
1354,3980,0.999,0.833,0.001139248051623798,0.30410786835894243,18,20,1,4,11,23,1,10,1.3007267199531192,39.822490802231016
1354,3981,0.998,0.819,0.002325640041482946,0.30898882037547515,18,20,1,4,12,23,1,10,1.2910325325103158,39.37371581286992
1354,3982,0.994,0.8,0.0051505658191576265,0.31702410341327014,18,20,1,4,13,23,1,10,1.2759451398865078,38.82811850536661
1354,3983,0.985,0.778,0.011958849819146522,0.33012154117332915,18,20,1,4,14,23,1,10,1.2551928138736295,38.303362812104716
1354,3984,0.956,0.75,0.032809061136347406,0.35611815248760514,18,20,1,4,15,23,1,10,1.2150868281731968,38.11485197772375
1354,3985,0.862,0.715,0.1019531582008909,0.4107318979811052,18,20,1,4,16,23,1,10,1.1199415163302056,39.67456462224225
1354,3986,0.572,0.667,0.3415162551670611,0.5421319591485865,18,20,1,4,17,23,1,10,0.8786768461726985,49.384559995571024
1354,3987,0.136,0.6,0.8289046786811824,0.8502178360216953,18,20,1,4,18,23,1,10,0.6152202857513721,77.22875743509856
1354,3988,0.905,0.8,0.08893202385768617,0.37219978940142895,18,20,1,4,19,23,1,10,1.2079010721081425,41.475971416125795
1354,3989,1,1,0,0.2928932188134524,18,20,1,4,20,23,1,10,1.4142135623730951,45
1354,3992,0.998,0.857,0.0018064251870543169,0.30721305804297405,18,20,1,4,10,24,1,10,1.315466837286292,40.65326144924435
1354,3993,0.997,0.846,0.0030705606165577493,0.3116346925099228,18,20,1,4,11,24,1,10,1.3075645299563612,40.31612513989221
1354,3994,0.994,0.833,0.005780396230696594,0.3187680813362258,18,20,1,4,12,24,1,10,1.2968905119554233,39.96395570476113
1354,3995,0.985,0.819,0.011597123127198627,0.32990923201087996,18,20,1,4,13,24,1,10,1.2810097579643958,39.74257725711318
1354,3996,0.966,0.8,0.024199702924059263,0.3472151402514192,18,20,1,4,14,24,1,10,1.2542551574540166,39.630104778280426
1354,3997,0.914,0.778,0.05770365566107016,0.37939053636509623,18,20,1,4,15,24,1,10,1.2002832998921547,40.40454504590939
1354,3998,0.777,0.75,0.15047282382561866,0.44156063290987013,18,20,1,4,16,24,1,10,1.0799208304315646,43.98701711938915
1354,3999,0.461,0.714,0.4032542828043295,0.5742483640146756,18,20,1,4,17,24,1,10,0.8498923461239075,57.15135699187554
1354,4000,0.224,0.667,0.7180882543301592,0.7784652254851474,18,20,1,4,18,24,1,10,0.7036085559457048,71.43629683310493
1354,4001,0.916,0.834,0.08370611176714149,0.36054126921421703,18,20,1,4,19,24,1,10,1.238794575383667,42.31724573712434
1354,4002,1,1,0,0.2928932188134524,18,20,1,4,20,24,1,10,1.4142135623730951,45
1354,4006,0.996,0.867,0.004020153554892825,0.3144444937029669,18,20,1,4,10,25,1,10,1.3204942256594687,41.038981834500746
1354,4007,0.993,0.857,0.006479522306031771,0.3203962051414603,18,20,1,4,11,25,1,10,1.311677551839628,40.79554900365998
1354,4008,0.986,0.847,0.011386911447736181,0.32965189859610344,18,20,1,4,12,25,1,10,1.2998480680448772,40.663447919495916
1354,4009,0.971,0.834,0.02105672244519008,0.3435076956725098,18,20,1,4,13,25,1,10,1.2799988281244634,40.659556581889426
1354,4010,0.937,0.819,0.04024802359256108,0.36422478381821,18,20,1,4,14,25,1,10,1.2444798110053854,41.15560764970997
1354,4011,0.861,0.8,0.08571928717591382,0.40075129803372844,18,20,1,4,15,25,1,10,1.1752961328958758,42.896765473989596
1354,4012,0.692,0.778,0.19438480561584215,0.466638684114561,18,20,1,4,16,25,1,10,1.041224279394214,48.34818158301213
1354,4013,0.391,0.75,0.43731441460931353,0.5929726856066415,18,20,1,4,17,25,1,10,0.8458019862828415,62.465467087168136
1354,4014,0.29,0.715,0.6257707300366135,0.7206241230071032,18,20,1,4,18,25,1,10,0.7715730684776393,67.92280068446368
1354,4015,0.924,0.857,0.07795750202318974,0.35150388389273113,18,20,1,4,19,25,1,10,1.260247991468346,42.84558795675548
1354,4016,1,1,0,0.2928932188134524,18,20,1,4,20,25,1,10,1.4142135623730951,45
1354,4021,0.992,0.875,0.0074873234227255114,0.3224855328693266,18,20,1,4,10,26,1,10,1.3227581033582823,41.41411282581258
1354,4022,0.986,0.867,0.011524829930160685,0.32984874849549384,18,20,1,4,11,26,1,10,1.3129680117961746,41.32550047917034
1354,4023,0.974,0.857,0.019092929319680207,0.3409475077645767,18,20,1,4,12,26,1,10,1.2973530745329123,41.343798714502874
1354,4024,0.95,0.847,0.03297860813773079,0.35699531125309836,18,20,1,4,13,26,1,10,1.2727564574575922,41.719524064451186
1354,4025,0.901,0.833,0.05856906056483191,0.3802519465756161,18,20,1,4,14,26,1,10,1.227065605418064,42.75425743410493
1354,4026,0.802,0.819,0.11368836092685142,0.4194590610079123,18,20,1,4,15,26,1,10,1.1462831238398303,45.600859065215886
1354,4027,0.616,0.8,0.23011823039007795,0.4860725120384727,18,20,1,4,16,26,1,10,1.0096811377855883,52.403728852788014
1354,4028,0.355,0.778,0.45035536467895365,0.601396503261207,18,20,1,4,17,26,1,10,0.8551660657439583,65.47287130213496
1354,4029,0.342,0.75,0.5487973395490318,0.6736734315073312,18,20,1,4,18,26,1,10,0.8242960633170585,65.4870141933307
1354,4030,0.93,0.876,0.07212458023789636,0.3444024350347258,18,20,1,4,19,26,1,10,1.2776055729371252,43.287347423311225
1354,4031,1,1,0,0.2928932188134524,18,20,1,4,20,26,1,10,1.4142135623730951,45
1354,4037,0.986,0.883,0.012250661491466586,0.33095131587825477,18,20,1,4,10,27,1,10,1.32358792681106,41.84563844247362
1354,4038,0.976,0.876,0.0181064362644503,0.33953765760638555,18,20,1,4,11,27,1,10,1.3114694049042852,41.90927677487885
1354,4039,0.957,0.867,0.028521069536299737,0.3521376660741319,18,20,1,4,12,27,1,10,1.2913318705894314,42.17519659261663
1354,4040,0.923,0.857,0.04648747162026978,0.36983576355514414,18,20,1,4,13,27,1,10,1.2595149860164427,42.876522529512336
1354,4041,0.859,0.846,0.07760304486704173,0.39481436687579996,18,20,1,4,14,27,1,10,1.2056521057087737,44.56314914937973
1354,4042,0.743,0.833,0.13939736659724988,0.4353043641725908,18,20,1,4,15,27,1,10,1.1162159289313156,48.26841724087463
1354,4043,0.554,0.819,0.25694534227299315,0.5004449294579063,18,20,1,4,16,27,1,10,0.9887755053600388,55.92421636319984
1354,4044,0.343,0.8,0.4493504614332249,0.6024388637013445,18,20,1,4,17,27,1,10,0.8704303533310406,66.7927662854047
1354,4045,0.384,0.778,0.4844414482896954,0.6351304508525174,18,20,1,4,18,27,1,10,0.8676059013169517,63.730285276869054
1354,4046,0.934,0.889,0.06660182547498816,0.33873706134170345,18,20,1,4,19,27,1,10,1.2894483316519512,43.58596456941794
1354,4047,1,1,0,0.2928932188134524,18,20,1,4,20,27,1,10,1.4142135623730951,45
1354,4054,0.977,0.889,0.01818381417846704,0.3395255165686609,18,20,1,4,10,28,1,10,1.3209277043048193,42.29994871885596
1354,4055,0.963,0.883,0.02594636993554733,0.3491172836636015,18,20,1,4,11,28,1,10,1.3065442969911123,42.51852866798624
1354,4056,0.937,0.875,0.03911674823462108,0.3628689152511947,18,20,1,4,12,28,1,10,1.282027300801352,43.040312917349326
1354,4057,0.892,0.867,0.060688052957742045,0.38171400945920675,18,20,1,4,13,28,1,10,1.243926444770751,44.185731635990734
1354,4058,0.815,0.857,0.09609996674151089,0.40770300176728225,18,20,1,4,14,28,1,10,1.1826554866063066,46.43894544500445
1354,4059,0.688,0.847,0.1616586013234831,0.4483646003424593,18,20,1,4,15,28,1,10,1.0912162938666192,50.91378190935729
1354,4060,0.506,0.834,0.27563309277428716,0.5105067595903732,18,20,1,4,16,28,1,10,0.9754957713901173,58.75419901152563
1354,4061,0.342,0.818,0.43957902552676154,0.5985410668950981,18,20,1,4,17,28,1,10,0.8866160386548395,67.31054104547853
1354,4062,0.42,0.8,0.43040959131003276,0.60317316397816,18,20,1,4,18,28,1,10,0.9035485598461215,62.300527191945015
1354,4063,0.938,0.901,0.061474161619637036,0.3341573882385874,18,20,1,4,19,28,1,10,1.3006325384212098,43.847385611370605
1354,4064,1,1,0,0.2928932188134524,18,20,1,4,20,28,1,10,1.4142135623730951,45
1354,4072,0.966,0.895,0.025061319749896893,0.34796620175867043,18,20,1,4,10,29,1,10,1.3168830623863306,42.81513790660915
1354,4073,0.946,0.889,0.03466507024902099,0.35834289915204376,18,20,1,4,11,29,1,10,1.2981667843539981,43.22081218412656
1354,4074,0.913,0.883,0.0503150711585546,0.3729190123056626,18,20,1,4,12,29,1,10,1.2701409370617105,44.04303254594276
1354,4075,0.859,0.876,0.07480012190226448,0.39247078727889073,18,20,1,4,13,29,1,10,1.2268891555474764,45.56138160382086
1354,4076,0.771,0.867,0.11321806630513098,0.4188785189652088,18,20,1,4,14,29,1,10,1.1602284257851985,48.35415751147952
1354,4077,0.639,0.858,0.18008052313410805,0.45886358666338345,18,20,1,4,15,29,1,10,1.0698060571898067,53.32290851200939
1354,4078,0.471,0.847,0.2875173936482962,0.5170319742992013,18,20,1,4,16,29,1,10,0.9691491113342673,60.92242705889286
1354,4079,0.348,0.834,0.424708036038972,0.5915792193585474,18,20,1,4,17,29,1,10,0.9036924255519684,67.35087265434395
1354,4080,0.45,0.819,0.38491651434716134,0.5764529927788218,18,20,1,4,18,29,1,10,0.934484349788695,61.213381689985965
1354,4081,0.941,0.909,0.05679896488686298,0.33041236496190485,18,20,1,4,19,29,1,10,1.3083432271388116,44.00903669091361
1354,4082,1,1,0,0.2928932188134524,18,20,1,4,20,29,1,10,1.4142135623730951,45
1354,4091,0.952,0.9,0.032601818197505406,0.3560991010164396,18,20,1,4,10,30,1,10,1.3100778602815941,43.391685765075074
1354,4092,0.927,0.895,0.04388140615126168,0.3670530801936137,18,20,1,4,11,30,1,10,1.2885472439922412,43.993810943718614
1354,4093,0.886,0.889,0.061603783329367445,0.3821634742206411,18,20,1,4,12,30,1,10,1.2551163292699208,45.096837844997054
1354,4094,0.824,0.883,0.0882699808812405,0.40205157469388886,18,20,1,4,13,30,1,10,1.2077520440885205,46.97955818096298
1354,4095,0.729,0.875,0.1284744752265471,0.42840302232649596,18,20,1,4,14,30,1,10,1.1388880542002362,50.20087025447699
1354,4096,0.597,0.867,0.19474969803268505,0.46709202038585806,18,20,1,4,15,30,1,10,1.0526623390242476,55.449428157769255
1354,4097,0.446,0.858,0.29398808145781075,0.5207452191376589,18,20,1,4,16,30,1,10,0.9669953464210673,62.53397938063736
1354,4098,0.357,0.847,0.4071852093692121,0.5829020655290944,18,20,1,4,17,30,1,10,0.9191615744796994,67.14518003822329
1354,4099,0.476,0.834,0.34654908012011476,0.5539427907124923,18,20,1,4,18,30,1,10,0.960277043357801,60.28472127315072
1354,4100,0.944,0.917,0.05261702096249776,0.3273167734674447,18,20,1,4,19,30,1,10,1.316064208160073,44.168792306268884
1354,4101,1,1,1.1102230246251565e-16,0.29289321881345254,18,20,1,4,20,30,1,10,1.4142135623730951,45
1354,4111,0.937,0.905,0.04052879989576175,0.3638064494636768,18,20,1,4,10,31,1,10,1.3026872226286708,44.00473369673521
1354,4112,0.905,0.9,0.05323841566027798,0.3751510833031382,18,20,1,4,11,31,1,10,1.27633263689369,44.84128633528153
1354,4113,0.858,0.895,0.07258368745768295,0.3905476098531856,18,20,1,4,12,31,1,10,1.239834263117454,46.20914382219552
1354,4114,0.788,0.889,0.10073669625966675,0.41046989299940473,18,20,1,4,13,31,1,10,1.1879667503764575,48.44656655952313
1354,4115,0.689,0.883,0.14167748589316986,0.43639602726664295,18,20,1,4,14,31,1,10,1.120004464276817,52.035281450442305
1354,4116,0.561,0.875,0.20599691711288104,0.4733611323061061,18,20,1,4,15,31,1,10,1.039396940538118,57.334327504338134
1354,4117,0.43,0.867,0.2963463658968144,0.5222851523507815,18,20,1,4,16,31,1,10,0.9677752838340107,63.6202857257495
1354,4118,0.366,0.858,0.38859772647813073,0.5734264834227275,18,20,1,4,17,31,1,10,0.9328022298429608,66.89819280563898
1354,4119,0.499,0.847,0.3140198503633983,0.534841037333352,18,20,1,4,18,31,1,10,0.9830615443602705,59.49603922505218
1354,4120,0.946,0.923,0.04889279876758201,0.32473111395627197,18,20,1,4,19,31,1,10,1.321682639668086,44.29495109005149
1354,4121,1,1,0,0.2928932188134524,18,20,1,4,20,31,1,10,1.4142135623730951,45
1354,4132,0.919,0.909,0.04857936561434151,0.3710153393213792,18,20,1,4,10,32,1,10,1.2926105368594207,44.686568884134395
1354,4133,0.882,0.905,0.062450062339863166,0.3825884295030758,18,20,1,4,11,32,1,10,1.2637044749465756,45.73739796799837
1354,4134,0.829,0.9,0.08297923907437221,0.39806490858466437,18,20,1,4,12,32,1,10,1.2236179959448128,47.35148413876531
1354,4135,0.754,0.895,0.11198575209526862,0.41778163067570095,18,20,1,4,13,32,1,10,1.1702738995636877,49.88726629285356
1354,4136,0.653,0.889,0.15283294455522167,0.4430059275297601,18,20,1,4,14,32,1,10,1.1030548490442351,53.70148284514659
1354,4137,0.532,0.883,0.21428427967172026,0.4779750728022245,18,20,1,4,15,32,1,10,1.0308797214030354,58.931393547595434
1354,4138,0.42,0.875,0.2956708446729457,0.5221895372660097,18,20,1,4,16,32,1,10,0.9705797236703433,64.35899417569472
1354,4139,0.375,0.867,0.36993935361135877,0.5637449699552541,18,20,1,4,17,32,1,10,0.9446237346160639,66.61026497608063
1354,4140,0.52,0.858,0.2863130555274386,0.5185132935772054,18,20,1,4,18,32,1,10,1.0032766318418864,58.781597235653635
1354,4141,0.948,0.929,0.04556837073401432,0.32254908026878126,18,20,1,4,19,32,1,10,1.3273074248266676,44.42004121952145
1354,4142,1,1,0,0.2928932188134524,18,20,1,4,20,32,1,10,1.4142135623730951,45
1354,4154,0.9,0.914,0.05654415644475297,0.37768721369392555,18,20,1,4,10,33,1,10,1.282729901421184,45.442185770450934
1354,4155,0.858,0.91,0.0713011339006917,0.3893514966015498,18,20,1,4,11,33,1,10,1.2507054009637921,46.68468431789629
1354,4156,0.8,0.905,0.09261273793263314,0.4047408989246384,18,20,1,4,12,33,1,10,1.2079010721081425,48.52402858387421
1354,4157,0.721,0.9,0.12193056527550572,0.42406720902007056,18,20,1,4,13,33,1,10,1.1531873221640967,51.3013945013568
1354,4158,0.621,0.895,0.16205710028652942,0.44839140861669835,18,20,1,4,14,33,1,10,1.0893420032294725,55.24496934058519
1354,4159,0.508,0.889,0.22008765829494836,0.481214909855768,18,20,1,4,15,33,1,10,1.0239067340339159,60.25511870305778
1354,4160,0.414,0.883,0.2928257025159893,0.5208948826447798,18,20,1,4,16,33,1,10,0.9752358689055689,64.8801779572923
1354,4161,0.382,0.875,0.3518208113716996,0.5542208687927227,18,20,1,4,17,33,1,10,0.9547507528145762,66.41529331304886
1354,4162,0.539,0.867,0.2626131660332498,0.504453884539357,18,20,1,4,18,33,1,10,1.020886869344493,58.13144582562132
1354,4163,0.95,0.934,0.04263404714741914,0.3206890806254076,18,20,1,4,19,33,1,10,1.3322372161143075,44.51342333663742
1354,4164,1,1,0,0.2928932188134524,18,20,1,4,20,33,1,10,1.4142135623730951,45
1354,4177,0.879,0.917,0.06425234218475184,0.3838090147036516,18,20,1,4,10,34,1,10,1.270248007280468,46.212090654995684
1354,4178,0.833,0.913,0.07964398754067581,0.3954509823034148,18,20,1,4,11,34,1,10,1.2359037179327523,47.62340136070963
1354,4179,0.771,0.909,0.1013830600876161,0.41062129983794626,18,20,1,4,12,34,1,10,1.191940434753348,49.69589619523374
1354,4180,0.691,0.905,0.13058555412644302,0.4294192693747435,18,20,1,4,13,34,1,10,1.138642173819326,52.63696624464442
1354,4181,0.593,0.9,0.16952770366053382,0.45270951198798326,18,20,1,4,14,34,1,10,1.077798218591959,56.61955667818139
1354,4182,0.489,0.895,0.2238483678920603,0.48333041801037924,18,20,1,4,15,34,1,10,1.019875482595792,61.34918804274754
1354,4183,0.411,0.889,0.28846594775265666,0.518745101653167,18,20,1,4,16,34,1,10,0.9794090054721776,65.18808684721205
1354,4184,0.389,0.883,0.3345826929018405,0.5450628618606304,18,20,1,4,17,34,1,10,0.9648885946056156,66.22441651469795
1354,4185,0.555,0.876,0.24224066152279378,0.4922583787479159,18,20,1,4,18,34,1,10,1.0370154290076885,57.64322113941645
1354,4186,0.951,0.938,0.040021070973211836,0.31908812467525416,18,20,1,4,19,34,1,10,1.3357563400560748,44.605699642624685
1354,4187,1,1,0,0.2928932188134524,18,20,1,4,20,34,1,10,1.4142135623730951,45
1354,4201,0.858,0.92,0.07159162213601167,0.38938600712179816,18,20,1,4,10,35,1,10,1.258,46.997131351904194
1354,4202,0.809,0.917,0.08738437552852696,0.4009138180606816,18,20,1,4,11,35,1,10,1.2228532209549927,48.580467673180415
1354,4203,0.744,0.913,0.10925149763626663,0.4157634452092853,18,20,1,4,12,35,1,10,1.177754218841945,50.82354840808925
1354,4204,0.663,0.909,0.13800674136696067,0.43393430240352826,18,20,1,4,13,35,1,10,1.1250999955559506,53.894000815085974
1354,4205,0.568,0.905,0.17543857876162994,0.4561083201358751,18,20,1,4,14,35,1,10,1.068479761156008,57.88661892272113
1354,4206,0.474,0.9,0.2259510574430621,0.48453717964586507,18,20,1,4,15,35,1,10,1.0171902476921415,62.22571880056865
1354,4207,0.41,0.895,0.28309280658159863,0.5160046477796367,18,20,1,4,16,35,1,10,0.9844414660100417,65.38745787232162
1354,4208,0.396,0.889,0.31839230148501474,0.5363789829438997,18,20,1,4,17,35,1,10,0.9732096382588903,65.98968983296808
1354,4209,0.57,0.883,0.2245992033612909,0.4816025103112227,18,20,1,4,18,35,1,10,1.0509942911357797,57.1566809723038
1354,4210,0.953,0.942,0.03768761501257267,0.31769728843715384,18,20,1,4,19,35,1,10,1.3399899253352616,44.667416097116195
1354,4211,1,1,0,0.2928932188134524,18,20,1,4,20,35,1,10,1.4142135623730951,45
1354,4254,1,1,1.1102230246251565e-16,0.29289321881345254,18,20,1,4,10,18,4,10,1.4142135623730951,45
1354,4255,1,1,0,0.2928932188134524,18,20,1,4,11,18,4,10,1.4142135623730951,45
1354,4256,1,1,1.1102230246251565e-16,0.29289321881345254,18,20,1,4,12,18,4,10,1.4142135623730951,45
1354,4257,1,1,0,0.2928932188134524,18,20,1,4,13,18,4,10,1.4142135623730951,45
1354,4258,1,1,0,0.2928932188134524,18,20,1,4,14,18,4,10,1.4142135623730951,45
1354,4259,1,1,0,0.2928932188134524,18,20,1,4,15,18,4,10,1.4142135623730951,45
1354,4260,1,1,1.1102230246251565e-16,0.29289321881345254,18,20,1,4,16,18,4,10,1.4142135623730951,45
1354,4261,1,1,0,0.2928932188134524,18,20,1,4,17,18,4,10,1.4142135623730951,45
1354,4262,1,0.901,7.292438986006289e-8,0.29293612269123415,18,20,1,4,10,19,4,10,1.3460315746668055,42.01885188710784
1354,4263,1,0.889,2.165826570310614e-7,0.29296739619874634,18,20,1,4,11,19,4,10,1.3380287739805896,41.63709543013025
1354,4264,1,0.876,7.50940870708483e-7,0.2930319341233195,18,20,1,4,12,19,4,10,1.3294269442131825,41.218359795425336
1354,4265,1,0.857,3.0719797703415708e-6,0.29317546759145185,18,20,1,4,13,19,4,10,1.3169848138835922,40.59657583596283
1354,4266,1,0.834,1.6876354227424173e-5,0.29356074663475207,18,20,1,4,14,19,4,10,1.3021351696348578,39.82810630428432
1354,4267,1,0.8,1.3913648880048424e-4,0.29483917348653776,18,20,1,4,15,19,4,10,1.2806248474865698,38.659808254090095
1354,4268,0.998,0.751,0.002008253783775449,0.3005414148472788,18,20,1,4,16,19,4,10,1.2490016012799983,36.96164421196482
1354,4269,0.956,0.667,0.0515539650563035,0.3400582434025795,18,20,1,4,17,19,4,10,1.1656864930160253,34.90343307754827
1354,4270,0.333,0.501,0.524899770767925,0.6614711247962597,18,20,1,4,18,19,4,10,0.6015729382211271,56.38917969805453
1354,4271,1,0.8,2.9144174835127323e-5,0.2942571877093626,18,20,1,4,10,20,4,10,1.2806248474865698,38.659808254090095
1354,4272,1,0.778,7.219568878868987e-5,0.29505114674267885,18,20,1,4,11,20,4,10,1.266998026833507,37.88291605856699
1354,4273,1,0.75,1.9807176799824244e-4,0.2964930204715881,18,20,1,4,12,20,4,10,1.25,36.86989764584402
1354,4274,0.999,0.715,6.104715213244294e-4,0.299278633133812,18,20,1,4,13,20,4,10,1.2285055962428497,35.591894069805875
1354,4275,0.997,0.667,0.002280094238763075,0.3054449769083961,18,20,1,4,14,20,4,10,1.1995407454521918,33.78280049855468
1354,4276,0.987,0.6,0.010548171115151939,0.3208537035020904,18,20,1,4,15,20,4,10,1.1550623359801842,31.295532393347273
1354,4277,0.934,0.5,0.05950556638584781,0.3656952314758912,18,20,1,4,16,20,4,10,1.0594130450395636,28.161564144837747
1354,4278,0.667,0.334,0.32938112482282256,0.5191451576200006,18,20,1,4,17,20,4,10,0.7459524113507511,26.599401160680255
1354,4279,0.185,0,0.7591095325306845,0.8278964726325146,18,20,1,4,18,20,4,10,0.185,0
1354,4280,0.863,0.501,0.07458237072159624,0.38812711318942683,18,20,1,4,19,20,4,10,0.9978827586445214,30.13658033728861
1354,4281,0.999,0.818,5.685817158179729e-4,0.30014105352304765,18,20,1,4,10,21,4,10,1.2911719482702526,39.31126237103608
1354,4282,0.998,0.8,0.0012189270714404454,0.30358022019697006,18,20,1,4,11,21,4,10,1.2790637200702708,38.71577480968507
1354,4283,0.996,0.778,0.002803859093340022,0.3092664842687953,18,20,1,4,12,21,4,10,1.2638433447227548,37.99426685040793
1354,4284,0.99,0.75,0.007002871267478339,0.3191946599963519,18,20,1,4,13,21,4,10,1.242014492669067,37.14668669802178
1354,4285,0.971,0.714,0.019759175458040845,0.33834761037668015,18,20,1,4,14,21,4,10,1.20525391515647,36.32795240264527
1354,4286,0.912,0.667,0.06202291387063319,0.3780921842898257,18,20,1,4,15,21,4,10,1.1298818522305774,36.18023136185305
1354,4287,0.734,0.6,0.2052552114442281,0.46771297139820056,18,20,1,4,16,21,4,10,0.9480274257636221,39.26389293535507
1354,4288,0.29,0.501,0.6133837875282433,0.6826588484860918,18,20,1,4,17,21,4,10,0.5788790892751265,59.935925461983246
1354,4289,0.427,0.334,0.5627987239662776,0.7090307074644883,18,20,1,4,18,21,4,10,0.5421116121242932,38.0325675041512
1354,4290,0.94,0.667,0.04960131709011473,0.34921505258598406,18,20,1,4,19,21,4,10,1.1526009717157104,35.35853877257893
1354,4291,1,1,0,0.2928932188134524,18,20,1,4,20,21,4,10,1.4142135623730951,45
1354,4292,0.995,0.834,0.0034492217574384476,0.3122720059559182,18,20,1,4,10,22,4,10,1.2982992721248827,39.969434314718825
1354,4293,0.99,0.819,0.0065824695964388225,0.31991707640985667,18,20,1,4,11,22,4,10,1.2848583579523465,39.600026576674935
1354,4294,0.979,0.8,0.013197826917898836,0.3317018866776533,18,20,1,4,12,22,4,10,1.2642946650207776,39.254332373329255
1354,4295,0.953,0.778,0.02808821030973374,0.3507606878942573,18,20,1,4,13,22,4,10,1.2302410332938827,39.22714667478125
1354,4296,0.892,0.75,0.06445133777723833,0.3839066143426024,18,20,1,4,14,22,4,10,1.1654029346110297,40.05736371221304
1354,4297,0.75,0.715,0.1554871351600099,0.4439800989305005,18,20,1,4,15,22,4,10,1.0362070256469023,43.631419193046874
1354,4298,0.465,0.667,0.36945997106703865,0.5563135227349867,18,20,1,4,16,22,4,10,0.8130891710015575,55.11766428314473
1354,4299,0.219,0.6,0.6961461767071091,0.7416265531741904,18,20,1,4,17,22,4,10,0.6387182477430874,69.94791785390146
1354,4300,0.605,0.5,0.378485412322518,0.5791126122142338,18,20,1,4,18,22,4,10,0.7848726011270875,39.57190281388927
1354,4301,0.966,0.751,0.03233953966357617,0.3237121236081917,18,20,1,4,19,22,4,10,1.2235836710254024,37.86266286148528
1354,4302,1,1,0,0.2928932188134524,18,20,1,4,20,22,4,10,1.4142135623730951,45
1354,4304,0.982,0.847,0.01141199576758578,0.32956082921972685,18,20,1,4,10,23,4,10,1.2968164866317824,40.77860621027898
1354,4305,0.966,0.833,0.019809113186431526,0.34179191222163374,18,20,1,4,11,23,4,10,1.275556741191861,40.77181729483836
1354,4306,0.935,0.819,0.03563100670461339,0.3596434472025335,18,20,1,4,12,23,4,10,1.2429746578269407,41.216279394050595
1354,4307,0.874,0.8,0.06673306283525804,0.3867753278883087,18,20,1,4,13,23,4,10,1.1848527334652186,42.468859522405886
1354,4308,0.757,0.778,0.13062488692322927,0.430116792296372,18,20,1,4,14,23,4,10,1.0855104789913361,45.78380215787416
1354,4309,0.556,0.75,0.25731056735684077,0.5001361116684964,18,20,1,4,15,23,4,10,0.9336144814643783,53.44922721763005
1354,4310,0.328,0.715,0.46802754243567657,0.6084937125163914,18,20,1,4,16,23,4,10,0.7866441380954923,65.35712327039438
1354,4311,0.291,0.667,0.5990808942131403,0.7024781087295289,18,20,1,4,17,23,4,10,0.7277156037903818,66.42922993901732
1354,4312,0.713,0.6,0.2558588190538751,0.4924097161529154,18,20,1,4,18,23,4,10,0.9318631873832124,40.08110514340177
1354,4313,0.978,0.8,0.02094398644503548,0.3111075069418988,18,20,1,4,19,23,4,10,1.2635204786626928,39.28302577560024
1354,4314,1,1,1.1102230246251565e-16,0.2928932188134524,18,20,1,4,20,23,4,10,1.4142135623730951,45
1354,4317,0.952,0.857,0.026178742916867836,0.34973398966404523,18,20,1,4,10,24,4,10,1.2809188108541463,41.99386203788779
1354,4318,0.918,0.846,0.0419752600494091,0.3659750988251933,18,20,1,4,11,24,4,10,1.2483749436767786,42.66269414087618
1354,4319,0.86,0.833,0.06893023796748132,0.38862765829683144,18,20,1,4,12,24,4,10,1.1972840097487312,44.086323146068786
1354,4320,0.761,0.819,0.11614959917437795,0.42122480180241906,18,20,1,4,13,24,4,10,1.1179812163001666,47.10231881146401
1354,4321,0.609,0.8,0.19895339491792907,0.46940270496975234,18,20,1,4,14,24,4,10,1.0054257804532367,52.71979545086549
1354,4322,0.426,0.778,0.33116493456095797,0.5386493619324109,18,20,1,4,15,24,4,10,0.8869949267047699,61.29674537906775
1354,4323,0.324,0.75,0.4844842054042119,0.6227163904074153,18,20,1,4,16,24,4,10,0.8169920440249097,66.63565552394037
1354,4324,0.382,0.714,0.4783745610732898,0.6353983976415357,18,20,1,4,17,24,4,10,0.8097653981246666,61.8525949003034
1354,4325,0.784,0.667,0.1758716810752743,0.43640113621890264,18,20,1,4,18,24,4,10,1.0293420228476053,40.389983455252505
1354,4326,0.985,0.834,0.01383483836915611,0.3045286960212493,18,20,1,4,19,24,4,10,1.2906513859288262,40.25460620240048
1354,4327,1,1,0,0.2928932188134524,18,20,1,4,20,24,4,10,1.4142135623730951,45
1354,4331,0.904,0.867,0.047149793189662614,0.370605971932254,18,20,1,4,10,25,4,10,1.2525593798299544,43.80314201940399
1354,4332,0.849,0.857,0.0706280462849429,0.389795023900099,18,20,1,4,11,25,4,10,1.2063374320645115,45.26867694979489
1354,4333,0.764,0.847,0.1074189004464553,0.41549137411905024,18,20,1,4,12,25,4,10,1.1406598967264518,47.94931638120097
1354,4334,0.643,0.834,0.16528165083205215,0.45057138666305707,18,20,1,4,13,25,4,10,1.0530930633139695,52.36837998532054
1354,4335,0.496,0.819,0.2529971117205585,0.49845463797604717,18,20,1,4,14,25,4,10,0.9574847257267345,58.800206306213646
1354,4336,0.378,0.8,0.3666258387691892,0.5585355734638283,18,20,1,4,15,25,4,10,0.8848073236586597,64.7092656078518
1354,4337,0.345,0.778,0.45334092794792347,0.6101192507088522,18,20,1,4,16,25,4,10,0.8510634523935333,66.08536003083248
1354,4338,0.471,0.75,0.37210266877582565,0.5733165926518895,18,20,1,4,17,25,4,10,0.8856302840350481,57.871179037801284
1354,4339,0.833,0.715,0.12310647102120287,0.39937855403894107,18,20,1,4,18,25,4,10,1.0977768443540792,40.640922190962414
1354,4340,0.989,0.857,0.009338173590466958,0.30079000159545666,18,20,1,4,19,25,4,10,1.308651978182129,40.909971780280756
1354,4341,1,1,0,0.2928932188134524,18,20,1,4,20,25,4,10,1.4142135623730951,45
1354,4346,0.841,0.875,0.07188012811462641,0.3905433785432313,18,20,1,4,10,26,4,10,1.2136333878070429,46.13508254293556
1354,4347,0.767,0.867,0.10159585623361211,0.411476885645258,18,20,1,4,11,26,4,10,1.1575741876873378,48.502105773657334
1354,4348,0.667,0.857,0.14464381072590093,0.4384223463487954,18,20,1,4,12,26,4,10,1.0859732961726085,52.10650697157344
1354,4349,0.546,0.847,0.20588535941907604,0.4732405645591994,18,20,1,4,13,26,4,10,1.0077326034221579,57.19303447550696
1354,4350,0.433,0.833,0.28685756437969134,0.5167390418069611,18,20,1,4,14,26,4,10,0.93881734112659,62.53423183166139
1354,4351,0.374,0.819,0.3712495561335901,0.5627833746629023,18,20,1,4,15,26,4,10,0.9003538193399303,65.45597915616659
1354,4352,0.371,0.8,0.4022519670075929,0.5841642408690606,18,20,1,4,16,26,4,10,0.8818395545676097,65.12048738371412
1354,4353,0.549,0.778,0.2874228129729085,0.5226339590646749,18,20,1,4,17,26,4,10,0.9522000840159593,54.791082076585006
1354,4354,0.869,0.75,0.08807784452683998,0.37421463243599473,18,20,1,4,18,26,4,10,1.1478941588839975,40.79619591180879
1354,4355,0.992,0.876,0.0064333394766119545,0.298532596538435,18,20,1,4,19,26,4,10,1.323419812455594,41.44658088021854
1354,4356,1,1,0,0.2928932188134524,18,20,1,4,20,26,4,10,1.4142135623730951,45
1354,4362,0.769,0.883,0.09742574717491947,0.4084967541697623,18,20,1,4,10,27,4,10,1.1709184429327262,48.94756680820825
1354,4363,0.684,0.876,0.13097824954048776,0.43002443548537306,18,20,1,4,11,27,4,10,1.1114099153777601,52.0165017447229
1354,4364,0.583,0.867,0.17613751880657358,0.4566214758541356,18,20,1,4,12,27,4,10,1.0447861025109397,56.08178483654883
1354,4365,0.48,0.857,0.23458186885628274,0.4889686162915593,18,20,1,4,13,27,4,10,0.9822672752362261,60.74710219218519
1354,4366,0.407,0.846,0.3019276141936611,0.525396190147715,18,20,1,4,14,27,4,10,0.9388104174965252,64.30837565430146
1354,4367,0.383,0.833,0.3560630041544135,0.5560629680741682,18,20,1,4,15,27,4,10,0.9168304096178311,65.30778919810217
1354,4368,0.407,0.819,0.34683259670604527,0.5542441744832711,18,20,1,4,16,27,4,10,0.9145545363727632,63.57503602424907
1354,4369,0.616,0.8,0.22268248732690343,0.4828034908705635,18,20,1,4,17,27,4,10,1.0096811377855883,52.403728852788014
1354,4370,0.895,0.778,0.06447988277975236,0.3567060756271918,18,20,1,4,18,27,4,10,1.18587899888648,40.99957591321994
1354,4371,0.994,0.889,0.0045627826806183824,0.2971031403937301,18,20,1,4,19,27,4,10,1.3335505239772507,41.80837334344573
1354,4372,1,1,0,0.2928932188134524,18,20,1,4,20,27,4,10,1.4142135623730951,45
1354,4379,0.697,0.889,0.12134041464715495,0.4238932395801567,18,20,1,4,10,28,4,10,1.1296592406562256,51.9025959618553
1354,4380,0.61,0.883,0.15616818952541212,0.4450193704744012,18,20,1,4,11,28,4,10,1.0732143308771087,55.36224690048618
1354,4381,0.519,0.875,0.1999260150950558,0.4699866698423554,18,20,1,4,12,28,4,10,1.0173426168209017,59.32600387443226
1354,4382,0.442,0.867,0.2514909423427494,0.4983260193457363,18,20,1,4,13,28,4,10,0.9731664811325963,62.98733465206146
1354,4383,0.402,0.857,0.302620224483391,0.5264402426204833,18,20,1,4,14,28,4,10,0.9466007606166392,64.86975105266164
1354,4384,0.393,0.847,0.3302392292972509,0.5429370120162418,18,20,1,4,15,28,4,10,0.9337333666523865,65.1091451710447
1354,4385,0.449,0.834,0.29489409492740326,0.5252854806166829,18,20,1,4,16,28,4,10,0.9471837202992881,61.70334117925036
1354,4386,0.671,0.818,0.17430041663307627,0.4518821519299261,18,20,1,4,17,28,4,10,1.0580004725896865,50.638197098967964
1354,4387,0.915,0.8,0.048304749097793365,0.34426211952975216,18,20,1,4,18,28,4,10,1.2154114529656204,41.16375187753134
1354,4388,0.995,0.901,0.003331478748825778,0.296159131061408,18,20,1,4,19,28,4,10,1.3423211240236073,42.1617104264919
1354,4389,1,1,0,0.2928932188134524,18,20,1,4,20,28,4,10,1.4142135623730951,45
1354,4397,0.632,0.895,0.1420259035255752,0.43651532803043225,18,20,1,4,10,29,4,10,1.095650035367133,54.77235469987603
1354,4398,0.551,0.889,0.17599310508842003,0.4564496898062572,18,20,1,4,11,29,4,10,1.0459072616632892,58.20946769953812
1354,4399,0.476,0.883,0.21585247729124724,0.4788749320562049,18,20,1,4,12,29,4,10,1.003127609030875,61.67216500728854
1354,4400,0.425,0.876,0.2584187051367769,0.5023584111411419,18,20,1,4,13,29,4,10,0.9736534291009301,64.11920212814425
1354,4401,0.406,0.867,0.29362759753903267,0.5221125665744497,18,20,1,4,14,29,4,10,0.9573531218939018,64.90717980608856
1354,4402,0.408,0.858,0.30019620163313054,0.5269040729466933,18,20,1,4,15,29,4,10,0.9500673660325355,64.56776858128949
1354,4403,0.494,0.847,0.249649687485048,0.49933679700399436,18,20,1,4,16,29,4,10,0.9805330183119791,59.747768957408205
1354,4404,0.718,0.834,0.13839995408161432,0.42788769531095483,18,20,1,4,17,29,4,10,1.1004907995980702,49.274468692884234
1354,4405,0.93,0.819,0.03712417535848789,0.335222542901639,18,20,1,4,18,29,4,10,1.239217898515027,41.36860296009416
1354,4406,0.996,0.909,0.002502958560453572,0.2955105755517804,18,20,1,4,19,29,4,10,1.3484424348113642,42.38515925361078
1354,4407,1,1,0,0.2928932188134524,18,20,1,4,20,29,4,10,1.4142135623730951,45
1354,4416,0.576,0.9,0.15875897948068163,0.44639779686638914,18,20,1,4,10,30,4,10,1.0685391897352199,57.38075692880719
1354,4417,0.507,0.895,0.19028269595671488,0.4645739686935578,18,20,1,4,11,30,4,10,1.0286272405492671,60.46929462153999
1354,4418,0.451,0.889,0.22480857211481864,0.48391284724730754,18,20,1,4,12,30,4,10,0.9968560578137649,63.10079149290138
1354,4419,0.42,0.883,0.25781018365486763,0.5022894080509845,18,20,1,4,13,30,4,10,0.9777980364062918,64.56184764613555
1354,4420,0.412,0.875,0.2788904993617495,0.5144211655083453,18,20,1,4,14,30,4,10,0.9671447668265595,64.78626377875307
1354,4421,0.428,0.867,0.2698384594887627,0.5102225394965785,18,20,1,4,15,30,4,10,0.9668883079239298,63.72646044936378
1354,4422,0.537,0.858,0.21173356238765217,0.47692378017197656,18,20,1,4,16,30,4,10,1.0121921754291523,57.958615678518584
1354,4423,0.757,0.847,0.11162740113130809,0.4091393334733042,18,20,1,4,17,30,4,10,1.1359832745247618,48.211483057470325
1354,4424,0.942,0.834,0.029193909883606928,0.3285015477773713,18,20,1,4,18,30,4,10,1.2581414864791638,41.520082495730286
1354,4425,0.997,0.917,0.0019287714316191806,0.29504784187320987,18,20,1,4,19,30,4,10,1.3545840690042092,42.60658520563496
1354,4426,1,1,0,0.2928932188134524,18,20,1,4,20,30,4,10,1.4142135623730951,45
1354,4436,0.533,0.905,0.17141912500283152,0.45374261900192525,18,20,1,4,10,31,4,10,1.0502923402557975,59.5040300978993
1354,4437,0.476,0.9,0.1995276757986767,0.4698095285848721,18,20,1,4,11,31,4,10,1.018123764578747,62.12613410644049
1354,4438,0.438,0.895,0.2280949077357638,0.4858389665066021,18,20,1,4,12,31,4,10,0.9964281208396318,63.9235455115938
1354,4439,0.422,0.889,0.25197913777533254,0.4992943673777348,18,20,1,4,13,31,4,10,0.9840757084696279,64.60674454563086
1354,4440,0.419,0.883,0.26129800575455586,0.5049177929668478,18,20,1,4,14,31,4,10,0.9773689170420757,64.61478664375207
1354,4441,0.452,0.875,0.24131607157804857,0.49414880573026365,18,20,1,4,15,31,4,10,0.9848497347311417,62.680415874757415
1354,4442,0.579,0.867,0.18056631328995743,0.45787235542936944,18,20,1,4,16,31,4,10,1.0425593508285271,56.264205604627996
1354,4443,0.79,0.858,0.09143950157539582,0.3943184018982391,18,20,1,4,17,31,4,10,1.1663035625427884,47.36280590766356
1354,4444,0.951,0.847,0.02345067788753652,0.323383105497035,18,20,1,4,18,31,4,10,1.2735030427918106,41.68958344603204
1354,4445,0.997,0.923,0.0015251899478965214,0.2947058049150796,18,20,1,4,19,31,4,10,1.3586530094177836,42.79281762577744
1354,4446,1,1,0,0.2928932188134524,18,20,1,4,20,31,4,10,1.4142135623730951,45
1354,4457,0.5,0.909,0.18030112571699508,0.45884834063637037,18,20,1,4,10,32,4,10,1.037439636798209,61.18678667174489
1354,4458,0.457,0.905,0.20451131939943157,0.4726409934875261,18,20,1,4,11,32,4,10,1.0138412104466852,63.20748552052317
1354,4459,0.433,0.9,0.22709619027820416,0.4853838746224062,18,20,1,4,12,32,4,10,0.9987437108688094,64.30727572903118
1354,4460,0.426,0.895,0.2428209754727656,0.4943671240530131,18,20,1,4,13,32,4,10,0.9912118845130944,64.54659565015409
1354,4461,0.429,0.889,0.24278235722296637,0.4946740083804769,18,20,1,4,14,32,4,10,0.9870977661812431,64.23968483028747
1354,4462,0.479,0.883,0.21556587401213279,0.47927064934961794,18,20,1,4,15,32,4,10,1.004554627683333,61.52154753717013
1354,4463,0.618,0.875,0.15505377565597678,0.44174886847929185,18,20,1,4,16,32,4,10,1.0712371352786458,54.766984903200395
1354,4464,0.817,0.867,0.07598980225005347,0.3824330351847962,18,20,1,4,17,32,4,10,1.1912925753147292,46.70068146389127
1354,4465,0.959,0.858,0.01918319613481656,0.3193918380705253,18,20,1,4,18,32,4,10,1.286796409693468,41.81842343030813
1354,4466,0.998,0.929,0.001228174533406512,0.29444472623559037,18,20,1,4,19,32,4,10,1.3634680047584542,42.94928880131643
1354,4467,1,1,0,0.2928932188134524,18,20,1,4,20,32,4,10,1.4142135623730951,45
1354,4479,0.478,0.914,0.18589797714497447,0.46205377598798814,18,20,1,4,10,33,4,10,1.0314455875129818,62.39151573479608
1354,4480,0.447,0.91,0.2060716600599133,0.4735521482553384,18,20,1,4,11,33,4,10,1.0138584713854297,63.839323437450034
1354,4481,0.434,0.905,0.22304250861144514,0.48319518506693027,18,20,1,4,12,33,4,10,1.003683715121452,64.37957973134726
1354,4482,0.43,0.9,0.231765363119543,0.48827374779071997,18,20,1,4,13,33,4,10,0.9974467404327912,64.46256560936368
1354,4483,0.442,0.895,0.22453644227377112,0.4843636122230992,18,20,1,4,14,33,4,10,0.9981928671354048,63.71731821007426
1354,4484,0.508,0.889,0.19278939674123352,0.4657834022677193,18,20,1,4,15,33,4,10,1.0239067340339159,60.25511870305778
1354,4485,0.653,0.883,0.13416820381525563,0.42807101134988446,18,20,1,4,16,33,4,10,1.0982249314234311,53.516172606885625
1354,4486,0.84,0.875,0.06401317827190611,0.3727528943848891,18,20,1,4,17,33,4,10,1.2129406415814419,46.16913932790742
1354,4487,0.965,0.867,0.015924506199205157,0.3162087645523014,18,20,1,4,18,33,4,10,1.297271752563818,41.937969587371875
1354,4488,0.998,0.934,0.0010041888672845944,0.29423966539516644,18,20,1,4,19,33,4,10,1.366879658199653,43.10269696284594
1354,4489,1,1,0,0.2928932188134524,18,20,1,4,20,33,4,10,1.4142135623730951,45
1354,4502,0.463,0.917,0.18877515826466462,0.4636970388302344,18,20,1,4,10,34,4,10,1.0272575139661915,63.21045627749782
1354,4503,0.443,0.913,0.2050173837246737,0.4729826525023829,18,20,1,4,11,34,4,10,1.014799487583631,64.11670864491747
1354,4504,0.436,0.909,0.21692830746511083,0.4798041360202172,18,20,1,4,12,34,4,10,1.0081552459814906,64.37538957661734
1354,4505,0.435,0.905,0.21982305072099895,0.4815643385687436,18,20,1,4,13,34,4,10,1.004116527102308,64.32812915110999
1354,4506,0.458,0.9,0.2072005800027339,0.4743730917196034,18,20,1,4,14,34,4,10,1.0098336496671123,63.02896249450762
1354,4507,0.537,0.895,0.17286686536298423,0.45367558034476096,18,20,1,4,15,34,4,10,1.0437403891773087,59.03624346792648
1354,4508,0.686,0.889,0.11695009645017573,0.4163956836079489,18,20,1,4,16,34,4,10,1.1229056060061327,52.34429928950268
1354,4509,0.86,0.883,0.0545489124991454,0.3647443767662317,18,20,1,4,17,34,4,10,1.2325944182901365,45.75601058482696
1354,4510,0.97,0.876,0.013383744994239222,0.3136167818560548,18,20,1,4,18,34,4,10,1.3070103289568908,42.08496452707518
1354,4511,0.998,0.938,8.305755825662731e-4,0.29407452313259785,18,20,1,4,19,34,4,10,1.3696160045793857,43.22487253778803
1354,4512,1,1,0,0.2928932188134524,18,20,1,4,20,34,4,10,1.4142135623730951,45
1354,4526,0.454,0.92,0.18947088105507448,0.4640895094633193,18,20,1,4,10,35,4,10,1.0259220243273852,63.73466245977889
1354,4527,0.442,0.917,0.20204107012823957,0.47130673651190513,18,20,1,4,11,35,4,10,1.0179651271040675,64.26562907155461
1354,4528,0.439,0.913,0.20951692470347616,0.47562209058519367,18,20,1,4,12,35,4,10,1.0130597218328248,64.32024360990378
1354,4529,0.443,0.909,0.2076591654088622,0.4746116999352362,18,20,1,4,13,35,4,10,1.0112022547443218,64.01776946706319
1354,4530,0.476,0.905,0.1910925383791633,0.46489930267041923,18,20,1,4,14,35,4,10,1.022546331468653,62.25711754826907
1354,4531,0.566,0.9,0.15550043370189037,0.44283966586746937,18,20,1,4,15,35,4,10,1.0631820164017072,57.83466886979238
1354,4532,0.715,0.895,0.10263877965840607,0.4063469860103014,18,20,1,4,16,35,4,10,1.145534809597683,51.37924816761315
1354,4533,0.877,0.889,0.04693746731116821,0.358017390767999,18,20,1,4,17,35,4,10,1.2487794040582187,45.389319803255134
1354,4534,0.974,0.883,0.011365929526267915,0.3114657283006679,18,20,1,4,18,35,4,10,1.3146729631356993,42.19453504259116
1354,4535,0.999,0.942,6.935654162671945e-4,0.29393862603346277,18,20,1,4,19,35,4,10,1.373085940500448,43.317918024814965
1354,4536,1,1,0,0.2928932188134524,18,20,1,4,20,35,4,10,1.4142135623730951,45
1354,4579,1,1,0,0.2928932188134524,18,20,1,4,10,18,7,10,1.4142135623730951,45
1354,4580,1,1,0,0.2928932188134524,18,20,1,4,11,18,7,10,1.4142135623730951,45
1354,4581,1,1,1.1102230246251565e-16,0.29289321881345254,18,20,1,4,12,18,7,10,1.4142135623730951,45
1354,4582,1,1,0,0.2928932188134524,18,20,1,4,13,18,7,10,1.4142135623730951,45
1354,4583,1,1,0,0.2928932188134524,18,20,1,4,14,18,7,10,1.4142135623730951,45
1354,4584,1,1,0,0.2928932188134524,18,20,1,4,15,18,7,10,1.4142135623730951,45
1354,4585,1,1,0,0.2928932188134524,18,20,1,4,16,18,7,10,1.4142135623730951,45
1354,4586,1,1,0,0.2928932188134524,18,20,1,4,17,18,7,10,1.4142135623730951,45
1354,4587,1,0.901,9.861317404880054e-7,0.293053754168935,18,20,1,4,10,19,7,10,1.3460315746668055,42.01885188710784
1354,4588,1,0.889,2.8519074265487276e-6,0.2931677894398508,18,20,1,4,11,19,7,10,1.3380287739805896,41.63709543013025
1354,4589,1,0.876,9.410552260780136e-6,0.29339580478842875,18,20,1,4,12,19,7,10,1.3294269442131825,41.218359795425336
1354,4590,1,0.857,3.774704185743882e-5,0.2939106675767693,18,20,1,4,13,19,7,10,1.3169848138835922,40.59657583596283
1354,4591,1,0.834,1.969022100011264e-4,0.2952553071964149,18,20,1,4,14,19,7,10,1.3021351696348578,39.82810630428432
1354,4592,0.999,0.8,0.0014207687719430817,0.29942649606053007,18,20,1,4,15,19,7,10,1.2798441311347253,38.687774465176346
1354,4593,0.986,0.751,0.014859496117485493,0.3159426454590891,18,20,1,4,16,19,7,10,1.2394341450839572,37.29519334566463
1354,4594,0.851,0.667,0.1635776985945666,0.4031967625907251,18,20,1,4,17,19,7,10,1.0812446531659705,38.08877288097532
1354,4595,0.324,0.501,0.5394610796010281,0.672040107406912,18,20,1,4,18,19,7,10,0.5966380812519428,57.108984983228986
1354,4596,1,0.8,2.886533536955449e-4,0.297305690946311,18,20,1,4,10,20,7,10,1.2806248474865698,38.659808254090095
1354,4597,0.999,0.778,6.764932021672276e-4,0.29971455507067624,18,20,1,4,11,20,7,10,1.266208908513915,37.910701733027835
1354,4598,0.998,0.75,0.0017336036196824445,0.30396253619798386,18,20,1,4,12,20,7,10,1.2484005767380917,36.92497207250216
1354,4599,0.993,0.715,0.004991493709257555,0.3120940529960341,18,20,1,4,13,20,7,10,1.2236314804711426,35.75540723797567
1354,4600,0.978,0.667,0.016304749566121823,0.3289579204129869,18,20,1,4,14,20,7,10,1.183796012833292,34.29414778450639
1354,4601,0.927,0.6,0.058972073106645095,0.3670326792362667,18,20,1,4,15,20,7,10,1.1042323125139928,32.912930535918164
1354,4602,0.759,0.5,0.2157443763052751,0.46088760435501086,18,20,1,4,16,20,7,10,0.9088899823410973,33.375354782818484
1354,4603,0.322,0.334,0.6656289534621251,0.7060718258657214,18,20,1,4,17,20,7,10,0.4639396512478752,46.04797664600648
1354,4604,0.394,0,0.535625515546632,0.6872100036831515,18,20,1,4,18,20,7,10,0.394,0
1354,4605,0.911,0.501,0.050227371870457116,0.36526162491300884,18,20,1,4,19,20,7,10,1.0396739873633465,28.80837935759195
1354,4606,0.994,0.818,0.004289368331897636,0.31350856079980394,18,20,1,4,10,21,7,10,1.2873072671277825,39.45224969767828
1354,4607,0.986,0.8,0.008550164476980537,0.3224403177761854,18,20,1,4,11,21,7,10,1.269722804394723,39.05445928855698
1354,4608,0.971,0.778,0.018044312058229428,0.33677726771554084,18,20,1,4,12,21,7,10,1.2442367138129304,38.702958073606304
1354,4609,0.934,0.75,0.04055380930347319,0.36105872139918804,18,20,1,4,13,21,7,10,1.1978547491244504,38.76438974331501
1354,4610,0.851,0.714,0.09588172547913221,0.4039848411517766,18,20,1,4,14,21,7,10,1.1108541758484773,39.99708462590232
1354,4611,0.671,0.667,0.22902546957960557,0.48269311463545117,18,20,1,4,15,21,7,10,0.94611310106139,44.82871267915222
1354,4612,0.335,0.6,0.5139665162567314,0.6284458934444995,18,20,1,4,16,21,7,10,0.6871862920635131,60.82392093202147
1354,4613,0.204,0.501,0.7727465253164312,0.8201017380016316,18,20,1,4,17,21,7,10,0.5409408470433712,67.84455312766494
1354,4614,0.699,0.334,0.28635997027949145,0.5238400349453882,18,20,1,4,18,21,7,10,0.7746980056770508,25.539658835952263
1354,4615,0.975,0.667,0.021686710941370202,0.31861253024801084,18,20,1,4,19,21,7,10,1.1813187546128268,34.376131179249356
1354,4616,1,1,0,0.2928932188134524,18,20,1,4,20,21,7,10,1.4142135623730951,45
1354,4617,0.963,0.834,0.020498964997121893,0.3421583173065116,18,20,1,4,10,22,7,10,1.2739407364551931,40.89399084473965
1354,4618,0.933,0.819,0.0360238886746842,0.35950013580726137,18,20,1,4,11,22,7,10,1.2414709017935137,41.277098186411976
1354,4619,0.876,0.8,0.06546521513587034,0.38530662884942646,18,20,1,4,12,22,7,10,1.186328790850159,42.40364065332885
1354,4620,0.774,0.778,0.12268028441744983,0.4249110702761143,18,20,1,4,13,22,7,10,1.0974333692757843,45.147669207860126
1354,4621,0.6,0.75,0.23130612190604516,0.4864539807763075,18,20,1,4,14,22,7,10,0.9604686356149273,51.34019174590991
1354,4622,0.37,0.715,0.41673656352800004,0.5802251420252666,18,20,1,4,15,22,7,10,0.8050621094052309,62.639225270182735
1354,4623,0.264,0.667,0.6190720262390722,0.6976166222038844,18,20,1,4,16,22,7,10,0.7173458022460297,68.40623674749752
1354,4624,0.441,0.6,0.5064192498699307,0.6694789478262557,18,20,1,4,17,22,7,10,0.7446348098229091,53.68411357605482
1354,4625,0.838,0.5,0.14813190916667707,0.4162971655883827,18,20,1,4,18,22,7,10,0.9758299032105954,30.822783018100026
1354,4626,0.99,0.751,0.009017254178056988,0.30163244948872825,18,20,1,4,19,22,7,10,1.2426186060091005,37.183439744276995
1354,4627,1,1,0,0.2928932188134524,18,20,1,4,20,22,7,10,1.4142135623730951,45
1354,4629,0.887,0.847,0.054785611066025086,0.37732855392584286,18,20,1,4,10,23,7,10,1.2264493466914972,43.678532416897454
1354,4630,0.817,0.833,0.08680208580965865,0.40178344291686485,18,20,1,4,11,23,7,10,1.1667810420125961,45.55557802424587
1354,4631,0.711,0.819,0.1396364740331626,0.4357684542673613,18,20,1,4,12,23,7,10,1.0845653507281154,49.03771062097712
1354,4632,0.563,0.8,0.2247318410301441,0.48327249211518286,18,20,1,4,13,23,7,10,0.9782479235858362,54.86403291517173
1354,4633,0.404,0.778,0.34933702233195396,0.5475469669653998,18,20,1,4,14,23,7,10,0.8766413177577247,62.55804108149136
1354,4634,0.323,0.75,0.4867339482180917,0.6225754618833759,18,20,1,4,15,23,7,10,0.8165959833357007,66.7000663576521
1354,4635,0.34,0.715,0.5187213689391261,0.6562857245648084,18,20,1,4,16,23,7,10,0.791722805027113,64.56776858128949
1354,4636,0.618,0.667,0.3117058015730021,0.5420476689380256,18,20,1,4,17,23,7,10,0.9092925821758363,47.18376156916181
1354,4637,0.908,0.6,0.07736592964582512,0.3612026019491784,18,20,1,4,18,23,7,10,1.0883308320542977,33.45644688586852
1354,4638,0.996,0.8,0.0038437754638074306,0.29647656752581397,18,20,1,4,19,23,7,10,1.2775038160412673,38.77187809554532
1354,4639,1,1,0,0.2928932188134524,18,20,1,4,20,23,7,10,1.4142135623730951,45
1354,4642,0.767,0.857,0.10276013077819468,0.41256703278600304,18,20,1,4,10,24,7,10,1.1501034736057447,48.17201403922066
1354,4643,0.668,0.846,0.14877514003138248,0.4410875612878088,18,20,1,4,11,24,7,10,1.0779332075782804,51.70544531703869
1354,4644,0.546,0.833,0.21464789006332674,0.4779676149432396,18,20,1,4,12,24,7,10,0.9959944778963385,56.75667413803559
1354,4645,0.429,0.819,0.3023204931494594,0.5242006440670214,18,20,1,4,13,24,7,10,0.9245550281081164,62.35402463626132
1354,4646,0.361,0.8,0.39818814017722926,0.5757302734338354,18,20,1,4,14,24,7,10,0.877679326405721,65.71272352832858
1354,4647,0.348,0.778,0.45387810812867524,0.6118303206574631,18,20,1,4,15,24,7,10,0.8522839902286092,65.90099524965355
1354,4648,0.455,0.75,0.38590825055759026,0.5818387782186843,18,20,1,4,16,24,7,10,0.8772257406164049,58.756207674754314
1354,4649,0.738,0.714,0.1896581996256549,0.45939524851182356,18,20,1,4,17,24,7,10,1.0268592892894333,44.05304855322653
1354,4650,0.945,0.667,0.04145529863601949,0.3328914861132468,18,20,1,4,18,24,7,10,1.1566823245818187,35.21521248792847
1354,4651,0.998,0.834,0.001675795795247792,0.2945822367321972,18,20,1,4,19,24,7,10,1.30059986160233,39.88453746411934
1354,4652,1,1,0,0.2928932188134524,18,20,1,4,20,24,7,10,1.4142135623730951,45
1354,4656,0.638,0.867,0.15283899109567212,0.4433141153705028,18,20,1,4,10,25,7,10,1.0764446107440921,53.65173290571513
1354,4657,0.538,0.857,0.20432846377764047,0.4723805750446579,18,20,1,4,11,25,7,10,1.0118759805430704,57.880577574106525
1354,4658,0.446,0.847,0.26831731857333196,0.5068226446187267,18,20,1,4,12,25,7,10,0.95724866152949,62.230308563774365
1354,4659,0.389,0.834,0.337521702956152,0.544059999416054,18,20,1,4,13,25,7,10,0.9202592026163063,64.99439040139298
1354,4660,0.371,0.819,0.38899586001168773,0.5741167042946902,18,20,1,4,14,25,7,10,0.8991117839290063,65.62987994612618
1354,4661,0.398,0.8,0.37997156300537793,0.5736182998107597,18,20,1,4,15,25,7,10,0.8935345544521488,63.549654934965815
1354,4662,0.567,0.778,0.2732329340496066,0.5148155326311366,18,20,1,4,16,25,7,10,0.9626905006283173,53.91574217248457
1354,4663,0.819,0.75,0.11629514153614562,0.40688065569573806,18,20,1,4,17,25,7,10,1.1105228498324562,42.481922795833796
1354,4664,0.966,0.715,0.022803207998549957,0.3175977033000118,18,20,1,4,18,25,7,10,1.201824030380488,36.50757270012447
1354,4665,0.999,0.857,7.710700118942482e-4,0.29378592368012657,18,20,1,4,19,25,7,10,1.3162256645423687,40.624902299009705
1354,4666,1,1,0,0.2928932188134524,18,20,1,4,20,25,7,10,1.4142135623730951,45
1354,4671,0.535,0.875,0.19470776577696935,0.46706290103438564,18,20,1,4,10,26,7,10,1.0255973868921469,58.55719292953564
1354,4672,0.459,0.867,0.24294467265452369,0.4934933914727717,18,20,1,4,11,26,7,10,0.9810045871452385,62.10272896905237
1354,4673,0.409,0.857,0.29430999891519927,0.5213680501285864,18,20,1,4,12,26,7,10,0.9495946503640382,64.48736714249199
1354,4674,0.391,0.847,0.3369265518089538,0.5453752826458658,18,20,1,4,13,26,7,10,0.9328933486738985,65.22056986169844
1354,4675,0.392,0.833,0.3482319867135253,0.5537697488142932,18,20,1,4,14,26,7,10,0.9206264171747409,64.79887635452492
1354,4676,0.469,0.819,0.3005971845695238,0.5293406563924894,18,20,1,4,15,26,7,10,0.9437806948650729,60.20240870917614
1354,4677,0.662,0.8,0.19007079049570608,0.4628397766879869,18,20,1,4,16,26,7,10,1.0383852849496666,50.39224339011376
1354,4678,0.873,0.778,0.07276977342320423,0.3732451525637511,18,20,1,4,17,26,7,10,1.1693643572471328,41.7067815402116
1354,4679,0.979,0.75,0.013043421142742595,0.3089806631984563,18,20,1,4,18,26,7,10,1.233264367441142,37.45528663539505
1354,4680,0.999,0.876,3.765814663788669e-4,0.2934138316541647,18,20,1,4,19,26,7,10,1.3286749038045387,41.24677452634258
1354,4681,1,1,0,0.2928932188134524,18,20,1,4,20,26,7,10,1.4142135623730951,45
1354,4687,0.469,0.883,0.22337915684885667,0.48296429621985293,18,20,1,4,10,27,7,10,0.9998249846848197,62.02527007971237
1354,4688,0.425,0.876,0.2625326998451516,0.504447542631362,18,20,1,4,11,27,7,10,0.9736534291009301,64.11920212814425
1354,4689,0.406,0.867,0.29681232979446937,0.5235575217425059,18,20,1,4,12,27,7,10,0.9573531218939018,64.90717980608856
1354,4690,0.401,0.857,0.31384519085115603,0.5339532269516475,18,20,1,4,13,27,7,10,0.9461765163012661,64.92457426846488
1354,4691,0.43,0.846,0.29627790050785974,0.5256244283473468,18,20,1,4,14,27,7,10,0.949007903022941,63.05694256700857
1354,4692,0.546,0.833,0.23145781373406094,0.4889532254736839,18,20,1,4,15,27,7,10,0.9959944778963385,56.75667413803559
1354,4693,0.739,0.819,0.13261903676511722,0.4244824606789426,18,20,1,4,16,27,7,10,1.1031237464582113,47.93943535702363
1354,4694,0.91,0.8,0.04681658921590526,0.3513940136154693,18,20,1,4,17,27,7,10,1.2116517651536682,41.31937782696955
1354,4695,0.986,0.778,0.007790484964337874,0.30392209366064127,18,20,1,4,18,27,7,10,1.2559777068085245,38.2750873395419
1354,4696,1,0.889,1.976052959667962e-4,0.29322302707509296,18,20,1,4,19,27,7,10,1.3380287739805896,41.63709543013025
1354,4697,1,1,0,0.2928932188134524,18,20,1,4,20,27,7,10,1.4142135623730951,45
1354,4704,0.438,0.889,0.23844881349885516,0.49141402880496843,18,20,1,4,10,28,7,10,0.9910423805266857,63.771066417345686
1354,4705,0.418,0.883,0.26599909029920177,0.5067745409686358,18,20,1,4,11,28,7,10,0.9769406327919828,64.66777210284157
1354,4706,0.412,0.875,0.2833844754239422,0.5168749385259455,18,20,1,4,12,28,7,10,0.9671447668265595,64.78626377875307
1354,4707,0.42,0.867,0.2800715352127354,0.5158487984230531,18,20,1,4,13,28,7,10,0.9633737592440433,64.15310343425222
1354,4708,0.48,0.857,0.24518758542015306,0.496715254806701,18,20,1,4,14,28,7,10,0.9822672752362261,60.74710219218519
1354,4709,0.618,0.847,0.17689102503946663,0.455433633003303,18,20,1,4,15,28,7,10,1.0484908201791754,53.88423827260907
1354,4710,0.798,0.834,0.09396609939018785,0.3966146184703545,18,20,1,4,16,28,7,10,1.1542789957371657,46.26367255165827
1354,4711,0.936,0.818,0.031206157821503377,0.33690517355132077,18,20,1,4,17,28,7,10,1.2430687832939897,41.1512372453144
1354,4712,0.991,0.8,0.0048820227520689485,0.30081858125745964,18,20,1,4,18,28,7,10,1.2736094377791018,38.912737090874955
1354,4713,1,0.901,1.1155650870287026e-4,0.29311674618603234,18,20,1,4,19,28,7,10,1.3460315746668055,42.01885188710784
1354,4714,1,1,1.1102230246251565e-16,0.29289321881345254,18,20,1,4,20,28,7,10,1.4142135623730951,45
1354,4722,0.428,0.895,0.24203904099659246,0.49362490719131047,18,20,1,4,10,29,7,10,0.9920730819853949,64.44230011024962
1354,4723,0.421,0.889,0.25802458795990724,0.5027518297062097,18,20,1,4,11,29,7,10,0.9836472945116049,64.65936523593865
1354,4724,0.421,0.883,0.26115327330895055,0.5049448375813386,18,20,1,4,12,29,7,10,0.9782279897856123,64.50895513917698
1354,4725,0.45,0.876,0.24372838274014308,0.49556146832800563,18,20,1,4,13,29,7,10,0.9848228267053927,62.810496387922036
1354,4726,0.537,0.867,0.20055383950429562,0.47039765968408154,18,20,1,4,14,29,7,10,1.019832339161688,58.22687156396535
1354,4727,0.683,0.858,0.13580499678417046,0.4287029153510574,18,20,1,4,15,29,7,10,1.096655369749312,51.478902419333856
1354,4728,0.844,0.847,0.06802084168034783,0.376312359386205,18,20,1,4,16,29,7,10,1.1957194487002376,45.101648230754265
1354,4729,0.953,0.834,0.02156132648708109,0.3270310154319772,18,20,1,4,17,29,7,10,1.266398436511985,41.190181277684665
1354,4730,0.994,0.819,0.0031938755976700373,0.29882176649795766,18,20,1,4,18,29,7,10,1.287942933518407,39.486599971332446
1354,4731,1,0.909,6.686210041706442e-5,0.2930528443242637,18,20,1,4,19,29,7,10,1.35139964481274,42.270837050918736
1354,4732,1,1,0,0.2928932188134524,18,20,1,4,20,29,7,10,1.4142135623730951,45
1354,4741,0.429,0.9,0.23724728128251804,0.4911671783878224,18,20,1,4,10,30,7,10,0.9970160480152764,64.5144185435735
1354,4742,0.427,0.895,0.2431055321643223,0.49468276364666075,18,20,1,4,11,30,7,10,0.9916420725241543,64.49442523618407
1354,4743,0.439,0.889,0.23545729458241071,0.49063811057192286,18,20,1,4,12,30,7,10,0.9914847452179989,63.719228661823664
1354,4744,0.489,0.883,0.20942402768590374,0.47571870351740086,18,20,1,4,13,30,7,10,1.0093611841159735,61.02258416380868
1354,4745,0.593,0.875,0.1637930724476382,0.44773610690230614,18,20,1,4,14,30,7,10,1.0570118258562673,55.873945715787094
1354,4746,0.738,0.867,0.10540776335325852,0.4076463003358244,18,20,1,4,15,30,7,10,1.1385662036087316,49.59520339974116
1354,4747,0.878,0.858,0.05043599465812265,0.36130579709344735,18,20,1,4,16,30,7,10,1.227618833351786,44.33993957593851
1354,4748,0.966,0.847,0.015370786692461502,0.3200790425190533,18,20,1,4,17,30,7,10,1.284743164994467,41.244659926799464
1354,4749,0.996,0.834,0.0021729673796083704,0.29747302442836976,18,20,1,4,18,30,7,10,1.299065818193982,39.94110195601155
1354,4750,1,0.917,4.18421389341006e-5,0.29301168292396207,18,20,1,4,19,30,7,10,1.3567936468011634,42.52082345847564
1354,4751,1,1,0,0.2928932188134524,18,20,1,4,20,30,7,10,1.4142135623730951,45
1354,4761,0.433,0.905,0.22703301469745762,0.48557388235789023,18,20,1,4,10,31,7,10,1.0032517131806953,64.43107466255793
1354,4762,0.436,0.9,0.22476977602820825,0.4844421248807943,18,20,1,4,11,31,7,10,1.0000479988480553,64.15238977940375
1354,4763,0.464,0.895,0.20964849967016264,0.4758278785256871,18,20,1,4,12,31,7,10,1.0081274720986428,62.59616193405021
1354,4764,0.532,0.889,0.17907924045504042,0.4575341477337579,18,20,1,4,13,31,7,10,1.0360236483787424,59.102634839733504
1354,4765,0.646,0.883,0.13431587284654067,0.428676287835011,18,20,1,4,14,31,7,10,1.0940772367616465,53.81091595366307
1354,4766,0.784,0.875,0.08292906168263348,0.39100690381588565,18,20,1,4,15,31,7,10,1.1748536079018526,48.139660147820265
1354,4767,0.905,0.867,0.03823235191790397,0.3499764429661596,18,20,1,4,16,31,7,10,1.253281293245854,43.77149776472906
1354,4768,0.975,0.858,0.011255116109550545,0.31501386033872636,18,20,1,4,17,31,7,10,1.2987644128170435,41.34777721969367
1354,4769,0.997,0.847,0.001522701217845479,0.2965193994824723,18,20,1,4,18,31,7,10,1.3082117565593119,40.34951976993447
1354,4770,1,0.923,2.7140282039206376e-5,0.29298359208488234,18,20,1,4,19,31,7,10,1.3608559806239602,42.707010169212275
1354,4771,1,1,0,0.2928932188134524,18,20,1,4,20,31,7,10,1.4142135623730951,45
1354,4782,0.438,0.909,0.21377397024646494,0.478107069813259,18,20,1,4,10,32,7,10,1.0090218035305283,64.2729922124953
1354,4783,0.452,0.905,0.20541152599056733,0.473338758885231,18,20,1,4,11,32,7,10,1.0115972518744798,63.460278520437676
1354,4784,0.495,0.9,0.18550436435902073,0.4615512297841018,18,20,1,4,12,32,7,10,1.0271440989461995,61.189206257026946
1354,4785,0.577,0.895,0.15314413075444244,0.44138261624468145,18,20,1,4,13,32,7,10,1.0648727623523855,57.19041824693499
1354,4786,0.695,0.889,0.11086021473328456,0.412742545787502,18,20,1,4,14,32,7,10,1.1284263378705763,51.98251198361327
1354,4787,0.823,0.883,0.06615776076431368,0.37770601921287206,18,20,1,4,15,32,7,10,1.2070700062548154,47.014261668602096
1354,4788,0.925,0.875,0.029540689300411094,0.34121657281694906,18,20,1,4,16,32,7,10,1.2732831578246844,43.40885972880541
1354,4789,0.981,0.867,0.008419030242959313,0.31119952745169743,18,20,1,4,17,32,7,10,1.3092173234417577,41.469993312107306
1354,4790,0.998,0.858,0.0010894942396452167,0.295817483723289,18,20,1,4,18,32,7,10,1.3161185356950187,40.68628914597143
1354,4791,1,0.929,1.7955767940724954e-5,0.29296352544018545,18,20,1,4,19,32,7,10,1.3649325990685401,42.8920866639288
1354,4792,1,1,0,0.2928932188134524,18,20,1,4,20,32,7,10,1.4142135623730951,45
1354,4804,0.448,0.914,0.19915487035384427,0.4696876223720565,18,20,1,4,10,33,7,10,1.0178899744078433,63.888069442545984
1354,4805,0.474,0.91,0.18644874573901038,0.4621814418100414,18,20,1,4,11,33,7,10,1.0260487317861662,62.4859337788322
1354,4806,0.531,0.905,0.16375077719401077,0.44828382283212986,18,20,1,4,12,33,7,10,1.0492787999383195,59.59813241256397
1354,4807,0.622,0.9,0.13126291877099838,0.4272216964712804,18,20,1,4,13,33,7,10,1.0940219376228248,55.35121834632644
1354,4808,0.738,0.895,0.09220933907438356,0.3993742538689109,18,20,1,4,14,33,7,10,1.1600297409980487,50.491656002740555
1354,4809,0.854,0.889,0.05341245790994387,0.36690721172219687,18,20,1,4,15,33,7,10,1.2327355758636966,46.15036306132966
1354,4810,0.941,0.883,0.023164739756435626,0.33427853731074675,18,20,1,4,16,33,7,10,1.2904146620369747,43.178708418196166
1354,4811,0.986,0.875,0.006395945755259258,0.3082395767232058,18,20,1,4,17,33,7,10,1.318264389263398,41.58661701282363
1354,4812,0.998,0.867,7.908331004554681e-4,0.29528314497020336,18,20,1,4,18,33,7,10,1.3220034039290518,40.98206998267248
1354,4813,1,0.934,1.2087943702665527e-5,0.2929486852080254,18,20,1,4,19,33,7,10,1.3683406008739198,43.045473375173806
1354,4814,1,1,0,0.2928932188134524,18,20,1,4,20,33,7,10,1.4142135623730951,45
1354,4827,0.463,0.917,0.18426454191375374,0.4609277369891952,18,20,1,4,10,34,7,10,1.0272575139661915,63.21045627749782
1354,4828,0.5,0.913,0.16860824887970172,0.4514148440024245,18,20,1,4,11,34,7,10,1.0409462041815611,61.292898000684595
1354,4829,0.568,0.909,0.14451513395736926,0.4361743105237257,18,20,1,4,12,34,7,10,1.0718698615037183,58.000282909334054
1354,4830,0.664,0.905,0.11288613270295333,0.41483823382107543,18,20,1,4,13,34,7,10,1.1224620260837335,53.732441351970934
1354,4831,0.775,0.9,0.07725350428148214,0.38805994187100246,18,20,1,4,14,34,7,10,1.1876973520219702,49.267893300290815
1354,4832,0.88,0.895,0.043566064637393986,0.3579896484774211,18,20,1,4,15,34,7,10,1.255159352432989,45.48417816048096
1354,4833,0.953,0.889,0.018372291236500637,0.32865753178223533,18,20,1,4,16,34,7,10,1.3032766398581692,43.010067655195186
1354,4834,0.989,0.883,0.004911603717878021,0.3058819888609362,18,20,1,4,17,34,7,10,1.3258242719153999,41.75914842334036
1354,4835,0.999,0.876,5.799894499816105e-4,0.2948652941171822,18,20,1,4,18,34,7,10,1.3286749038045387,41.24677452634258
1354,4836,1,0.938,8.246721184712591e-6,0.29293743015956086,18,20,1,4,19,34,7,10,1.3710740315533658,43.16763304046667
1354,4837,1,1,0,0.2928932188134524,18,20,1,4,20,34,7,10,1.4142135623730951,45
1354,4851,0.482,0.92,0.16974565965261834,0.45220262036076664,18,20,1,4,10,35,7,10,1.0386163873153553,62.34937060495704
1354,4852,0.53,0.917,0.15219792182153125,0.44124838110118847,18,20,1,4,11,35,7,10,1.0591454102246773,59.973305453980934
1354,4853,0.605,0.913,0.12763269083914786,0.42520198087295047,18,20,1,4,12,35,7,10,1.0952597865346834,56.46953033286691
1354,4854,0.702,0.909,0.09745431680409267,0.40397356352620684,18,20,1,4,13,35,7,10,1.1485142576389724,52.321908286973716
1354,4855,0.808,0.905,0.06511107232206237,0.3783763597249339,18,20,1,4,14,35,7,10,1.2132143256655026,48.240958437944556
1354,4856,0.901,0.9,0.03581909439108044,0.35050085572236456,18,20,1,4,15,35,7,10,1.2734995092264465,44.9681866887146
1354,4857,0.963,0.895,0.014696173402449553,0.3240102365576162,18,20,1,4,16,35,7,10,1.3146839924483753,42.90399631084142
1354,4858,0.992,0.889,0.0038016064790824533,0.30396316779943355,18,20,1,4,17,35,7,10,1.3320604340644608,41.865721710792045
1354,4859,0.999,0.883,4.282801994750507e-4,0.29453179363513216,18,20,1,4,18,35,7,10,1.3333004162603415,41.4729474134098
1354,4860,1,0.942,5.6799052330358535e-6,0.2929287414101007,18,20,1,4,19,35,7,10,1.3738136700440857,43.289306039103366
1354,4861,1,1,1.1102230246251565e-16,0.29289321881345254,18,20,1,4,20,35,7,10,1.4142135623730951,45
1354,4904,1,1,1.1102230246251565e-16,0.29289321881345254,18,20,1,4,10,18,10,10,1.4142135623730951,45
1354,4905,1,1,0,0.2928932188134524,18,20,1,4,11,18,10,10,1.4142135623730951,45
1354,4906,1,1,0,0.2928932188134524,18,20,1,4,12,18,10,10,1.4142135623730951,45
1354,4907,1,1,0,0.2928932188134524,18,20,1,4,13,18,10,10,1.4142135623730951,45
1354,4908,1,1,0,0.2928932188134524,18,20,1,4,14,18,10,10,1.4142135623730951,45
1354,4909,1,1,0,0.2928932188134524,18,20,1,4,15,18,10,10,1.4142135623730951,45
1354,4910,1,1,0,0.2928932188134524,18,20,1,4,16,18,10,10,1.4142135623730951,45
1354,4911,1,1,0,0.2928932188134524,18,20,1,4,17,18,10,10,1.4142135623730951,45
1354,4912,1,0.901,6.683463115386701e-6,0.29331856210371055,18,20,1,4,10,19,10,10,1.3460315746668055,42.01885188710784
1354,4913,1,0.889,1.8795428928797264e-5,0.2936124581533682,18,20,1,4,11,19,10,10,1.3380287739805896,41.63709543013025
1354,4914,1,0.876,6.080544460418391e-5,0.2942013973671691,18,20,1,4,12,19,10,10,1.3294269442131825,41.218359795425336
1354,4915,1,0.857,2.35785544251077e-4,0.29551045946028887,18,20,1,4,13,19,10,10,1.3169848138835922,40.59657583596283
1354,4916,0.999,0.834,0.0011343517901810651,0.29877903389757554,18,20,1,4,14,19,10,10,1.3013673578202274,39.85630524032165
1354,4917,0.993,0.8,0.006979594175217763,0.30829867453768645,18,20,1,4,15,19,10,10,1.2751662636691734,38.856290255030515
1354,4918,0.952,0.751,0.051079147762451704,0.3416342910642366,18,20,1,4,16,19,10,10,1.2125613386546676,38.26869167161008
1354,4919,0.715,0.667,0.29623629478646674,0.4801073677084762,18,20,1,4,17,19,10,10,0.9778108201487647,43.010787023278695
1354,4920,0.338,0.501,0.4986679007886271,0.6502670678784842,18,20,1,4,18,19,10,10,0.6043550281084786,55.99440131130811
1354,4921,0.998,0.8,0.0014635429772922315,0.30312570211458967,18,20,1,4,10,20,10,10,1.2790637200702708,38.71577480968507
1354,4922,0.995,0.778,0.0032714618198419476,0.3084366425043594,18,20,1,4,11,20,10,10,1.2630554223786066,38.02219142676163
1354,4923,0.988,0.75,0.007907759428462113,0.3176409338913154,18,20,1,4,12,20,10,10,1.2404208963089909,37.20247179889837
1354,4924,0.971,0.715,0.020712936022549533,0.33450445848351384,18,20,1,4,13,20,10,10,1.2058465905744395,36.36623234577625
1354,4925,0.923,0.667,0.0577981538226483,0.36715395212516566,18,20,1,4,14,20,10,10,1.1387791708667665,35.853514945432934
1354,4926,0.802,0.6,0.16383828790223698,0.43400715314230953,18,20,1,4,15,20,10,10,1.0016007188495823,36.80125257543796
1354,4927,0.528,0.5,0.4306618966279495,0.576332558960896,18,20,1,4,16,20,10,10,0.7271753571182126,43.43980031307133
1354,4928,0.099,0.334,0.8986705382914808,0.85697415218343,18,20,1,4,17,20,10,10,0.3483633160939883,73.48979806989486
1354,4929,0.564,0,0.3714348589762424,0.5865316035123544,18,20,1,4,18,20,10,10,0.564,0
1354,4930,0.939,0.501,0.03467988517951215,0.3484365595558596,18,20,1,4,19,20,10,10,1.0642941322773511,28.081987147921936
1354,4931,0.971,0.818,0.01694639542536014,0.3356352487676276,18,20,1,4,10,21,10,10,1.269631836399828,40.11180822392193
1354,4932,0.945,0.8,0.03166473783379842,0.352826473311031,18,20,1,4,11,21,10,10,1.238153867659428,40.249945166859575
1354,4933,0.895,0.778,0.06136453635700512,0.37949141808054465,18,20,1,4,12,21,10,10,1.18587899888648,40.99957591321994
1354,4934,0.801,0.75,0.12196813182327904,0.42194460926861344,18,20,1,4,13,21,10,10,1.0973153603226375,43.11667808348586
1354,4935,0.632,0.714,0.24224584537121652,0.4907298131270782,18,20,1,4,14,21,10,10,0.9535302826863968,48.486221742134944
1354,4936,0.362,0.667,0.4612111041840268,0.6016008143777649,18,20,1,4,15,21,10,10,0.7589024970310745,61.51004868407362
1354,4937,0.202,0.6,0.7296046716240882,0.7554237735795446,18,20,1,4,16,21,10,10,0.6330908307660126,71.39333606827701
1354,4938,0.447,0.501,0.5394796991131466,0.7080449650851857,18,20,1,4,17,21,10,10,0.6714238601658419,48.260160637874876
1354,4939,0.836,0.334,0.15234514756289796,0.42575286647595245,18,20,1,4,18,21,10,10,0.9002510760893319,21.777772614956316
1354,4940,0.989,0.667,0.00941657860353251,0.30424652328727697,18,20,1,4,19,21,10,10,1.1928998281498746,33.996459148250494
1354,4941,1,1,0,0.2928932188134524,18,20,1,4,20,21,10,10,1.4142135623730951,45
1354,4942,0.869,0.834,0.06550333972457811,0.38561434673744766,18,20,1,4,10,22,10,10,1.2044571391294918,43.822624772743964
1354,4943,0.788,0.819,0.10665329575827132,0.41494607677019135,18,20,1,4,11,22,10,10,1.1365320057085941,46.10513310123692
1354,4944,0.666,0.8,0.1752369340018357,0.45627218732698027,18,20,1,4,12,22,10,10,1.0409399598439866,50.22261871087867
1354,4945,0.499,0.778,0.284812045561057,0.5142156993937201,18,20,1,4,13,22,10,10,0.9242753918611055,57.32436757445208
1354,4946,0.34,0.75,0.4387846242295248,0.5919164640402588,18,20,1,4,14,22,10,10,0.8234682750416072,65.61362889819861
1354,4947,0.286,0.715,0.5796141658656269,0.6760727921457037,18,20,1,4,15,22,10,10,0.7700785674202341,68.19859051364818
1354,4948,0.378,0.667,0.5373561595952128,0.6801400974104769,18,20,1,4,16,22,10,10,0.7666635507183057,60.459050401226975
1354,4949,0.699,0.6,0.26810070833472166,0.5157028646365195,18,20,1,4,17,22,10,10,0.921195419007281,40.641772052267726
1354,4950,0.933,0.5,0.059711244740888514,0.3466950853941494,18,20,1,4,18,22,10,10,1.058531529998044,28.187110181796363
1354,4951,0.997,0.751,0.0023622266466605257,0.2952363874016244,18,20,1,4,19,22,10,10,1.2482027078964377,36.989244554417425
1354,4952,1,1,0,0.2928932188134524,18,20,1,4,20,22,10,10,1.4142135623730951,45
1354,4954,0.686,0.847,0.1439090500117639,0.4383569579551786,18,20,1,4,10,23,10,10,1.0899564211471944,50.99538680407546
1354,4955,0.57,0.833,0.2076138989015558,0.47417149215049614,18,20,1,4,11,23,10,10,1.0093507814432008,55.61718956287555
1354,4956,0.447,0.819,0.2940760700964975,0.5194374230134562,18,20,1,4,12,23,10,10,0.9330434073503762,61.37483779919888
1354,4957,0.361,0.8,0.3962254201319073,0.5727933478085401,18,20,1,4,13,23,10,10,0.877679326405721,65.71272352832858
1354,4958,0.333,0.778,0.4802085791930374,0.6226372823469465,18,20,1,4,14,23,10,10,0.8462700514611161,66.82807935852017
1354,4959,0.368,0.75,0.4753416732546101,0.6316414945922489,18,20,1,4,15,23,10,10,0.8354184580196921,63.86435240697452
1354,4960,0.575,0.715,0.3279918120956825,0.5520174850201209,18,20,1,4,16,23,10,10,0.9175238416520848,51.193904967150985
1354,4961,0.836,0.667,0.12951197626723454,0.412806766118725,18,20,1,4,17,23,10,10,1.069478845045567,38.584507185351185
1354,4962,0.972,0.6,0.023480444592787086,0.3160768135338956,18,20,1,4,18,23,10,10,1.1422714213355774,31.686367687856603
1354,4963,0.999,0.8,5.975475707294953e-4,0.29354551334298784,18,20,1,4,19,23,10,10,1.2798441311347253,38.687774465176346
1354,4964,1,1,1.1102230246251565e-16,0.29289321881345254,18,20,1,4,20,23,10,10,1.4142135623730951,45
1354,4967,0.516,0.857,0.2219119249136159,0.4818993171048378,18,20,1,4,10,24,10,10,1.0003524378937656,58.94783928373146
1354,4968,0.432,0.846,0.28685417026531135,0.5163397576526005,18,20,1,4,11,24,10,10,0.9499157857410307,62.949402992913875
1354,4969,0.38,0.833,0.35598304962973504,0.553365731352317,18,20,1,4,12,24,10,10,0.9155812361554817,65.47835958584595
1354,4970,0.363,0.819,0.4097587773997876,0.5848770634579452,18,20,1,4,13,24,10,10,0.895840387569125,66.09595620696606
1354,4971,0.378,0.8,0.41373500831007815,0.5923704580775153,18,20,1,4,14,24,10,10,0.8848073236586597,64.7092656078518
1354,4972,0.501,0.778,0.3343264770229962,0.5516422489000318,18,20,1,4,15,24,10,10,0.9253566879857734,57.220130573875224
1354,4973,0.723,0.75,0.18823432959816588,0.46072914596993597,18,20,1,4,16,24,10,10,1.041743250518092,46.05011054053864
1354,4974,0.91,0.714,0.06290627384638658,0.35984530095988787,18,20,1,4,17,24,10,10,1.1566745436811514,38.118276369363045
1354,4975,0.987,0.667,0.009385226883415032,0.30372412977784924,18,20,1,4,18,24,10,10,1.191242208788792,34.05024579585459
1354,4976,1,0.834,1.5477906100291872e-4,0.2931175061631328,18,20,1,4,19,24,10,10,1.3021351696348578,39.82810630428432
1354,4977,1,1,1.1102230246251565e-16,0.29289321881345254,18,20,1,4,20,24,10,10,1.4142135623730951,45
1354,4981,0.429,0.867,0.2735737135516979,0.5098475821336391,18,20,1,4,10,25,10,10,0.9673313806550473,63.673348748842294
1354,4982,0.396,0.857,0.3215655579110118,0.5359876531732976,18,20,1,4,11,25,10,10,0.9440683237986539,65.19942666838787
1354,4983,0.384,0.847,0.35746764926529884,0.5568310140401783,18,20,1,4,12,25,10,10,0.9299811826053256,65.61213255368757
1354,4984,0.391,0.834,0.3625784434070378,0.5622561591911273,18,20,1,4,13,25,10,10,0.9211063999343398,64.88164496029411
1354,4985,0.465,0.819,0.31714954804028295,0.5392838497816763,18,20,1,4,14,25,10,10,0.9417993416859028,60.413581537504044
1354,4986,0.629,0.8,0.21931582354354007,0.4818452452349419,18,20,1,4,15,25,10,10,1.0176644830198212,51.823800253819044
1354,4987,0.822,0.778,0.10632738464551128,0.4025015140080336,18,20,1,4,16,25,10,10,1.1317985686508003,43.42476307431695
1354,4988,0.95,0.75,0.03102618093625842,0.3319391799009529,18,20,1,4,17,25,10,10,1.2103718436910205,38.29016319224307
1354,4989,0.994,0.715,0.0038681812145513472,0.2983940770801553,18,20,1,4,18,25,10,10,1.2244431387369525,35.72806466202493
1354,4990,1,0.857,4.4628095732246464e-5,0.2929858328615782,18,20,1,4,19,25,10,10,1.3169848138835922,40.59657583596283
1354,4991,1,1,0,0.29289321881345254,18,20,1,4,20,25,10,10,1.4142135623730951,45
1354,4996,0.408,0.875,0.2927703937723122,0.5210025097172264,18,20,1,4,10,26,10,10,0.9654475646041063,65.00103273979735
1354,4997,0.4,0.867,0.3173854847091,0.5352266576037363,18,20,1,4,11,26,10,10,0.9548240675642817,65.2332415215937
1354,4998,0.402,0.857,0.3216949835408165,0.5389660579337057,18,20,1,4,12,26,10,10,0.9466007606166392,64.86975105266164
1354,4999,0.449,0.847,0.29378915322355015,0.5247771277266338,18,20,1,4,13,26,10,10,0.9586500925781002,62.07165750815411
1354,5000,0.566,0.833,0.22875170606447381,0.4875299029180913,18,20,1,4,14,26,10,10,1.0070973140665205,55.804997888819955
1354,5001,0.733,0.819,0.14022321599369314,0.4301050430342722,18,20,1,4,15,26,10,10,1.0991132789662765,48.17165143467061
1354,5002,0.886,0.8,0.06064532828904823,0.36624404457558246,18,20,1,4,16,26,10,10,1.1937319632145234,42.07997021473843
1354,5003,0.971,0.778,0.015883662287049627,0.3168485740561663,18,20,1,4,17,26,10,10,1.2442367138129304,38.702958073606304
1354,5004,0.997,0.75,0.0016900913014673558,0.2959371379214354,18,20,1,4,18,26,10,10,1.2476012984924312,36.952562227091214
1354,5005,1,0.876,1.4541820669400352e-5,0.29293760481205544,18,20,1,4,19,26,10,10,1.3294269442131825,41.218359795425336
1354,5006,1,1,1.1102230246251565e-16,0.29289321881345254,18,20,1,4,20,26,10,10,1.4142135623730951,45
1354,5012,0.411,0.883,0.28601332349062747,0.5181741607356216,18,20,1,4,10,27,10,10,0.9739661185072096,65.03996870843015
1354,5013,0.412,0.876,0.2892091540494399,0.5206891453119145,18,20,1,4,11,27,10,10,0.9680495855068582,64.811477141547
1354,5014,0.443,0.867,0.2709600308491137,0.5112587408931326,18,20,1,4,12,27,10,10,0.9736210761892945,62.93490648413094
1354,5015,0.525,0.857,0.226776053910133,0.4861518977885676,18,20,1,4,13,27,10,10,1.0050243778137922,58.508276825998095
1354,5016,0.659,0.846,0.16092859034939722,0.44515492932776757,18,20,1,4,14,27,10,10,1.0723791307182362,52.082842314184546
1354,5017,0.81,0.833,0.0898767044176042,0.3938471830351111,18,20,1,4,15,27,10,10,1.1618902702062703,45.80201878115291
1354,5018,0.927,0.819,0.03564244298123054,0.34365186165093387,18,20,1,4,16,27,10,10,1.2369680674940642,41.46044083145004
1354,5019,0.984,0.8,0.00853559710047258,0.3084055044233812,18,20,1,4,17,27,10,10,1.2681703355622225,39.111391253954345
1354,5020,0.999,0.778,7.964945771955501e-4,0.2947182115835034,18,20,1,4,18,27,10,10,1.266208908513915,37.910701733027835
1354,5021,1,0.889,5.436369651223849e-6,0.29291720683819256,18,20,1,4,19,27,10,10,1.3380287739805896,41.63709543013025
1354,5022,1,1,1.1102230246251565e-16,0.29289321881345254,18,20,1,4,20,27,10,10,1.4142135623730951,45
1354,5029,0.421,0.889,0.26331191727372527,0.5061513510563448,18,20,1,4,10,28,10,10,0.9836472945116049,64.65936523593865
1354,5030,0.442,0.883,0.25074435781380655,0.49951936373797645,18,20,1,4,11,28,10,10,0.9874477201350965,63.40899964919211
1354,5031,0.501,0.875,0.21987812130604523,0.48195278019138066,18,20,1,4,12,28,10,10,1.008278731303998,60.205780487107724
1354,5032,0.605,0.867,0.17142480913574865,0.452395168155145,18,20,1,4,13,28,10,10,1.0572199392746997,55.09233617681241
1354,5033,0.738,0.857,0.1130342216683089,0.41279739841016594,18,20,1,4,14,28,10,10,1.130969937708337,49.2668269355131
1354,5034,0.866,0.847,0.0587675425166978,0.36883480442679306,18,20,1,4,15,28,10,10,1.2113484222138566,44.36452120744206
1354,5035,0.953,0.834,0.02181320878674342,0.3293228320774466,18,20,1,4,16,28,10,10,1.266398436511985,41.190181277684665
1354,5036,0.99,0.818,0.004843034543764113,0.30346601376653437,18,20,1,4,17,28,10,10,1.2842211647531743,39.56564998813261
1354,5037,0.999,0.8,4.032969702868483e-4,0.2940649364061704,18,20,1,4,18,28,10,10,1.2798441311347253,38.687774465176346
1354,5038,1,0.901,2.2649948866471092e-6,0.29290742479006693,18,20,1,4,19,28,10,10,1.3460315746668055,42.01885188710784
1354,5039,1,1,0,0.2928932188134524,18,20,1,4,20,28,10,10,1.4142135623730951,45
1354,5047,0.442,0.895,0.2335019330769641,0.48956349076506545,18,20,1,4,10,29,10,10,0.9981928671354048,63.71731821007426
1354,5048,0.486,0.889,0.21132499677758487,0.4768611400993037,18,20,1,4,11,29,10,10,1.013171752468455,61.33538128327616
1354,5049,0.566,0.883,0.17543672303685875,0.45517507370399113,18,20,1,4,12,29,10,10,1.0488303008590092,57.340266519265235
1354,5050,0.678,0.876,0.12915204749767517,0.42490513003664654,18,20,1,4,13,29,10,10,1.1077274032901778,52.26111058110728
1354,5051,0.802,0.867,0.08035716674532012,0.3886657112075673,18,20,1,4,14,29,10,10,1.1810558835211822,47.23028428606978
1354,5052,0.906,0.858,0.03953471014162624,0.35143968664600345,18,20,1,4,15,29,10,10,1.2477980605851253,43.44131579378918
1354,5053,0.969,0.847,0.01388885008196794,0.3199424637192334,18,20,1,4,16,29,10,10,1.2870003885003298,41.15660929540833
1354,5054,0.994,0.834,0.0028858726272168456,0.3004170892846778,18,20,1,4,17,29,10,10,1.297533043895222,39.997800142411734
1354,5055,1,0.819,2.1729959007432686e-4,0.29368592452607023,18,20,1,4,18,29,10,10,1.2925792045364184,39.31747620953449
1354,5056,1,0.909,1.019161049109485e-6,0.2929021739759443,18,20,1,4,19,29,10,10,1.35139964481274,42.270837050918736
1354,5057,1,1,1.1102230246251565e-16,0.29289321881345254,18,20,1,4,20,29,10,10,1.4142135623730951,45
1354,5066,0.477,0.9,0.20257136255974906,0.4717038996788978,18,20,1,4,10,30,10,10,1.0185916748138089,62.076410284861616
1354,5067,0.539,0.895,0.17565742257879968,0.45547779887492335,18,20,1,4,11,30,10,10,1.0447707882593196,58.94219269962089
1354,5068,0.631,0.889,0.13940173188706662,0.4322562837334999,18,20,1,4,12,30,10,10,1.0901752152750492,54.63339035254295
1354,5069,0.742,0.883,0.09792153084602828,0.4030958989200435,18,20,1,4,13,30,10,10,1.1533659436622878,49.959090106659524
1354,5070,0.851,0.875,0.05819151495974251,0.37063331867293825,18,20,1,4,14,30,10,10,1.2205842863153695,45.79664547749161
1354,5071,0.933,0.867,0.027363268693478604,0.33906117258003865,18,20,1,4,15,30,10,10,1.2736475179577746,42.90009548235483
1354,5072,0.98,0.858,0.009158762171166623,0.3135503532725462,18,20,1,4,16,30,10,10,1.302522168717293,41.202477463245145
1354,5073,0.996,0.847,0.0017898848281346913,0.298425812913672,18,20,1,4,17,30,10,10,1.3074498078320254,40.377892621577864
1354,5074,1,0.834,1.224721806412088e-4,0.2934493328673218,18,20,1,4,18,30,10,10,1.3021351696348578,39.82810630428432
1354,5075,1,0.917,4.863417625289301e-7,0.2928990928243258,18,20,1,4,19,30,10,10,1.3567936468011634,42.52082345847564
1354,5076,1,1,0,0.2928932188134524,18,20,1,4,20,30,10,10,1.4142135623730951,45
1354,5086,0.52,0.905,0.17375173757578533,0.45442807288919906,18,20,1,4,10,31,10,10,1.0437552395078074,60.118943607085306
1354,5087,0.595,0.9,0.14534073270465653,0.4364430994781825,18,20,1,4,11,31,10,10,1.0788999026786499,56.53086626144034
1354,5088,0.691,0.895,0.11104182979659172,0.413147246228705,18,20,1,4,12,31,10,10,1.1307103961669407,52.32945279574723
1354,5089,0.796,0.889,0.0750820772896914,0.38583416124678005,18,20,1,4,13,31,10,10,1.1932883138621613,48.159113768841024
1354,5090,0.888,0.883,0.042917998435476945,0.35694354917193183,18,20,1,4,14,31,10,10,1.252291100343686,44.838239335735736
1354,5091,0.953,0.875,0.01938045956795542,0.3299841588508865,18,20,1,4,15,31,10,10,1.2937673670331926,42.5566950263501
1354,5092,0.986,0.867,0.0061956328953907125,0.309009386633602,18,20,1,4,16,31,10,10,1.3129680117961746,41.32550047917034
1354,5093,0.998,0.858,0.0011382542060837109,0.29705661441637343,18,20,1,4,17,31,10,10,1.3161185356950187,40.68628914597143
1354,5094,1,0.847,7.066754754658788e-5,0.2932927871659854,18,20,1,4,18,31,10,10,1.3104995230827061,40.26459927013793
1354,5095,1,0.923,2.389842280736687e-7,0.29289717350776523,18,20,1,4,19,31,10,10,1.3608559806239602,42.707010169212275
1354,5096,1,1,0,0.2928932188134524,18,20,1,4,20,31,10,10,1.4142135623730951,45
1354,5107,0.568,0.909,0.14829615451201372,0.4385584743941333,18,20,1,4,10,32,10,10,1.0718698615037183,58.000282909334054
1354,5108,0.65,0.905,0.12025891908874264,0.41992059422827743,18,20,1,4,11,32,10,10,1.1142374073777994,54.31288128578439
1354,5109,0.745,0.9,0.08899264626602854,0.397299442546575,18,20,1,4,12,32,10,10,1.1683428435181173,50.38279791512731
1354,5110,0.839,0.895,0.058211203083875174,0.3720328035652102,18,20,1,4,13,32,10,10,1.226762405684165,46.84973982479358
1354,5111,0.916,0.889,0.03215009095346111,0.3463181454293922,18,20,1,4,14,32,10,10,1.276470524532392,44.143007933357715
1354,5112,0.966,0.883,0.013972824360194647,0.3231163123326559,18,20,1,4,15,32,10,10,1.3087570439160967,42.429767789132896
1354,5113,0.991,0.875,0.004262979308579107,0.30565819197442123,18,20,1,4,16,32,10,10,1.322008320699987,41.4427820594705
1354,5114,0.999,0.867,7.349408477906882e-4,0.29607472739635576,18,20,1,4,17,32,10,10,1.3227584813562905,40.95366277021042
1354,5115,1,0.858,4.144999407951211e-5,0.29318479563130206,18,20,1,4,18,32,10,10,1.317635761506191,40.62959351305883
1354,5116,1,0.929,1.2020067496898434e-7,0.2928959313840648,18,20,1,4,19,32,10,10,1.3649325990685401,42.8920866639288
1354,5117,1,1,1.1102230246251565e-16,0.29289321881345254,18,20,1,4,20,32,10,10,1.4142135623730951,45
1354,5129,0.617,0.914,0.12637630142739753,0.42432282518707476,18,20,1,4,10,33,10,10,1.102762440419513,55.97849680250387
1354,5130,0.701,0.91,0.09976887446454308,0.40568226854903144,18,20,1,4,11,33,10,10,1.1486953469044785,52.39187267311222
1354,5131,0.791,0.905,0.07177245649872288,0.3840802063187527,18,20,1,4,12,33,10,10,1.2019592339176899,48.84546486453725
1354,5132,0.873,0.9,0.04556214104242384,0.3608200791085906,18,20,1,4,13,33,10,10,1.2538456842849521,45.87245712290204
1354,5133,0.937,0.895,0.024349317407139304,0.3378729082248281,18,20,1,4,14,33,10,10,1.2957600086435759,43.68668052692289
1354,5134,0.976,0.889,0.010190622060626153,0.3177664782059043,18,20,1,4,15,33,10,10,1.320188244153083,42.329157235516696
1354,5135,0.994,0.883,0.0029670194070416933,0.3031049818631977,18,20,1,4,16,33,10,10,1.3295581972971322,41.6156455896463
1354,5136,0.999,0.875,4.782115516229757e-4,0.2953481507877268,18,20,1,4,17,33,10,10,1.3280158131588644,41.21433562286915
1354,5137,1,0.867,2.445878788992495e-5,0.2931082192047815,18,20,1,4,18,33,10,10,1.323513883569039,40.92528797789907
1354,5138,1,0.934,6.169548083523324e-8,0.29289510737223523,18,20,1,4,19,33,10,10,1.3683406008739198,43.045473375173806
1354,5139,1,1,0,0.2928932188134524,18,20,1,4,20,33,10,10,1.4142135623730951,45
1354,5152,0.664,0.917,0.10773886905373942,0.41165976426273154,18,20,1,4,10,34,10,10,1.1321594410682623,54.09169034015532
1354,5153,0.747,0.913,0.0830229487055939,0.39338115033553744,18,20,1,4,11,34,10,10,1.1796516434948072,50.71059313749964
1354,5154,0.829,0.909,0.058188322453956554,0.37292884997848574,18,20,1,4,12,34,10,10,1.2302528195456413,47.63545986955193
1354,5155,0.901,0.905,0.035907456503390445,0.3515460608277289,18,20,1,4,13,34,10,10,1.2770379790750155,45.12690074379833
1354,5156,0.952,0.9,0.018571801110501385,0.33100835241042903,18,20,1,4,14,34,10,10,1.3100778602815941,43.391685765075074
1354,5157,0.983,0.895,0.0074779885188325235,0.31349528090787504,18,20,1,4,15,34,10,10,1.3294036256908583,42.31717615519376
1354,5158,0.996,0.889,0.00207334037194451,0.3011122214236942,18,20,1,4,16,34,10,10,1.3350419469065382,41.7511530506899
1354,5159,0.999,0.883,3.1198551158617693e-4,0.29479914290991016,18,20,1,4,17,34,10,10,1.3333004162603415,41.4729474134098
1354,5160,1,0.876,1.4534771502594523e-5,0.29305301387892735,18,20,1,4,18,34,10,10,1.3294269442131825,41.218359795425336
1354,5161,1,0.938,3.2376582637105855e-8,0.2928945515909931,18,20,1,4,19,34,10,10,1.3710740315533658,43.16763304046667
1354,5162,1,1,0,0.2928932188134524,18,20,1,4,20,34,10,10,1.4142135623730951,45
1354,5176,0.708,0.92,0.0919186445701109,0.40039370209158553,18,20,1,4,10,35,10,10,1.1608893142759131,52.419371042880464
1354,5177,0.787,0.917,0.06923789200766794,0.38267302267022374,18,20,1,4,11,35,10,10,1.2084113538030004,49.362705857301044
1354,5178,0.861,0.913,0.04734274441071329,0.36339626149164617,18,20,1,4,12,35,10,10,1.2549462139868786,46.678989667155065
1354,5179,0.922,0.909,0.02840034386345347,0.34374238724155737,18,20,1,4,13,35,10,10,1.2947451486682622,44.59320992989619
1354,5180,0.964,0.905,0.014217600009262865,0.32532058275709297,18,20,1,4,14,35,10,10,1.3222409008951432,43.191905421048894
1354,5181,0.987,0.9,0.005495504214057978,0.31002016860220394,18,20,1,4,15,35,10,10,1.3357278914509496,42.36025153203445
1354,5182,0.997,0.895,0.0014483984597891686,0.29953124965395517,18,20,1,4,16,35,10,10,1.3397887893246458,41.91410280296837
1354,5183,1,0.889,2.0391775481709562e-4,0.294379128957341,18,20,1,4,17,35,10,10,1.3380287739805896,41.63709543013025
1354,5184,1,0.883,8.701281119183335e-6,0.2930128205768694,18,20,1,4,18,35,10,10,1.3340498491435768,41.4445038973404
1354,5185,1,0.942,1.727340370738517e-8,0.2928941716882745,18,20,1,4,19,35,10,10,1.3738136700440857,43.289306039103366
1354,5186,1,1,0,0.2928932188134524,18,20,1,4,20,35,10,10,1.4142135623730951,45
