spA_par,spB_par,Dissimilarity,Exclusivity,D,I,a_A,b_A,alpha_A,gamma_A,a_B,b_B,alpha_B,gamma_B,ND_magnitude,ND_angle
816,816,0,0,1,1,22,28,7,1,22,28,7,1,0,0
816,817,0.107,0.167,0.8855103614838764,0.9188948285025963,22,28,7,1,23,28,7,1,0.1983380951809309,57.35155915003019
816,818,0.219,0.333,0.7497669463081903,0.8253529320480109,22,28,7,1,24,28,7,1,0.3985599076675927,56.668774000368956
816,819,0.34,0.5,0.5881318163019499,0.7158277888983134,22,28,7,1,25,28,7,1,0.604648658313239,55.7842978675626
816,820,0.475,0.667,0.39489872730467457,0.5910701635716827,22,28,7,1,26,28,7,1,0.8188491924646443,54.54366198801117
816,821,0.645,0.834,0.17437665681393244,0.45079363147344687,22,28,7,1,27,28,7,1,1.0543154177000353,52.2823040932075
816,822,0.348,0.684,0.37329700126222176,0.5739573058236513,22,28,7,1,10,29,7,1,0.7674372938553351,63.034285567129864
816,823,0.337,0.667,0.39992587497687937,0.5887627941700503,22,28,7,1,11,29,7,1,0.747300475043339,63.194932000338255
816,824,0.325,0.647,0.4290734060427014,0.6048479655330677,22,28,7,1,12,29,7,1,0.7240400541406532,63.328780112724814
816,825,0.313,0.625,0.46067118759332504,0.6221537782911181,22,28,7,1,13,29,7,1,0.6989949928289901,63.398291259457324
816,826,0.3,0.6,0.49445486117674287,0.6404538923675236,22,28,7,1,14,29,7,1,0.6708203932499369,63.43494882292201
816,827,0.286,0.572,0.5297299259597839,0.6592245913881867,22,28,7,1,15,29,7,1,0.6395154415649398,63.43494882292201
816,828,0.269,0.539,0.5652374972089701,0.6774473903550771,22,28,7,1,16,29,7,1,0.6023968791419823,63.47748465735929
816,829,0.252,0.5,0.5986011344744624,0.6933583844980774,22,28,7,1,17,29,7,1,0.5599142791535148,63.25189583707854
816,830,0.235,0.454,0.6260347814935321,0.7042542932266289,22,28,7,1,18,29,7,1,0.5112152188657925,62.632960545554944
816,831,0.227,0.4,0.6413956958686062,0.7066318320676411,22,28,7,1,19,29,7,1,0.4599228196121606,60.4250895028989
816,832,0.241,0.333,0.6352752766522162,0.6969601213207552,22,28,7,1,20,29,7,1,0.4110596063833079,54.10584854145078
816,833,0.304,0.25,0.5949768766886073,0.6728488654806191,22,28,7,1,21,29,7,1,0.39359369913655884,39.43279964735481
816,834,0.419,0.143,0.5185203381843236,0.6336483621111528,22,28,7,1,22,29,7,1,0.4427301661283089,18.84419743095695
816,835,0.542,0.286,0.42439454432619717,0.5800701960699157,22,28,7,1,23,29,7,1,0.6128295032062343,27.819502799759523
816,836,0.668,0.429,0.3169979590615033,0.5138463878761241,22,28,7,1,24,29,7,1,0.7938923100773807,32.709208361455275
816,837,0.794,0.572,0.20203219427660857,0.4388637325430971,22,28,7,1,25,29,7,1,0.9785806047536402,35.7690921315463
816,838,0.91,0.714,0.09183011440875799,0.3640119643107551,22,28,7,1,26,29,7,1,1.1566745436811514,38.118276369363045
816,839,0.988,0.857,0.014071926077272368,0.3071183563270149,22,28,7,1,27,29,7,1,1.3078964026252233,40.93866015608024
816,840,1,1,0,0.2928932188134524,22,28,7,1,28,29,7,1,1.4142135623730951,45
816,841,0.35,0.7,0.3700347274484912,0.569083741758053,22,28,7,1,10,30,7,1,0.7826237921249264,63.43494882292201
816,842,0.343,0.684,0.3877797908442695,0.5782563256198324,22,28,7,1,11,30,7,1,0.7651829846513839,63.367975411562746
816,843,0.336,0.667,0.40551482134969175,0.5871666388563596,22,28,7,1,12,30,7,1,0.7468500518845802,63.26340508546046
816,844,0.329,0.647,0.4225483445073812,0.5953867852858279,22,28,7,1,13,30,7,1,0.7258443359288547,63.046628475063244
816,845,0.325,0.625,0.4379090919619074,0.6023108464188175,22,28,7,1,14,30,7,1,0.7044501401802685,62.52556837372287
816,846,0.323,0.6,0.4502068308765156,0.6071212396781879,22,28,7,1,15,30,7,1,0.6814169061595111,61.704939073405654
816,847,0.326,0.572,0.45749248302066936,0.608783313822301,22,28,7,1,16,30,7,1,0.6583767918145353,60.319884063016524
816,848,0.339,0.539,0.4571377778451682,0.6060989901579368,22,28,7,1,17,30,7,1,0.6367432763681137,57.83246835652805
816,849,0.365,0.5,0.4459188354266791,0.5978432154700228,22,28,7,1,18,30,7,1,0.6190516941257814,53.87055585675915
816,850,0.412,0.455,0.42044615300714194,0.5829670616555702,22,28,7,1,19,30,7,1,0.6138151187450501,47.83933265895348
816,851,0.486,0.4,0.37785535913529655,0.5607931168752407,22,28,7,1,20,30,7,1,0.629441021859872,39.45592665604176
816,852,0.582,0.333,0.319185070818673,0.5311233843861938,22,28,7,1,21,30,7,1,0.6705318784368123,29.776676953785472
816,853,0.685,0.25,0.2518276298642931,0.49428063353153695,22,28,7,1,22,30,7,1,0.7291947613635194,20.050236871396663
816,854,0.783,0.375,0.18271175446040944,0.4512534396022081,22,28,7,1,23,30,7,1,0.8681670346194907,25.591028209991034
816,855,0.87,0.5,0.11571101497601788,0.4041625293208674,22,28,7,1,24,30,7,1,1.0034440691936946,29.88652694042403
816,856,0.94,0.625,0.05733665102075447,0.35723013910965506,22,28,7,1,25,30,7,1,1.1288157511303605,33.619679625870184
816,857,0.984,0.75,0.01653889324379476,0.3179245962766657,22,28,7,1,26,30,7,1,1.2372372448322109,37.31447285161838
816,858,0.999,0.875,8.858569726084564e-4,0.29606647757243276,22,28,7,1,27,30,7,1,1.3280158131588644,41.21433562286915
816,859,1,1,0,0.2928932188134524,22,28,7,1,28,30,7,1,1.4142135623730951,45
816,861,0.372,0.714,0.3323575498836404,0.5462080374949806,22,28,7,1,10,31,7,1,0.8050962675357525,62.48010756904983
816,862,0.372,0.7,0.34026410608567714,0.5498525592400315,22,28,7,1,11,31,7,1,0.7927067553641762,62.01254680924402
816,863,0.375,0.684,0.3464556039153537,0.5524111148565568,22,28,7,1,12,31,7,1,0.7800519213488292,61.266437252561616
816,864,0.382,0.667,0.35015526247592077,0.5534744013230164,22,28,7,1,13,31,7,1,0.7686436105244094,60.199644349393616
816,865,0.394,0.647,0.3503611528624435,0.5525597424849846,22,28,7,1,14,31,7,1,0.7575255771259476,58.66007101339826
816,866,0.412,0.625,0.34591766471591556,0.5491267318965352,22,28,7,1,15,31,7,1,0.748577985249366,56.607129109494664
816,867,0.439,0.6,0.3354984576449265,0.5426114849549212,22,28,7,1,16,31,7,1,0.7434520831903022,53.80830965973845
816,868,0.478,0.572,0.3177255677230707,0.5324811284585061,22,28,7,1,17,31,7,1,0.7454314187099977,50.115698927037876
816,869,0.53,0.539,0.2914000687946895,0.5183026131220204,22,28,7,1,18,31,7,1,0.7559239379725979,45.48236654124958
816,870,0.597,0.5,0.2560865728724695,0.4998117860315793,22,28,7,1,19,31,7,1,0.7787226720726705,39.94687904197982
816,871,0.675,0.455,0.21306976557821944,0.47696990450085774,22,28,7,1,20,31,7,1,0.8140331688573875,33.982888381210785
816,872,0.757,0.4,0.16564528835623482,0.45001733842881486,22,28,7,1,21,31,7,1,0.8561828075825864,27.852043938897854
816,873,0.833,0.333,0.11903175896081608,0.41957268055486063,22,28,7,1,22,31,7,1,0.8970941979524781,21.789549461782418
816,874,0.897,0.444,0.07654856490142337,0.38684775601796195,22,28,7,1,23,31,7,1,1.0008721197036112,26.334640437187243
816,875,0.948,0.556,0.04109254417680308,0.35400309843578825,22,28,7,1,24,31,7,1,1.099017743259862,30.391533066071148
816,876,0.981,0.667,0.015971680579067504,0.3245621272948712,22,28,7,1,25,31,7,1,1.1862756846534452,34.212506962938534
816,877,0.997,0.778,0.0031396152876972394,0.30330497734838247,22,28,7,1,26,31,7,1,1.26463156690002,37.96637707721167
816,878,1,0.889,8.975298786506603e-5,0.2938885512379793,22,28,7,1,27,31,7,1,1.3380287739805896,41.63709543013025
816,879,1,1,0,0.2928932188134524,22,28,7,1,28,31,7,1,1.4142135623730951,45
816,882,0.417,0.727,0.2789291211241893,0.5158585503771853,22,28,7,1,10,32,7,1,0.8381038121855787,60.161844614278706
816,883,0.428,0.714,0.27869840828001535,0.5152721987932913,22,28,7,1,11,32,7,1,0.8324542029445223,59.059851121931715
816,884,0.443,0.7,0.27610777991124713,0.5133703125163858,22,28,7,1,12,32,7,1,0.8284014727171843,57.672033597918706
816,885,0.462,0.684,0.27057978676286754,0.5098764791686159,22,28,7,1,13,32,7,1,0.8254089895318563,55.96338964632964
816,886,0.488,0.667,0.2615047004219069,0.5045034709180262,22,28,7,1,14,32,7,1,0.8264581054112785,53.80952190964334
816,887,0.52,0.647,0.24828380501329772,0.49697121223267116,22,28,7,1,15,32,7,1,0.8300656600534683,51.210831786191555
816,888,0.561,0.625,0.23037930740248402,0.4870309514652549,22,28,7,1,16,32,7,1,0.8398487959150742,48.0888505352311
816,889,0.61,0.6,0.20750157542674075,0.47449423734838925,22,28,7,1,17,32,7,1,0.8556284240252892,44.52649194126507
816,890,0.668,0.571,0.17997212687783437,0.4592641205941582,22,28,7,1,18,32,7,1,0.8787860945645419,40.52350481688904
816,891,0.731,0.539,0.14874537145469902,0.4413667528254902,22,28,7,1,19,32,7,1,0.908230147044239,36.40306282317594
816,892,0.797,0.5,0.11560677166678945,0.4209869002715372,22,28,7,1,20,32,7,1,0.9408554618005892,32.10221014302415
816,893,0.858,0.454,0.08345119085826502,0.39852184816968694,22,28,7,1,21,32,7,1,0.9707110795700232,27.88499687099977
816,894,0.91,0.4,0.05498991324512115,0.374677552029256,22,28,7,1,22,32,7,1,0.994032192637643,23.728391075952537
816,895,0.95,0.5,0.031709053037852986,0.350620110259789,22,28,7,1,23,32,7,1,1.0735455276791943,27.758540601060027
816,896,0.978,0.6,0.014769593332238373,0.32813862488176637,22,28,7,1,24,32,7,1,1.1473813664165895,31.528988037753418
816,897,0.993,0.7,0.004739082697815977,0.3096773594988774,22,28,7,1,25,32,7,1,1.2149275698575615,35.181331255847006
816,898,0.999,0.8,7.170274226873108e-4,0.2977931202905575,22,28,7,1,26,32,7,1,1.2798441311347253,38.687774465176346
816,899,1,0.9,1.4114445165969158e-5,0.2932860138954114,22,28,7,1,27,32,7,1,1.3453624047073711,41.98721249581666
816,900,1,1,0,0.2928932188134524,22,28,7,1,28,32,7,1,1.4142135623730951,45
816,904,0.479,0.739,0.2266143789618219,0.4864440592134749,22,28,7,1,10,33,7,1,0.8806599797878861,57.0497738587319
816,905,0.498,0.727,0.2213781631346734,0.4832714189070675,22,28,7,1,11,33,7,1,0.8812110984321521,55.588588410039954
816,906,0.521,0.715,0.2139204843723036,0.4788702831734377,22,28,7,1,12,33,7,1,0.884684124419558,53.92024953527522
816,907,0.549,0.7,0.20392923075481484,0.47307882808543367,22,28,7,1,13,33,7,1,0.8896072166973468,51.89341680579259
816,908,0.583,0.684,0.1911424445035047,0.4657464012554998,22,28,7,1,14,33,7,1,0.8987463490885512,49.557744643471594
816,909,0.622,0.667,0.1753914010657457,0.45674555055117316,22,28,7,1,15,33,7,1,0.9120158989842228,46.99942854453133
816,910,0.666,0.647,0.1567456081348333,0.44598622223946305,22,28,7,1,16,33,7,1,0.928528405596727,44.17094909791043
816,911,0.716,0.625,0.13554678886819638,0.43343180366413503,22,28,7,1,17,33,7,1,0.9504109637414754,41.11787121828527
816,912,0.768,0.6,0.11243992241320311,0.41911707549214805,22,28,7,1,18,33,7,1,0.9745891442038538,37.99873244250466
816,913,0.822,0.572,0.08846245668284514,0.403169618781581,22,28,7,1,19,33,7,1,1.0014329732937697,34.83265734843515
816,914,0.872,0.539,0.0651950135061834,0.38583934316194213,22,28,7,1,20,33,7,1,1.0251365762667919,31.72100984091093
816,915,0.915,0.5,0.044417458799871135,0.36754462601843885,22,28,7,1,21,33,7,1,1.0427008199862509,28.654314061927185
816,916,0.95,0.455,0.027346047037909327,0.34894277927758743,22,28,7,1,22,33,7,1,1.0533399261397054,25.591968024302655
816,917,0.974,0.545,0.014511600972833882,0.33101602383420403,22,28,7,1,23,33,7,1,1.1161097616274127,29.22911859577811
816,918,0.99,0.637,0.006093785836839283,0.315118397340321,22,28,7,1,24,33,7,1,1.1772293744211448,32.75862065840027
816,919,0.997,0.728,0.0017151451136899754,0.3028634124418842,22,28,7,1,25,33,7,1,1.2345011138107571,36.13656656744555
816,920,1,0.819,2.183115866972729e-4,0.2955789767371918,22,28,7,1,26,33,7,1,1.2925792045364184,39.31747620953449
816,921,1,0.91,3.4008334042212596e-6,0.29308547445049715,22,28,7,1,27,33,7,1,1.3520724832641184,42.3021943666837
816,922,1,1,0,0.2928932188134524,22,28,7,1,28,33,7,1,1.4142135623730951,45
816,927,0.546,0.75,0.17958167350394738,0.45942028292189396,22,28,7,1,10,34,7,1,0.9276939150387913,53.94538183353896
816,928,0.571,0.739,0.17175378897133908,0.4547672907477951,22,28,7,1,11,34,7,1,0.9338961398356885,52.30796618763337
816,929,0.599,0.727,0.16214210142816665,0.44907269776949965,22,28,7,1,12,34,7,1,0.9419819531179989,50.513730612392834
816,930,0.631,0.714,0.1506716078386331,0.44225169693089106,22,28,7,1,13,34,7,1,0.9528677767665353,48.531246745933565
816,931,0.667,0.7,0.1373452051909002,0.4342362393500565,22,28,7,1,14,34,7,1,0.9668965818535092,46.382877516302806
816,932,0.707,0.684,0.12229857147256196,0.42498275690985277,22,28,7,1,15,34,7,1,0.9837199804822508,44.05270823010655
816,933,0.749,0.667,0.10579647845589979,0.41448110660042914,22,28,7,1,16,34,7,1,1.002940676211709,41.685725591464504
816,934,0.794,0.647,0.08827993221042607,0.4027650623196145,22,28,7,1,17,34,7,1,1.0242289783051444,39.17526415399149
816,935,0.839,0.625,0.07038433524927601,0.3899251867429613,22,28,7,1,18,34,7,1,1.0462055247416733,36.68369523279574
816,936,0.881,0.6,0.0530407571149103,0.3761258578403065,22,28,7,1,19,34,7,1,1.0659085326612223,34.2565959324384
816,937,0.918,0.572,0.03731940763747843,0.36162949089167984,22,28,7,1,20,34,7,1,1.0816228547881188,31.92677281903378
816,938,0.948,0.539,0.024158896645710026,0.34683139151092013,22,28,7,1,21,34,7,1,1.0905159329418346,29.621062129963523
816,939,0.971,0.5,0.014008671519550542,0.33230455821716953,22,28,7,1,22,34,7,1,1.0921726054063066,27.245435903922026
816,940,0.986,0.584,0.006918771109526434,0.31883836113091224,22,28,7,1,23,34,7,1,1.1459720764486365,30.63792352540783
816,941,0.995,0.667,0.0026618632925755614,0.3074220345015215,22,28,7,1,24,34,7,1,1.197878958826809,33.835993020749214
816,942,0.999,0.75,6.715237251515571e-4,0.29908620671767705,22,28,7,1,25,34,7,1,1.2492001440922107,36.89741723042958
816,943,1,0.833,7.427486994471266e-5,0.29445367085485274,22,28,7,1,26,34,7,1,1.3014949097096,39.79429794346564
816,944,1,0.917,9.626552648356324e-7,0.2929953103447368,22,28,7,1,27,34,7,1,1.3567936468011634,42.52082345847564
816,945,1,1,0,0.2928932188134524,22,28,7,1,28,34,7,1,1.4142135623730951,45
816,951,0.611,0.76,0.1444587368525475,0.4383789079517466,22,28,7,1,10,35,7,1,0.9751517830573864,51.20255000353151
816,952,0.639,0.75,0.13582385781683215,0.43308518291154663,22,28,7,1,11,35,7,1,0.9853024916237653,49.56900274506076
816,953,0.669,0.739,0.12589647617118682,0.42693231079307437,22,28,7,1,12,35,7,1,0.9968359945347077,47.84616837794191
816,954,0.702,0.727,0.11472249528771539,0.41987787481986516,22,28,7,1,13,35,7,1,1.0106102117038003,46.00227318316886
816,955,0.737,0.714,0.10241433985275461,0.4118957454609261,22,28,7,1,14,35,7,1,1.0261408285415798,44.091872794151485
816,956,0.774,0.7,0.08916826546536893,0.40298151691788264,22,28,7,1,15,35,7,1,1.043588041326653,42.12596268779651
816,957,0.813,0.684,0.07528000238273003,0.3931590025005851,22,28,7,1,16,35,7,1,1.0624617640178868,40.07485513035938
816,958,0.851,0.667,0.06115335076753181,0.38248827064806357,22,28,7,1,17,35,7,1,1.0812446531659705,38.08877288097532
816,959,0.887,0.647,0.04736855768122916,0.3710760527214979,22,28,7,1,18,35,7,1,1.0978970807867192,36.10794732045537
816,960,0.919,0.625,0.03461373620282837,0.35908982679314627,22,28,7,1,19,35,7,1,1.1113892207503184,34.219112595499624
816,961,0.947,0.6,0.02357268622253461,0.3467772126687121,22,28,7,1,20,35,7,1,1.1210749305911714,32.35751811517823
816,962,0.968,0.572,0.014721459054395258,0.3344914741297197,22,28,7,1,21,35,7,1,1.124370045847896,30.579226872489016
816,963,0.983,0.539,0.008192692787607148,0.32271938376164233,22,28,7,1,22,35,7,1,1.121075376591601,28.736904193723348
816,964,0.992,0.615,0.003854874035798761,0.3120951047075625,22,28,7,1,23,35,7,1,1.1671713670237116,31.797243974676803
816,965,0.997,0.692,0.0013993943307504253,0.3033602119265415,22,28,7,1,24,35,7,1,1.2136197921919367,34.76382841255804
816,966,0.999,0.769,3.2880556400161076e-4,0.29720891067291855,22,28,7,1,25,35,7,1,1.2606990124530122,37.58798896461457
816,967,1,0.846,3.333721271003842e-5,0.29393588888776,22,28,7,1,26,35,7,1,1.30985342691463,40.23122105657414
816,968,1,0.923,3.865818078985228e-7,0.2929578261898338,22,28,7,1,27,35,7,1,1.3608559806239602,42.707010169212275
816,969,1,1,0,0.2928932188134524,22,28,7,1,28,35,7,1,1.4142135623730951,45
816,1042,1,1,0,0.2928932188134524,22,28,7,1,10,22,10,1,1.4142135623730951,45
816,1043,1,1,0,0.2928932188134524,22,28,7,1,11,22,10,1,1.4142135623730951,45
816,1044,1,1,0,0.2928932188134524,22,28,7,1,12,22,10,1,1.4142135623730951,45
816,1045,1,1,1.1102230246251565e-16,0.29289321881345254,22,28,7,1,13,22,10,1,1.4142135623730951,45
816,1046,1,1,0,0.2928932188134524,22,28,7,1,14,22,10,1,1.4142135623730951,45
816,1047,1,1,0,0.2928932188134524,22,28,7,1,15,22,10,1,1.4142135623730951,45
816,1048,1,1,0,0.2928932188134524,22,28,7,1,16,22,10,1,1.4142135623730951,45
816,1049,1,1,0,0.2928932188134524,22,28,7,1,17,22,10,1,1.4142135623730951,45
816,1050,1,1,0,0.2928932188134524,22,28,7,1,18,22,10,1,1.4142135623730951,45
816,1051,1,1,0,0.2928932188134524,22,28,7,1,19,22,10,1,1.4142135623730951,45
816,1052,1,1,0,0.2928932188134524,22,28,7,1,20,22,10,1,1.4142135623730951,45
816,1053,1,1,0,0.2928932188134524,22,28,7,1,21,22,10,1,1.4142135623730951,45
816,1054,1,0.945,1.133610362280546e-5,0.2931403051256274,22,28,7,1,10,23,10,1,1.3758724504836921,43.38024250274473
816,1055,1,0.942,1.133610362280546e-5,0.2931571786812156,22,28,7,1,11,23,10,1,1.3738136700440857,43.289306039103366
816,1056,1,0.938,1.133610362280546e-5,0.29317667684739934,22,28,7,1,12,23,10,1,1.3710740315533658,43.16763304046667
816,1057,1,0.934,1.133610362280546e-5,0.2931994979313495,22,28,7,1,13,23,10,1,1.3683406008739198,43.045473375173806
816,1058,1,0.929,1.133610362280546e-5,0.2932266295712789,22,28,7,1,14,23,10,1,1.3649325990685401,42.8920866639288
816,1059,1,0.923,1.133610362280546e-5,0.29325950142247403,22,28,7,1,15,23,10,1,1.3608559806239602,42.707010169212275
816,1060,1,0.917,1.133610362280546e-5,0.2933002295791044,22,28,7,1,16,23,10,1,1.3567936468011634,42.52082345847564
816,1061,1,0.91,1.133610362280546e-5,0.2933520214953209,22,28,7,1,17,23,10,1,1.3520724832641184,42.3021943666837
816,1062,1,0.9,1.133610362280546e-5,0.2934198844513318,22,28,7,1,18,23,10,1,1.3453624047073711,41.98721249581666
816,1063,1,0.889,1.133610362280546e-5,0.293511867169285,22,28,7,1,19,23,10,1,1.3380287739805896,41.63709543013025
816,1064,1,0.875,1.133610362280546e-5,0.29364073172260463,22,28,7,1,20,23,10,1,1.3287682265918312,41.18592516570965
816,1065,1,0.857,1.133610362280546e-5,0.29382292794053466,22,28,7,1,21,23,10,1,1.3169848138835922,40.59657583596283
816,1066,1,0.834,1.133610362280546e-5,0.29402768032138726,22,28,7,1,22,23,10,1,1.3021351696348578,39.82810630428432
816,1067,0.999,0.889,0.0017028016806138746,0.2977586173775062,22,28,7,1,10,24,10,1,1.3372815709490653,41.66556206288983
816,1068,0.999,0.883,0.0017079984726138253,0.29805046322383366,22,28,7,1,11,24,10,1,1.3333004162603415,41.4729474134098
816,1069,0.999,0.875,0.0017129085306123448,0.2983831578588676,22,28,7,1,12,24,10,1,1.3280158131588644,41.21433562286915
816,1070,0.999,0.867,0.0017176865460475366,0.29876622250686,22,28,7,1,13,24,10,1,1.3227584813562905,40.95366277021042
816,1071,0.999,0.857,0.0017220919194488316,0.29921227747152246,22,28,7,1,14,24,10,1,1.3162256645423687,40.624902299009705
816,1072,0.999,0.846,0.0017261082111490467,0.299738078686404,22,28,7,1,15,24,10,1,1.3090901420452299,40.25948942610883
816,1073,0.999,0.833,0.001729311348548146,0.300365720706668,22,28,7,1,16,24,10,1,1.3007267199531192,39.822490802231016
816,1074,0.999,0.819,0.0017324964152740652,0.30112372993674696,22,28,7,1,17,24,10,1,1.2918057129460296,39.3455791773593
816,1075,0.999,0.8,0.001735022204213288,0.3020470274655902,22,28,7,1,18,24,10,1,1.2798441311347253,38.687774465176346
816,1076,0.999,0.778,0.0017372539253914798,0.3031719638925181,22,28,7,1,19,24,10,1,1.266208908513915,37.910701733027835
816,1077,0.999,0.75,0.001739918727217904,0.3045135689143984,22,28,7,1,20,24,10,1,1.2492001440922107,36.89741723042958
816,1078,0.998,0.714,0.001739918727217904,0.30598538440941736,22,28,7,1,21,24,10,1,1.227110426978762,35.581100125088206
816,1079,0.998,0.667,0.0017399187271390781,0.30714662270228144,22,28,7,1,22,24,10,1,1.2003720256653767,33.75625947840964
816,1080,0.996,0.834,0.0016775813443774545,0.3064123936813966,22,28,7,1,23,24,10,1,1.299065818193982,39.94110195601155
816,1081,0.986,0.834,0.01905087809305106,0.3139550460719007,22,28,7,1,10,25,10,1,1.291414728117966,40.22593710540309
816,1082,0.985,0.824,0.01941979801331739,0.3151680876538827,22,28,7,1,11,25,10,1,1.2842122098781026,39.91410733439914
816,1083,0.985,0.813,0.019779806644632303,0.3165447326615144,22,28,7,1,12,25,10,1,1.2771820543681311,39.53560801365555
816,1084,0.984,0.8,0.020123805175182863,0.31811938193604006,22,28,7,1,13,25,10,1,1.2681703355622225,39.111391253954345
816,1085,0.984,0.786,0.020458382252124596,0.31993506532061655,22,28,7,1,14,25,10,1,1.2593855644718182,38.61717747362881
816,1086,0.983,0.769,0.020780580031046103,0.32204455519297537,22,28,7,1,15,25,10,1,1.2480584922190145,38.03603952911941
816,1087,0.982,0.75,0.021089583511018528,0.32450991392376105,22,28,7,1,16,25,10,1,1.2356471988395392,37.37068969901024
816,1088,0.981,0.728,0.02136032097104479,0.32739782218628066,22,28,7,1,17,25,10,1,1.2216157333629918,36.579106238756665
816,1089,0.98,0.7,0.021580013539445386,0.33076453279861073,22,28,7,1,18,25,10,1,1.2043255373859678,35.53767779197438
816,1090,0.978,0.667,0.021759802709255482,0.33461602806044444,22,28,7,1,19,25,10,1,1.183796012833292,34.29414778450639
816,1091,0.975,0.625,0.021922279307476922,0.338812092207166,22,28,7,1,20,25,10,1,1.158123482190047,32.66091272167381
816,1092,0.971,0.572,0.022058571043439112,0.34285552321651847,22,28,7,1,21,25,10,1,1.1269538588602463,30.50163349673552
816,1093,0.965,0.5,0.02213695210175426,0.3455024959835413,22,28,7,1,22,25,10,1,1.0868417548106992,27.390241970032857
816,1094,0.953,0.667,0.021729974396447527,0.3444523163154237,22,28,7,1,23,25,10,1,1.163227406829808,34.98798500034623
816,1095,0.936,0.834,0.017177837504020466,0.3365446412030113,22,28,7,1,24,25,10,1,1.2536554550593237,41.70185700631559
816,1096,0.91,0.778,0.09090079526785699,0.3580264022852274,22,28,7,1,10,26,10,1,1.1972401597006344,40.52862382755125
816,1097,0.907,0.765,0.0957625591384641,0.36194044070544984,22,28,7,1,11,26,10,1,1.1865386635082735,40.14561974589647
816,1098,0.904,0.75,0.10097844400060241,0.3663742750144293,22,28,7,1,12,26,10,1,1.1746131277999579,39.68066224390458
816,1099,0.9,0.733,0.10651368884250167,0.37142082408285026,22,28,7,1,13,26,10,1,1.1607277889324439,39.16090226849255
816,1100,0.896,0.714,0.1122337623214762,0.3771847425657767,22,28,7,1,14,26,10,1,1.145692803503627,38.550465296157725
816,1101,0.891,0.692,0.11814179143167236,0.3837744720346319,22,28,7,1,15,26,10,1,1.1281600063820734,37.83489487464872
816,1102,0.886,0.667,0.12400682388188311,0.3912825660804665,22,28,7,1,16,26,10,1,1.1090018034250442,36.97322626153014
816,1103,0.879,0.637,0.12967792716295756,0.39974478449687534,22,28,7,1,17,26,10,1,1.0855459455960397,35.93036064423102
816,1104,0.871,0.6,0.13483648650634117,0.40906464799419906,22,28,7,1,18,26,10,1,1.0576582623891329,34.56153328666178
816,1105,0.86,0.556,0.1392499194617921,0.4188913028749687,22,28,7,1,19,26,10,1,1.024078122019995,32.883138070877415
816,1106,0.846,0.5,0.14299819928660862,0.4284597184513368,22,28,7,1,20,26,10,1,0.9827085020493106,30.58379009161867
816,1107,0.827,0.429,0.1460046015773936,0.4364614936138894,22,28,7,1,21,26,10,1,0.9316490755643994,27.417685862896647
816,1108,0.798,0.333,0.14838226739350002,0.4410810856865294,22,28,7,1,22,26,10,1,0.8646924308677624,22.650447159981656
816,1109,0.759,0.5,0.1467756930244868,0.44014359208929765,22,28,7,1,23,26,10,1,0.9088899823410973,33.375354782818484
816,1110,0.724,0.667,0.13185061249578767,0.430292549436738,22,28,7,1,24,26,10,1,0.9844109914055207,42.653462767285006
816,1111,0.703,0.834,0.09335358777910918,0.4037862678594396,22,28,7,1,25,26,10,1,1.0907634940719275,49.87160130901361
816,1112,0.707,0.722,0.24946611969804722,0.4590276953022072,22,28,7,1,10,27,10,1,1.0105112567408638,45.60140316964763
816,1113,0.697,0.706,0.26830560776689116,0.46928669925121824,22,28,7,1,11,27,10,1,0.9920912256440936,45.36753737892448
816,1114,0.686,0.688,0.2890047155260649,0.4807830601177183,22,28,7,1,12,27,10,1,0.9715657466172838,45.08339991127708
816,1115,0.673,0.667,0.31159615744857505,0.4936631972210246,22,28,7,1,13,27,10,1,0.9475325851916652,44.7434534480157
816,1116,0.659,0.643,0.3359404672431803,0.5080492135133232,22,28,7,1,14,27,10,1,0.9207225423546445,44.295939838842195
816,1117,0.643,0.615,0.3616985400485303,0.5239964414858074,22,28,7,1,15,27,10,1,0.889760641970637,43.72494675244623
816,1118,0.625,0.584,0.38836211728831516,0.5414238345662964,22,28,7,1,16,27,10,1,0.8553835397060199,43.057711293267644
816,1119,0.603,0.545,0.41508556191998536,0.5600125621722165,22,28,7,1,17,27,10,1,0.8127939468278538,42.10772470299295
816,1120,0.576,0.5,0.44089811568481785,0.5790807051229103,22,28,7,1,18,27,10,1,0.7627424204802038,40.9597959815958
816,1121,0.544,0.444,0.46466477160819897,0.5974669407549349,22,28,7,1,19,27,10,1,0.702190857246091,39.22051417484409
816,1122,0.503,0.375,0.48610625888738446,0.6134833662278233,22,28,7,1,20,27,10,1,0.6274025820794811,36.70551747344714
816,1123,0.449,0.286,0.504607755000009,0.6249777484289468,22,28,7,1,21,27,10,1,0.5323504484829519,32.49595634902971
816,1124,0.384,0.167,0.5170107991785837,0.6293948242688241,22,28,7,1,22,27,10,1,0.41874216410578957,23.504021377660337
816,1125,0.357,0.334,0.5009341620273186,0.6234175213236655,22,28,7,1,23,27,10,1,0.4888813762049031,43.093608410229606
816,1126,0.367,0.5,0.44890166941490806,0.6016972603461299,22,28,7,1,24,27,10,1,0.6202330207268878,53.72133094768745
816,1127,0.401,0.667,0.351869052739088,0.5558921880252117,22,28,7,1,25,27,10,1,0.778260881709983,58.9857403699322
816,1128,0.449,0.834,0.21264045325629688,0.47877296247879975,22,28,7,1,26,27,10,1,0.9471837202992881,61.70334117925036
816,1129,0.379,0.667,0.4452858991166234,0.6176908471998868,22,28,7,1,10,28,10,1,0.7671570895194804,60.39407343348919
816,1130,0.359,0.647,0.4801248035433746,0.6386755378284421,22,28,7,1,11,28,10,1,0.7399256719427972,60.97548031901032
816,1131,0.337,0.625,0.5187778116270145,0.6622245041334511,22,28,7,1,12,28,10,1,0.7100661940974236,61.66645382579575
816,1132,0.312,0.6,0.5615218034361966,0.6886769881907131,22,28,7,1,13,28,10,1,0.6762721345730578,62.52556837372287
816,1133,0.285,0.572,0.6085761110867921,0.7183795387145608,22,28,7,1,14,28,10,1,0.6390688538803936,63.5151388048707
816,1134,0.254,0.539,0.6600995726420315,0.7516602985727475,22,28,7,1,15,28,10,1,0.5958498132919067,64.76816848099546
816,1135,0.219,0.5,0.7160829912211775,0.7887951295506415,22,28,7,1,16,28,10,1,0.5458580401532984,66.3465812429504
816,1136,0.178,0.455,0.7765412752669608,0.829971602278581,22,28,7,1,17,28,10,1,0.48857855049111604,68.63412586850234
816,1137,0.13,0.4,0.8414621619570153,0.8752521158181948,22,28,7,1,18,28,10,1,0.4205948168962618,71.99583839408662
816,1138,0.073,0.333,0.9110031325189474,0.924430205816323,22,28,7,1,19,28,10,1,0.3409076121180048,77.63525866253337
816,1139,0.014,0.25,0.9809219183303584,0.9742121198075855,22,28,7,1,20,28,10,1,0.25039169315294785,86.7947840689865
816,1140,0.076,0.143,0.9268412343021533,0.9552958647605777,22,28,7,1,21,28,10,1,0.16194134740701646,62.010761504676225
816,1141,0.159,0,0.8333392245521689,0.8912008844867222,22,28,7,1,22,28,10,1,0.159,0
816,1142,0.245,0.167,0.7262366502130606,0.8174382365892796,22,28,7,1,23,28,10,1,0.29650295108143526,34.27961975375024
816,1143,0.337,0.333,0.6034087473153625,0.73358013121067,22,28,7,1,24,28,10,1,0.47376998638579887,44.657939708641464
816,1144,0.436,0.5,0.4620338971447404,0.6392710733918718,22,28,7,1,25,28,10,1,0.6633973168471515,48.91157181252866
816,1145,0.55,0.667,0.300414031846043,0.5347941672008792,22,28,7,1,26,28,10,1,0.8645166279488209,50.49142747435632
816,1146,0.695,0.834,0.13000576585074086,0.42074975956809435,22,28,7,1,27,28,10,1,1.0856247049510248,50.19442890773481
816,1147,0.293,0.684,0.5034431335198088,0.6437173496290067,22,28,7,1,10,29,10,1,0.7441135666012278,66.81151991143005
816,1148,0.282,0.667,0.5285547811183184,0.6567667247776148,22,28,7,1,11,29,10,1,0.7241636555365093,67.08191242153043
816,1149,0.27,0.647,0.5534447447679575,0.6693024750162764,22,28,7,1,12,29,10,1,0.7010770285781728,67.34870221579268
816,1150,0.257,0.625,0.5770446006513246,0.6806155940641974,22,28,7,1,13,29,10,1,0.6757765903018541,67.6475351549265
816,1151,0.246,0.6,0.5979179765590026,0.6897264837482382,22,28,7,1,14,29,10,1,0.6484720502843588,67.70637084030592
816,1152,0.238,0.572,0.6139898592316773,0.6953802092679997,22,28,7,1,15,29,10,1,0.6195385379457842,67.40859086263862
816,1153,0.238,0.539,0.6223561839800219,0.6961270511693596,22,28,7,1,16,29,10,1,0.589207094322531,66.17573941710458
816,1154,0.251,0.5,0.6192477634820288,0.6905167784402921,22,28,7,1,17,29,10,1,0.5594649229397675,63.343348933715156
816,1155,0.287,0.454,0.600094699245119,0.6773655017018062,22,28,7,1,18,29,10,1,0.5371079965891403,57.70062089824933
816,1156,0.352,0.4,0.5611934249102566,0.6559687270358938,22,28,7,1,19,29,10,1,0.5328264257710948,48.65222278030634
816,1157,0.438,0.333,0.5035104262717971,0.6261437240644308,22,28,7,1,20,29,10,1,0.5502117774093899,37.244782892659444
816,1158,0.53,0.25,0.4336647213871313,0.588127589778957,22,28,7,1,21,29,10,1,0.5860034129593445,25.25316339457388
816,1159,0.624,0.143,0.356170569512548,0.5425062530276253,22,28,7,1,22,29,10,1,0.6401757571167468,12.907408671265836
816,1160,0.719,0.286,0.2728270122335471,0.49037441482889466,22,28,7,1,23,29,10,1,0.7737939002085762,21.6914105247594
816,1161,0.812,0.429,0.18696165453590508,0.4338615344707262,22,28,7,1,24,29,10,1,0.9183599512173862,27.848619092870326
816,1162,0.898,0.572,0.10452128024690421,0.377084646690219,22,28,7,1,25,29,10,1,1.0647008969659038,32.49595634902971
816,1163,0.966,0.714,0.03703367927537893,0.32748935065072593,22,28,7,1,26,29,10,1,1.2012293702703076,36.46923439005187
816,1164,0.998,0.857,0.002601641267591326,0.29745220291488195,22,28,7,1,27,29,10,1,1.315466837286292,40.65326144924435
816,1165,1,1,0,0.2928932188134524,22,28,7,1,28,29,10,1,1.4142135623730951,45
816,1166,0.33,0.7,0.43241272175170653,0.5979099994177073,22,28,7,1,10,30,10,1,0.7738862965578341,64.75947073521321
816,1167,0.333,0.684,0.43857642199042435,0.599891234575464,22,28,7,1,11,30,10,1,0.7607529165241498,64.04123073843937
816,1168,0.34,0.667,0.4415060824939818,0.5999722326936163,22,28,7,1,12,30,10,1,0.7486581329285084,62.990008464016164
816,1169,0.353,0.647,0.4401292102687381,0.5976801285273732,22,28,7,1,13,30,10,1,0.7370332421268392,61.38333613486975
816,1170,0.373,0.625,0.4331937173768319,0.5925318446967944,22,28,7,1,14,30,10,1,0.727842015824863,59.17124741108882
816,1171,0.404,0.6,0.419459052871486,0.5840741928989575,22,28,7,1,15,30,10,1,0.7233367127417217,56.046303447135095
816,1172,0.446,0.572,0.39770923812851244,0.5719289277325087,22,28,7,1,16,30,10,1,0.7253275122315435,52.055734908045345
816,1173,0.501,0.539,0.3670332172544334,0.5558332522974068,22,28,7,1,17,30,10,1,0.7358817839843571,47.092568732997684
816,1174,0.568,0.5,0.32769465600585057,0.5356678906164907,22,28,7,1,18,30,10,1,0.7567192345910073,41.35687178779396
816,1175,0.642,0.455,0.28130629049677147,0.5114739476625082,22,28,7,1,19,30,10,1,0.7868856333673909,35.326067808961994
816,1176,0.717,0.4,0.23090629285178155,0.4834747281425974,22,28,7,1,20,30,10,1,0.8210292321227058,29.15627637999523
816,1177,0.788,0.333,0.1796729393955745,0.4521332060960861,22,28,7,1,21,30,10,1,0.8554723841247011,22.90837646084402
816,1178,0.853,0.25,0.12979377499893097,0.4182813253901072,22,28,7,1,22,30,10,1,0.8888807569072468,16.334976405847076
816,1179,0.91,0.375,0.08369865502731877,0.38334599808959335,22,28,7,1,23,30,10,1,0.9842382841568398,22.395966988421264
816,1180,0.955,0.5,0.04465628064090743,0.3496657019851054,22,28,7,1,24,30,10,1,1.0779726341609976,27.63476507636205
816,1181,0.984,0.625,0.016732571254129858,0.32077931484313826,22,28,7,1,25,30,10,1,1.165710512949077,32.42218610938692
816,1182,0.998,0.75,0.0028454940565721953,0.30111904192094574,22,28,7,1,26,30,10,1,1.2484005767380917,36.92497207250216
816,1183,1,0.875,4.4125655326743285e-5,0.2934571612085449,22,28,7,1,27,30,10,1,1.3287682265918312,41.18592516570965
816,1184,1,1,0,0.2928932188134524,22,28,7,1,28,30,10,1,1.4142135623730951,45
816,1186,0.425,0.714,0.33237329045685726,0.5423795433647449,22,28,7,1,10,31,10,1,0.8309157598697957,59.23728046576109
816,1187,0.445,0.7,0.32572850076936966,0.5382130673354308,22,28,7,1,11,31,10,1,0.8294727240844029,57.555296740788556
816,1188,0.471,0.684,0.3155742528628598,0.5322745524629466,22,28,7,1,12,31,10,1,0.8304799816973315,55.44883830056525
816,1189,0.503,0.667,0.3014384952543424,0.5243664607603873,22,28,7,1,13,31,10,1,0.8354028968108741,52.97921604396197
816,1190,0.542,0.647,0.2829106718912787,0.5143221186144176,22,28,7,1,14,31,10,1,0.8440219191466535,50.04667009516999
816,1191,0.588,0.625,0.2597715210291356,0.5020209845600856,22,28,7,1,15,31,10,1,0.8581194555538291,46.747144868217894
816,1192,0.64,0.6,0.23228460835618658,0.48740332946823617,22,28,7,1,16,31,10,1,0.8772684879784524,43.15238973400541
816,1193,0.697,0.572,0.20113934583225868,0.4704843014869813,22,28,7,1,17,31,10,1,0.9016612445924467,39.37435567350906
816,1194,0.755,0.539,0.16749070619226014,0.45136974076831526,22,28,7,1,18,31,10,1,0.927656186310424,35.52331794778555
816,1195,0.812,0.5,0.13317118642836856,0.4302795593842106,22,28,7,1,19,31,10,1,0.9535953020018503,31.623247170148556
816,1196,0.863,0.455,0.10017947524489612,0.4075877301496079,22,28,7,1,20,31,10,1,0.975599302992781,27.799569700491592
816,1197,0.908,0.4,0.07008745848828679,0.38388814738512855,22,28,7,1,21,31,10,1,0.992201592419605,23.774865316085204
816,1198,0.944,0.333,0.04420401975720778,0.3600882101099182,22,28,7,1,22,31,10,1,1.0010119879402044,19.43050987323018
816,1199,0.971,0.444,0.023808559041421762,0.33751013205139935,22,28,7,1,23,31,10,1,1.0676970544119713,24.572749044988093
816,1200,0.989,0.556,0.009912721843541084,0.31793213319885516,22,28,7,1,24,31,10,1,1.1345734881443335,29.34399903481825
816,1201,0.997,0.667,0.00260181054388664,0.3033863913997191,22,28,7,1,25,31,10,1,1.1995407454521918,33.78280049855468
816,1202,1,0.778,2.625821688427843e-4,0.2953317928731086,22,28,7,1,26,31,10,1,1.266998026833507,37.88291605856699
816,1203,1,0.889,1.8249841504669462e-6,0.2930070204640446,22,28,7,1,27,31,10,1,1.3380287739805896,41.63709543013025
816,1204,1,1,0,0.2928932188134524,22,28,7,1,28,31,10,1,1.4142135623730951,45
816,1207,0.54,0.727,0.2362220410043102,0.49066448955899755,22,28,7,1,10,32,10,1,0.9056097393469219,53.39582734160114
816,1208,0.57,0.714,0.22379147008670885,0.48370965772945307,22,28,7,1,11,32,10,1,0.913616987582871,51.39895662736892
816,1209,0.604,0.7,0.2088655731561282,0.4754268814041729,22,28,7,1,12,32,10,1,0.9245625992868195,49.2104984033022
816,1210,0.643,0.684,0.19147919585920448,0.46576069251412877,22,28,7,1,13,32,10,1,0.9387784616191405,46.769690948040946
816,1211,0.685,0.667,0.17183506076882615,0.4546853980095851,22,28,7,1,14,32,10,1,0.956093091701849,44.23723143276749
816,1212,0.729,0.647,0.15029952102687805,0.44221261673128254,22,28,7,1,15,32,10,1,0.9747050836022145,41.58960460754664
816,1213,0.775,0.625,0.12744132156111387,0.4283997795681517,22,28,7,1,16,32,10,1,0.9956153875869939,38.884496433714595
816,1214,0.821,0.6,0.10406667420206073,0.4133607611822,22,28,7,1,17,32,10,1,1.0168780654532774,36.15993514296277
816,1215,0.863,0.571,0.08126162560243455,0.39728064747187786,22,28,7,1,18,32,10,1,1.0347994974873151,33.4904314714554
816,1216,0.902,0.539,0.06016500071451525,0.3804372045497302,22,28,7,1,19,32,10,1,1.050773524599854,30.8608916883495
816,1217,0.934,0.5,0.04168043567382207,0.36323092612340013,22,28,7,1,20,32,10,1,1.0594130450395636,28.161564144837747
816,1218,0.959,0.454,0.026416561791172133,0.346221856954117,22,28,7,1,21,32,10,1,1.0610358146641423,25.333333386122614
816,1219,0.978,0.4,0.014750978510151391,0.3301620987500836,22,28,7,1,22,32,10,1,1.0566380648074345,22.244461164825683
816,1220,0.99,0.5,0.006817423938684786,0.3159948066643764,22,28,7,1,23,32,10,1,1.1090987332063813,26.796081293973465
816,1221,0.997,0.6,0.0023373103165915676,0.3047611079408642,22,28,7,1,24,32,10,1,1.1636189238749943,31.039756784569477
816,1222,0.999,0.7,4.7691826244067315e-4,0.29731562802046374,22,28,7,1,25,32,10,1,1.219836464449231,35.01895575443812
816,1223,1,0.8,3.4226831660877366e-5,0.29376691064866356,22,28,7,1,26,32,10,1,1.2806248474865698,38.659808254090095
816,1224,1,0.9,1.4706580642176448e-7,0.29292539752110225,22,28,7,1,27,32,10,1,1.3453624047073711,41.98721249581666
816,1225,1,1,0,0.2928932188134524,22,28,7,1,28,32,10,1,1.4142135623730951,45
816,1229,0.647,0.739,0.16406080418449087,0.4502565905330689,22,28,7,1,10,33,10,1,0.9822066992237428,48.79761210717523
816,1230,0.68,0.727,0.15090692286949026,0.44253993959970217,22,28,7,1,11,33,10,1,0.99545416770437,46.913220098430514
816,1231,0.714,0.715,0.1364636607046319,0.4338970444078962,22,28,7,1,12,33,10,1,1.0104558377286954,45.040095010609086
816,1232,0.751,0.7,0.12094013499588407,0.4243333857059166,22,28,7,1,13,33,10,1,1.0266455084399873,42.98698667294998
816,1233,0.788,0.684,0.10463758256821165,0.41387838855805503,22,28,7,1,14,33,10,1,1.0434557968596465,40.958644145568506
816,1234,0.825,0.667,0.08793741348957873,0.4025906377769273,22,28,7,1,15,33,10,1,1.0609024460335643,38.95501428058561
816,1235,0.861,0.647,0.07138145747709035,0.3905644316968707,22,28,7,1,16,33,10,1,1.0770004642524533,36.923097054430635
816,1236,0.894,0.625,0.055605749372068525,0.3779383982686577,22,28,7,1,17,33,10,1,1.0908074990574643,34.95759540089068
816,1237,0.923,0.6,0.04124940116935316,0.3649069491408542,22,28,7,1,18,33,10,1,1.1008764690009503,33.02604942097126
816,1238,0.948,0.572,0.028842937990572137,0.35173489922442247,22,28,7,1,19,33,10,1,1.1071982658945958,31.105753216606644
816,1239,0.967,0.539,0.01871227170835732,0.33877400353954434,22,28,7,1,20,33,10,1,1.1070727166722159,29.13503328578192
816,1240,0.981,0.5,0.010975907262663176,0.3264764966426774,22,28,7,1,21,33,10,1,1.1010726588195712,27.007211290791425
816,1241,0.991,0.455,0.005588343740094981,0.3153937765633462,22,28,7,1,22,33,10,1,1.0904613702465575,24.66137852240639
816,1242,0.996,0.545,0.0023101801752263285,0.3061375565390012,22,28,7,1,23,33,10,1,1.1353594144586991,28.68698287441895
816,1243,0.999,0.637,6.896397430828927e-4,0.2992687190190526,22,28,7,1,24,33,10,1,1.1848080013234212,32.52311750405272
816,1244,1,0.728,1.1788226414755076e-4,0.2950770344518783,22,28,7,1,25,33,10,1,1.2369252200517216,36.05461816646104
816,1245,1,0.819,6.717964732061432e-6,0.29327857792537715,22,28,7,1,26,33,10,1,1.2925792045364184,39.31747620953449
816,1246,1,0.91,2.0952177992583643e-8,0.29290533568114774,22,28,7,1,27,33,10,1,1.3520724832641184,42.3021943666837
816,1247,1,1,0,0.2928932188134524,22,28,7,1,28,33,10,1,1.4142135623730951,45
816,1252,0.735,0.75,0.11174017718754303,0.41816594692560827,22,28,7,1,10,34,10,1,1.0501071373912283,45.57872556560776
816,1253,0.766,0.739,0.10011647313396432,0.4105642089838881,22,28,7,1,11,34,10,1,1.0643669480024265,43.97221254970893
816,1254,0.797,0.727,0.0880111188107583,0.4023425136919764,22,28,7,1,12,34,10,1,1.0787668886279371,42.37015247090608
816,1255,0.828,0.714,0.07564143342000618,0.3935334563736904,22,28,7,1,13,34,10,1,1.0933343495930237,40.77181729483836
816,1256,0.859,0.7,0.06328456114939218,0.3841890239439877,22,28,7,1,14,34,10,1,1.1080979198608758,39.17662720214229
816,1257,0.887,0.684,0.05128788191531031,0.374384649562724,22,28,7,1,15,34,10,1,1.120100441924741,37.63720596093372
816,1258,0.914,0.667,0.040032148962256264,0.36422430329061384,22,28,7,1,16,34,10,1,1.1314967962835778,36.12044636937298
816,1259,0.937,0.647,0.029888910599958463,0.35384682913373733,22,28,7,1,17,34,10,1,1.1386737899855253,34.62514094947951
816,1260,0.956,0.625,0.021166647954478757,0.3434334660327162,22,28,7,1,18,34,10,1,1.1421738046374554,33.17528199960569
816,1261,0.972,0.6,0.014051921482703844,0.33321576229778105,22,28,7,1,19,34,10,1,1.1422714213355774,31.686367687856603
816,1262,0.983,0.572,0.008591192800122993,0.3234815495766651,22,28,7,1,20,34,10,1,1.137309544495253,30.194789829614336
816,1263,0.991,0.539,0.004703365465694054,0.31457384039293235,22,28,7,1,21,34,10,1,1.1280966270670256,28.541550731965074
816,1264,0.996,0.5,0.0022071394886628015,0.3068731836138703,22,28,7,1,22,34,10,1,1.1144577156626445,26.65701864145414
816,1265,0.999,0.584,8.272533633109092e-4,0.3007490218325991,22,28,7,1,23,34,10,1,1.1571763046312347,30.30989800225055
816,1266,1,0.667,2.1898736099623672e-4,0.29646430757675324,22,28,7,1,24,34,10,1,1.202035357217083,33.70328759485296
816,1267,1,0.75,3.2295110457547516e-5,0.29403131537622806,22,28,7,1,25,34,10,1,1.25,36.86989764584402
816,1268,1,0.833,1.5244204465414413e-6,0.2930762481854384,22,28,7,1,26,34,10,1,1.3014949097096,39.79429794346564
816,1269,1,0.917,3.711894569491392e-9,0.29289831065334737,22,28,7,1,27,34,10,1,1.3567936468011634,42.52082345847564
816,1270,1,1,0,0.2928932188134524,22,28,7,1,28,34,10,1,1.4142135623730951,45
816,1276,0.804,0.76,0.079639294708163,0.3960620003057004,22,28,7,1,10,35,10,1,1.1063525658667765,43.38852332747545
816,1277,0.83,0.75,0.06995067746420991,0.3889440590722949,22,28,7,1,11,35,10,1,1.118659912573969,42.101423200718294
816,1278,0.857,0.739,0.0601814465377728,0.38140338153168873,22,28,7,1,12,35,10,1,1.1316227286512055,40.77153943919082
816,1279,0.882,0.727,0.05053684425770266,0.37348122125782424,22,28,7,1,13,35,10,1,1.1430017497799378,39.497497729105206
816,1280,0.906,0.714,0.0412472102975211,0.3652348033059595,22,28,7,1,14,35,10,1,1.153530233674003,38.2409188730295
816,1281,0.927,0.7,0.03255636272212503,0.35674052653261246,22,28,7,1,15,35,10,1,1.161606215548109,37.05733151764184
816,1282,0.946,0.684,0.02470143823526494,0.34809781599594025,22,28,7,1,16,35,10,1,1.1673782591773756,35.868599745758985
816,1283,0.962,0.667,0.017892113710533564,0.339433555192185,22,28,7,1,17,35,10,1,1.1706122329789657,34.73539584638822
816,1284,0.975,0.647,0.01226216108931999,0.3309066891779757,22,28,7,1,18,35,10,1,1.170142726337262,33.567843957969785
816,1285,0.984,0.625,0.007849439744653575,0.3227119029244122,22,28,7,1,19,35,10,1,1.165710512949077,32.42218610938692
816,1286,0.991,0.6,0.004605370072618409,0.3150800448211363,22,28,7,1,20,35,10,1,1.1584821966694179,31.192768790926145
816,1287,0.996,0.572,0.0024042441579426033,0.3082710085746845,22,28,7,1,21,35,10,1,1.1485643212288983,29.86863008834868
816,1288,0.998,0.539,0.001067535094053329,0.30255223332704406,22,28,7,1,22,35,10,1,1.1342508540882834,28.372602110971446
816,1289,0.999,0.615,3.746726580061699e-4,0.2981540820348263,22,28,7,1,23,35,10,1,1.173126591634509,31.617101137014032
816,1290,1,0.692,9.177577994057273e-5,0.29519612198174805,22,28,7,1,24,35,10,1,1.216085523308291,34.68323429289684
816,1291,1,0.769,1.2311809121312578e-5,0.2935938584215393,22,28,7,1,25,35,10,1,1.2614915774590014,37.560284279318815
816,1292,1,0.846,5.163624474668893e-7,0.2929995199139761,22,28,7,1,26,35,10,1,1.30985342691463,40.23122105657414
816,1293,1,0.923,1.0801343153232779e-9,0.29289596236218896,22,28,7,1,27,35,10,1,1.3608559806239602,42.707010169212275
816,1294,1,1,0,0.2928932188134524,22,28,7,1,28,35,10,1,1.4142135623730951,45
816,1367,1,1,0,0.2928932188134524,22,28,7,1,10,22,1,4,1.4142135623730951,45
816,1368,1,1,0,0.2928932188134524,22,28,7,1,11,22,1,4,1.4142135623730951,45
816,1369,1,1,0,0.2928932188134524,22,28,7,1,12,22,1,4,1.4142135623730951,45
816,1370,1,1,0,0.2928932188134524,22,28,7,1,13,22,1,4,1.4142135623730951,45
816,1371,1,1,0,0.2928932188134524,22,28,7,1,14,22,1,4,1.4142135623730951,45
816,1372,1,1,0,0.2928932188134524,22,28,7,1,15,22,1,4,1.4142135623730951,45
816,1373,1,1,0,0.2928932188134524,22,28,7,1,16,22,1,4,1.4142135623730951,45
816,1374,1,1,0,0.2928932188134524,22,28,7,1,17,22,1,4,1.4142135623730951,45
816,1375,1,1,0,0.2928932188134524,22,28,7,1,18,22,1,4,1.4142135623730951,45
816,1376,1,1,0,0.2928932188134524,22,28,7,1,19,22,1,4,1.4142135623730951,45
816,1377,1,1,0,0.2928932188134524,22,28,7,1,20,22,1,4,1.4142135623730951,45
816,1378,1,1,0,0.2928932188134524,22,28,7,1,21,22,1,4,1.4142135623730951,45
816,1379,1,0.945,5.878769910871995e-7,0.29289382876772296,22,28,7,1,10,23,1,4,1.3758724504836921,43.38024250274473
816,1380,1,0.942,6.637431202438648e-7,0.29289391180984226,22,28,7,1,11,23,1,4,1.3738136700440857,43.289306039103366
816,1381,1,0.938,7.654101147336334e-7,0.2928940263482185,22,28,7,1,12,23,1,4,1.3710740315533658,43.16763304046667
816,1382,1,0.934,8.973411621537863e-7,0.29289418223496777,22,28,7,1,13,23,1,4,1.3683406008739198,43.045473375173806
816,1383,1,0.929,1.0732424522430506e-6,0.2928944024793444,22,28,7,1,14,23,1,4,1.3649325990685401,42.8920866639288
816,1384,1,0.923,1.3217450880453896e-6,0.2928947475009147,22,28,7,1,15,23,1,4,1.3608559806239602,42.707010169212275
816,1385,1,0.917,1.6708388854702605e-6,0.29289530267225616,22,28,7,1,16,23,1,4,1.3567936468011634,42.52082345847564
816,1386,1,0.91,2.164682356697867e-6,0.29289625788758566,22,28,7,1,17,23,1,4,1.3520724832641184,42.3021943666837
816,1387,1,0.9,2.8764904798084245e-6,0.2928980346491853,22,28,7,1,18,23,1,4,1.3453624047073711,41.98721249581666
816,1388,1,0.889,3.7466276304742863e-6,0.292901329591015,22,28,7,1,19,23,1,4,1.3380287739805896,41.63709543013025
816,1389,1,0.875,4.907628030514921e-6,0.29290875251485105,22,28,7,1,20,23,1,4,1.3287682265918312,41.18592516570965
816,1390,1,0.857,6.539094822621827e-6,0.292932358304994,22,28,7,1,21,23,1,4,1.3169848138835922,40.59657583596283
816,1391,1,0.834,8.923860280174445e-6,0.2930811662301218,22,28,7,1,22,23,1,4,1.3021351696348578,39.82810630428432
816,1392,1,0.889,3.0578440586626066e-5,0.2929278155247699,22,28,7,1,10,24,1,4,1.3380287739805896,41.63709543013025
816,1393,1,0.883,3.494442518625629e-5,0.29293206976152886,22,28,7,1,11,24,1,4,1.3340498491435768,41.4445038973404
816,1394,1,0.875,4.087463787072476e-5,0.29293782155774284,22,28,7,1,12,24,1,4,1.3287682265918312,41.18592516570965
816,1395,1,0.867,4.8753307646642874e-5,0.2929454961533877,22,28,7,1,13,24,1,4,1.323513883569039,40.92528797789907
816,1396,1,0.857,5.943704637367819e-5,0.29295609312693993,22,28,7,1,14,24,1,4,1.3169848138835922,40.59657583596283
816,1397,1,0.846,7.52359879195863e-5,0.2929720737283338,22,28,7,1,15,24,1,4,1.30985342691463,40.23122105657414
816,1398,1,0.833,9.856319435797012e-5,0.29299652907942353,22,28,7,1,16,24,1,4,1.3014949097096,39.79429794346564
816,1399,1,0.819,1.3348664615464578e-4,0.29303563864159454,22,28,7,1,17,24,1,4,1.2925792045364184,39.31747620953449
816,1400,1,0.8,1.857770044678686e-4,0.29310070607350913,22,28,7,1,18,24,1,4,1.2806248474865698,38.659808254090095
816,1401,1,0.778,2.578245375852717e-4,0.29320539812309154,22,28,7,1,19,24,1,4,1.266998026833507,37.88291605856699
816,1402,1,0.75,3.663828086558629e-4,0.29340080971334703,22,28,7,1,20,24,1,4,1.25,36.86989764584402
816,1403,1,0.714,5.363326323772899e-4,0.29385002759541945,22,28,7,1,21,24,1,4,1.2287375635179385,35.52683658500573
816,1404,0.999,0.667,8.11857909140068e-4,0.29526105662193636,22,28,7,1,22,24,1,4,1.2012035630982785,33.729755198814786
816,1405,0.998,0.834,0.0012495742766610585,0.3001435891883695,22,28,7,1,23,24,1,4,1.30059986160233,39.88453746411934
816,1406,1,0.834,2.3515342674462758e-4,0.2931757735724462,22,28,7,1,10,25,1,4,1.3021351696348578,39.82810630428432
816,1407,1,0.824,2.6910331811536015e-4,0.2932074114469486,22,28,7,1,11,25,1,4,1.2957530628943155,39.48852258397938
816,1408,1,0.813,3.1489073391310907e-4,0.2932494722991362,22,28,7,1,12,25,1,4,1.2887858627405873,39.111110804715416
816,1409,1,0.8,3.7563437274334976e-4,0.2933046639456127,22,28,7,1,13,25,1,4,1.2806248474865698,38.659808254090095
816,1410,1,0.786,4.585417600792008e-4,0.2933793698113939,22,28,7,1,14,25,1,4,1.2719260984821406,38.1673468344621
816,1411,0.999,0.769,5.801195787276114e-4,0.2934884324700956,22,28,7,1,15,25,1,4,1.2606990124530122,37.58798896461457
816,1412,0.999,0.75,7.544689559776385e-4,0.2936484510781794,22,28,7,1,16,25,1,4,1.2492001440922107,36.89741723042958
816,1413,0.999,0.728,0.001006814475249418,0.2938896637710803,22,28,7,1,17,25,1,4,1.2361169038565891,36.08189858557171
816,1414,0.999,0.7,0.001371473762761366,0.2942590212349214,22,28,7,1,18,25,1,4,1.219836464449231,35.01895575443812
816,1415,0.998,0.667,0.0018658867373936294,0.2948007773477669,22,28,7,1,19,25,1,4,1.2003720256653767,33.75625947840964
816,1416,0.998,0.625,0.002584520777548005,0.29570554714392583,22,28,7,1,20,25,1,4,1.1775521219886618,32.056959195154654
816,1417,0.996,0.572,0.0037070063242944373,0.2974708130309446,22,28,7,1,21,25,1,4,1.1485643212288983,29.86863008834868
816,1418,0.994,0.5,0.0056257934769222695,0.3016951113542782,22,28,7,1,22,25,1,4,1.112670661067326,26.70322401094096
816,1419,0.989,0.667,0.00922975103278223,0.31232653080614825,22,28,7,1,23,25,1,4,1.1928998281498746,33.996459148250494
816,1420,0.973,0.834,0.014031530853077623,0.3259048167120714,22,28,7,1,24,25,1,4,1.2815166795637112,40.60129464500447
816,1421,0.999,0.778,8.254443447214266e-4,0.29399137370323014,22,28,7,1,10,26,1,4,1.266208908513915,37.910701733027835
816,1422,0.999,0.765,9.366943621405e-4,0.2941043656364589,22,28,7,1,11,26,1,4,1.2582630885470654,37.443655943560536
816,1423,0.999,0.75,0.0010843450689024259,0.29425246615237943,22,28,7,1,12,26,1,4,1.2492001440922107,36.89741723042958
816,1424,0.998,0.733,0.001277477783651837,0.29444410563865375,22,28,7,1,13,26,1,4,1.2382620885741435,36.296126109556774
816,1425,0.998,0.714,0.0015372861265414706,0.29469914977795253,22,28,7,1,14,26,1,4,1.227110426978762,35.581100125088206
816,1426,0.998,0.692,0.0019111093502204302,0.2950614980084597,22,28,7,1,15,26,1,4,1.2144414353932427,34.73692734495394
816,1427,0.997,0.667,0.0024430123395011716,0.29557521465435055,22,28,7,1,16,26,1,4,1.1995407454521918,33.78280049855468
816,1428,0.996,0.637,0.003196774192679719,0.2963148025138739,22,28,7,1,17,26,1,4,1.182279577764921,32.60128303602807
816,1429,0.995,0.6,0.004256585880514363,0.2973821718080508,22,28,7,1,18,26,1,4,1.1619057620994915,31.090610449182183
816,1430,0.993,0.556,0.005652943364858554,0.298859901310942,22,28,7,1,19,26,1,4,1.138061949104705,29.245312228206263
816,1431,0.99,0.5,0.007764403729808134,0.30117407503638083,22,28,7,1,20,26,1,4,1.1090987332063813,26.796081293973465
816,1432,0.986,0.429,0.011409352604186296,0.30531393327949397,22,28,7,1,21,26,1,4,1.0752846134861225,23.513437763151156
816,1433,0.977,0.333,0.018586172251103594,0.31402796404187727,22,28,7,1,22,26,1,4,1.0321908738213101,18.82112776330988
816,1434,0.962,0.5,0.03246123809315382,0.3333071953892718,22,28,7,1,23,26,1,4,1.084178952018531,27.46317877283496
816,1435,0.926,0.667,0.05754531728863621,0.3646215133907874,22,28,7,1,24,26,1,4,1.1412120749448809,35.76529556173256
816,1436,0.844,0.834,0.07717994099361047,0.38732234109773656,22,28,7,1,25,26,1,4,1.1865462485718792,44.65855124413389
816,1437,0.997,0.722,0.0019401416760429502,0.2960054675998546,22,28,7,1,10,27,1,4,1.2309723798688579,35.91102304014202
816,1438,0.997,0.706,0.0021874204750247372,0.29630278397428933,22,28,7,1,11,27,1,4,1.22165666207818,35.30324018898705
816,1439,0.996,0.688,0.0025143555058986244,0.2966879187406277,22,28,7,1,12,27,1,4,1.2105205491853495,34.635283354996076
816,1440,0.995,0.667,0.002941031976998243,0.29718065434070295,22,28,7,1,13,27,1,4,1.197878958826809,33.835993020749214
816,1441,0.994,0.643,0.0035093540125333833,0.29782739353960297,22,28,7,1,14,27,1,4,1.1838433173355332,32.898072286066544
816,1442,0.993,0.615,0.004315600870053671,0.29872618793414185,22,28,7,1,15,27,1,4,1.1680214039134729,31.771396844107077
816,1443,0.991,0.584,0.005444081722323135,0.2999668510022412,22,28,7,1,16,27,1,4,1.1502769231798053,30.511003720307578
816,1444,0.989,0.545,0.007031539518817631,0.3016933963665682,22,28,7,1,17,27,1,4,1.1292236270996105,28.85747506609787
816,1445,0.985,0.5,0.009288463502293953,0.30408737331705027,22,28,7,1,18,27,1,4,1.1046379497373788,26.912996977743674
816,1446,0.98,0.444,0.012409409194748755,0.3072934860125184,22,28,7,1,19,27,1,4,1.07588847005626,24.373436933545527
816,1447,0.973,0.375,0.01729458147515428,0.3121418178284108,22,28,7,1,20,27,1,4,1.0427626767390554,21.07696005493113
816,1448,0.962,0.286,0.025794561292937668,0.3204310638701402,22,28,7,1,21,27,1,4,1.0036134714121767,16.557071375636653
816,1449,0.944,0.167,0.04213478836302842,0.3367920272592416,22,28,7,1,22,27,1,4,0.9586579160472206,10.032215128812908
816,1450,0.912,0.334,0.07680385559027891,0.3708418631763988,22,28,7,1,23,27,1,4,0.9712363255150623,20.114148716645037
816,1451,0.849,0.5,0.14422149368986037,0.4282841078798181,22,28,7,1,24,27,1,4,0.9852923424040196,30.4950286710452
816,1452,0.729,0.667,0.22638094879509651,0.4862257105997998,22,28,7,1,25,27,1,4,0.9880941250710885,42.4570161520722
816,1453,0.559,0.834,0.2417813294059219,0.49518280258511826,22,28,7,1,26,27,1,4,1.0040104581128626,56.167484696903166
816,1454,0.993,0.667,0.0037008420751213356,0.29994657526859336,22,28,7,1,10,28,1,4,1.1962182075190129,33.88933328707825
816,1455,0.992,0.647,0.004152212054493676,0.3005771316492162,22,28,7,1,11,28,1,4,1.1843449666376769,33.11310376903397
816,1456,0.991,0.625,0.004745718721663517,0.3013859559275075,22,28,7,1,12,28,1,4,1.1716253667448482,32.238649817393316
816,1457,0.989,0.6,0.005518693801772501,0.30241119393086136,22,28,7,1,13,28,1,4,1.1567718011777433,31.244074640000616
816,1458,0.987,0.572,0.006545050147796605,0.3037417031576993,22,28,7,1,14,28,1,4,1.140768600549647,30.09374766650679
816,1459,0.984,0.539,0.007988994428950735,0.30555816391874335,22,28,7,1,15,28,1,4,1.1219523162773006,28.7123513274988
816,1460,0.98,0.5,0.010024711843044543,0.3080142684481877,22,28,7,1,16,28,1,4,1.1001818031580053,27.03086025984298
816,1461,0.975,0.455,0.01292743258382012,0.3113482292196428,22,28,7,1,17,28,1,4,1.075941448221045,25.016893478100023
816,1462,0.968,0.4,0.01706282624914901,0.3158477791923878,22,28,7,1,18,28,1,4,1.0473891349446012,22.451546456003875
816,1463,0.958,0.333,0.02281398697418935,0.32175974948094044,22,28,7,1,19,28,1,4,1.014225320133549,19.167408750822798
816,1464,0.944,0.25,0.03173347917138147,0.3305231206975896,22,28,7,1,20,28,1,4,0.9765428818029447,14.833152744973269
816,1465,0.923,0.143,0.04706631261954719,0.34511262704486,22,28,7,1,21,28,1,4,0.934011777227675,8.806792694435305
816,1466,0.891,0,0.07758611033226503,0.3727774880018002,22,28,7,1,22,28,1,4,0.891,0
816,1467,0.839,0.167,0.1414419298195273,0.42758648868580396,22,28,7,1,23,28,1,4,0.8554589411538113,11.25739165471446
816,1468,0.748,0.333,0.25656903727114033,0.5169179753648135,22,28,7,1,24,28,1,4,0.8187753049524638,23.998014626965738
816,1469,0.593,0.5,0.3924971411331508,0.6107567331344793,22,28,7,1,25,28,1,4,0.7756603638191139,40.136592876842535
816,1470,0.402,0.667,0.502579560754117,0.661131527360122,22,28,7,1,26,28,1,4,0.7787766046819845,58.922686687387056
816,1471,0.38,0.834,0.3662101357233756,0.558918050414807,22,28,7,1,27,28,1,4,0.9164911347088961,65.504306223792085
816,1472,0.987,0.684,0.006191974687657087,0.3058508750981318,22,28,7,1,10,29,1,4,1.200843453577526,34.72231221754552
816,1473,0.985,0.667,0.006923716019247683,0.30693992603526277,22,28,7,1,11,29,1,4,1.1895856421460373,34.104182293121426
816,1474,0.982,0.647,0.007878050212974608,0.3083252802550065,22,28,7,1,12,29,1,4,1.1759817175449625,33.379267996886426
816,1475,0.979,0.625,0.009118517040326402,0.3100676057392956,22,28,7,1,13,29,1,4,1.1614930047141911,32.554426988587885
816,1476,0.974,0.6,0.010778147544947325,0.3123072751909054,22,28,7,1,14,29,1,4,1.1439737759232071,31.633751599360565
816,1477,0.969,0.572,0.01312083643598061,0.31532062076991174,22,28,7,1,15,29,1,4,1.1252310873771663,30.5533228214728
816,1478,0.962,0.539,0.016415231745278813,0.3193286937022688,22,28,7,1,16,29,1,4,1.1027080302600503,29.261520046194704
816,1479,0.953,0.5,0.02108035315659107,0.3246671341557217,22,28,7,1,17,29,1,4,1.0762011893693482,27.68415308127754
816,1480,0.94,0.454,0.027669016416799197,0.3317337343223732,22,28,7,1,18,29,1,4,1.0438946306979455,25.77955414365773
816,1481,0.924,0.4,0.03671372964099762,0.34090322162897047,22,28,7,1,19,29,1,4,1.006864439733572,23.407807349337617
816,1482,0.901,0.333,0.05060826156063847,0.3543085199500169,22,28,7,1,20,29,1,4,0.9605675405717184,20.28377537905405
816,1483,0.868,0.25,0.07476587685562064,0.37618838593303416,22,28,7,1,21,29,1,4,0.903285115564294,16.06737578250743
816,1484,0.82,0.143,0.12224263743955144,0.416354817663254,22,28,7,1,22,29,1,4,0.8323755162184913,9.892343685506454
816,1485,0.746,0.286,0.21686184913143058,0.4921384385306675,22,28,7,1,23,29,1,4,0.7989443034404838,20.97572552149939
816,1486,0.629,0.429,0.3708327834274243,0.6088182502549941,22,28,7,1,24,29,1,4,0.7613685047334176,34.29535561072569
816,1487,0.45,0.572,0.550095236018762,0.7276999362288068,22,28,7,1,25,29,1,4,0.7277939268776568,51.8074001931628
816,1488,0.261,0.714,0.7108299938010697,0.7591383119749572,22,28,7,1,26,29,1,4,0.760208524024823,69.92030594398291
816,1489,0.398,0.857,0.421609505187613,0.5564448102912299,22,28,7,1,27,29,1,4,0.9449089903265817,65.08933858518787
816,1490,1,1,0,0.2928932188134524,22,28,7,1,28,29,1,4,1.4142135623730951,45
816,1491,0.977,0.7,0.00943620019699265,0.31281188374078106,22,28,7,1,10,30,1,4,1.2018856018773167,35.62080344142752
816,1492,0.973,0.684,0.010519854129679374,0.3143901543053519,22,28,7,1,11,30,1,4,1.1893632750341672,35.106469530142775
816,1493,0.969,0.667,0.01193690952643589,0.3163833711925681,22,28,7,1,12,30,1,4,1.1763715399481578,34.54113298956163
816,1494,0.963,0.647,0.013779809275018762,0.31887310669948543,22,28,7,1,13,30,1,4,1.1601629195936232,33.895526050697924
816,1495,0.956,0.625,0.01623968044513424,0.32204711680608267,22,28,7,1,14,30,1,4,1.1421738046374554,33.17528199960569
816,1496,0.947,0.6,0.01969098790154089,0.32626502449945627,22,28,7,1,15,30,1,4,1.1210749305911714,32.35751811517823
816,1497,0.936,0.572,0.024499961380415214,0.33179917676309656,22,28,7,1,16,30,1,4,1.0969412017059073,31.42956561483851
816,1498,0.922,0.539,0.0312335247540948,0.339057862913539,22,28,7,1,17,30,1,4,1.0679911048318709,30.310500698955533
816,1499,0.904,0.5,0.04057416884071985,0.34852061223998476,22,28,7,1,18,30,1,4,1.0330614696134979,28.946864888881606
816,1500,0.879,0.455,0.053257778750649076,0.3606758240101966,22,28,7,1,19,30,1,4,0.9897807838102334,27.367605628344506
816,1501,0.847,0.4,0.07276286835793955,0.37822863322667455,22,28,7,1,20,30,1,4,0.9367011262937608,25.2792586449571
816,1502,0.802,0.333,0.106373922901848,0.40634094789524244,22,28,7,1,21,30,1,4,0.8683852831548909,22.54880989427453
816,1503,0.739,0.25,0.17024280016817173,0.4562798663486204,22,28,7,1,22,30,1,4,0.7801416538039743,18.690420812349746
816,1504,0.648,0.375,0.28954246402960837,0.5453332581915035,22,28,7,1,23,30,1,4,0.7486848469149086,30.058125479486673
816,1505,0.517,0.5,0.464489655314296,0.6706340115686575,22,28,7,1,24,30,1,4,0.7192280584070674,44.04234262904472
816,1506,0.34,0.625,0.6523994750483779,0.7747768694035236,22,28,7,1,25,30,1,4,0.7114949051117654,61.453809268956626
816,1507,0.216,0.75,0.7704723237451035,0.7267447368494022,22,28,7,1,26,30,1,4,0.7804844649318781,73.93359946480334
816,1508,0.573,0.875,0.37997770510065154,0.4943253861706156,22,28,7,1,27,30,1,4,1.0459225592748251,56.780929333230404
816,1509,1,1,0,0.2928932188134524,22,28,7,1,28,30,1,4,1.4142135623730951,45
816,1511,0.963,0.714,0.013376563203231995,0.3201549523788819,22,28,7,1,10,31,1,4,1.1988181680304981,36.55445860331468
816,1512,0.958,0.7,0.01487582388226738,0.32219833900068473,22,28,7,1,11,31,1,4,1.1864923092881807,36.15518628887341
816,1513,0.951,0.684,0.016828907777058033,0.3247627453167452,22,28,7,1,12,31,1,4,1.171433736922409,35.725308432542285
816,1514,0.943,0.667,0.019360690682938997,0.32794688390658544,22,28,7,1,13,31,1,4,1.1550489167130542,35.2724214485984
816,1515,0.933,0.647,0.022722546565439927,0.3319769141768192,22,28,7,1,14,31,1,4,1.13538451636439,34.73983605967473
816,1516,0.92,0.625,0.027392532918539714,0.33727588298180844,22,28,7,1,15,31,1,4,1.1122162559502535,34.190142678587996
816,1517,0.905,0.6,0.033831748266097805,0.3441486980537374,22,28,7,1,16,31,1,4,1.0858291762519554,33.54371847129808
816,1518,0.885,0.572,0.042697250709655465,0.35304878796386874,22,28,7,1,17,31,1,4,1.0537594602185074,32.87570486614728
816,1519,0.86,0.539,0.05479888038122349,0.36450607646614863,22,28,7,1,18,31,1,4,1.0149487671799005,32.07718989154943
816,1520,0.828,0.5,0.07115323117081485,0.37909338763215195,22,28,7,1,19,31,1,4,0.9672559123623903,31.126297314514783
816,1521,0.787,0.455,0.09612152286089404,0.3999095933348842,22,28,7,1,20,31,1,4,0.909062154090687,30.034133013700135
816,1522,0.732,0.4,0.13827598333179902,0.4326124012216902,22,28,7,1,21,31,1,4,0.8341606559890007,28.654314061927188
816,1523,0.659,0.333,0.2150300179982385,0.48872254164307816,22,28,7,1,22,31,1,4,0.7383562825628289,26.80797549770441
816,1524,0.561,0.444,0.34797078176302787,0.5825920044661086,22,28,7,1,23,31,1,4,0.7154418215340784,38.35963664799103
816,1525,0.432,0.556,0.5232229718151027,0.6992815703546076,22,28,7,1,24,31,1,4,0.70410226529958,52.15356431839442
816,1526,0.283,0.667,0.688550318900617,0.7628206778254858,22,28,7,1,25,31,1,4,0.7245536557081195,67.00907722327321
816,1527,0.25,0.778,0.7033208203439415,0.6675420360648432,22,28,7,1,26,31,1,4,0.8171805186126258,72.18587897924279
816,1528,0.664,0.889,0.312246897057222,0.45208505492253415,22,28,7,1,27,31,1,4,1.1096021809639705,53.24370234492485
816,1529,1,1,0,0.2928932188134524,22,28,7,1,28,31,1,4,1.4142135623730951,45
816,1532,0.947,0.727,0.017880216861097975,0.32748579226782926,22,28,7,1,10,32,1,4,1.1938752028583222,37.512996325385885
816,1533,0.939,0.714,0.019827355790057122,0.3299471268644343,22,28,7,1,11,32,1,4,1.1796257881209617,37.24875536613421
816,1534,0.929,0.7,0.022352737866653816,0.33301897452493423,22,28,7,1,12,32,1,4,1.163202905773537,36.99796571551633
816,1535,0.918,0.684,0.02560652455466972,0.336813180222328,22,28,7,1,13,32,1,4,1.144805660363365,36.68972283247581
816,1536,0.905,0.667,0.029899671930908367,0.3415848680334145,22,28,7,1,14,32,1,4,1.1242392983702358,36.39083006321865
816,1537,0.888,0.647,0.03580474308508441,0.3478014116859639,22,28,7,1,15,32,1,4,1.0987051469798437,36.07721579314581
816,1538,0.869,0.625,0.04383339878180059,0.3557845153758038,22,28,7,1,16,32,1,4,1.0704139386237457,35.724348871861196
816,1539,0.844,0.6,0.054725435073552764,0.3660098770795881,22,28,7,1,17,32,1,4,1.0355365758871098,35.409039077916994
816,1540,0.813,0.571,0.06940204904310254,0.3790308141266139,22,28,7,1,18,32,1,4,0.9934837693691829,35.081788395144855
816,1541,0.775,0.539,0.0891073451563581,0.3954709486389264,22,28,7,1,19,32,1,4,0.9440052965953105,34.81799033515627
816,1542,0.727,0.5,0.11877824225188738,0.41864987699468603,22,28,7,1,20,32,1,4,0.8823429038644782,34.51855610328727
816,1543,0.666,0.454,0.1675997752567746,0.45433536117921247,22,28,7,1,21,32,1,4,0.8060223321968195,34.281537700408364
816,1544,0.589,0.4,0.25254591561625883,0.5133273111926435,22,28,7,1,22,32,1,4,0.7119838481314025,34.1810984138261
816,1545,0.493,0.5,0.38859769907578834,0.6052301169881924,22,28,7,1,23,32,1,4,0.7021744797413246,45.40389105064322
816,1546,0.377,0.6,0.550275116255337,0.7030049051316858,22,28,7,1,24,32,1,4,0.7086106123958348,57.85748429801525
816,1547,0.266,0.7,0.6790293819809008,0.7276334191163722,22,28,7,1,25,32,1,4,0.7488364307377146,69.19320898728877
816,1548,0.307,0.8,0.5778943634775884,0.616264075916343,22,28,7,1,26,32,1,4,0.8568833059407799,69.00569483279982
816,1549,0.722,0.9,0.2454741220938541,0.4237383459166062,22,28,7,1,27,32,1,4,1.1538128097746185,51.26263930340473
816,1550,1,1,0,0.2928932188134524,22,28,7,1,28,32,1,4,1.4142135623730951,45
816,1554,0.927,0.739,0.02278107096186832,0.33457803940294983,22,28,7,1,10,33,1,4,1.1855167649594838,38.561686214108505
816,1555,0.917,0.727,0.025181970253859487,0.3374026263264539,22,28,7,1,11,33,1,4,1.1702213465836282,38.40747294119054
816,1556,0.905,0.715,0.028277287723348588,0.3409104590042551,22,28,7,1,12,33,1,4,1.1533646431202926,38.31068460236594
816,1557,0.891,0.7,0.03224582252872554,0.3452228503835223,22,28,7,1,13,33,1,4,1.1330847276351403,38.154386507094145
816,1558,0.874,0.684,0.037444091673833224,0.3506153749769637,22,28,7,1,14,33,1,4,1.1098342218547776,38.047042531826094
816,1559,0.854,0.667,0.04451296024244911,0.35758350869837896,22,28,7,1,15,33,1,4,1.0836074012297996,37.990919914382765
816,1560,0.83,0.647,0.05400190679679806,0.36645338135867955,22,28,7,1,16,33,1,4,1.0523825350128155,37.937059227582544
816,1561,0.801,0.625,0.06669272618110533,0.37770487378640283,22,28,7,1,17,33,1,4,1.0159852361132027,37.96401362357674
816,1562,0.766,0.6,0.08363225869254709,0.3918920553542926,22,28,7,1,18,33,1,4,0.9730138745156721,38.07123668036896
816,1563,0.723,0.572,0.10615552549046736,0.4096555282850466,22,28,7,1,19,33,1,4,0.9219072621473376,38.34921245792551
816,1564,0.671,0.539,0.1395047747089605,0.43438506928110665,22,28,7,1,20,33,1,4,0.8606753162488164,38.77417093557423
816,1565,0.608,0.5,0.192852808082021,0.4716452297784518,22,28,7,1,21,33,1,4,0.7871873982731177,39.43279964735481
816,1566,0.532,0.455,0.2814002690760271,0.530829100213181,22,28,7,1,22,33,1,4,0.7000349991250437,40.539151741483444
816,1567,0.443,0.545,0.4128378138521789,0.616100778592833,22,28,7,1,23,33,1,4,0.7023346780559822,50.89426962153489
816,1568,0.347,0.637,0.5539483119835675,0.6917375468500414,22,28,7,1,24,33,1,4,0.7253812790526097,61.42105962863999
816,1569,0.272,0.728,0.6420350277611564,0.6887822961755627,22,28,7,1,25,33,1,4,0.7771537814358237,69.5129858066693
816,1570,0.36,0.819,0.478022484996132,0.5749087051648551,22,28,7,1,26,33,1,4,0.8946289733738786,66.27160892404747
816,1571,0.762,0.91,0.19343867091242206,0.4033557433002728,22,28,7,1,27,33,1,4,1.1869052194678393,50.05845212426372
816,1572,1,1,0,0.2928932188134524,22,28,7,1,28,33,1,4,1.4142135623730951,45
816,1577,0.905,0.75,0.027912354125842587,0.3413068414087167,22,28,7,1,10,34,1,4,1.175382916329823,39.64953722006908
816,1578,0.892,0.739,0.0307518992032646,0.3444398589870742,22,28,7,1,11,34,1,4,1.1583544362586091,39.64091030237371
816,1579,0.878,0.727,0.03439454816469234,0.34831338476424134,22,28,7,1,12,34,1,4,1.1399179795055432,39.625376041491
816,1580,0.861,0.714,0.03903607759303662,0.35305500330136474,22,28,7,1,13,34,1,4,1.118533414789205,39.66784111834045
816,1581,0.842,0.7,0.045071176444798744,0.35895345101873566,22,28,7,1,14,34,1,4,1.0949721457644481,39.73857418698041
816,1582,0.819,0.684,0.05318123713930367,0.3665190804188152,22,28,7,1,15,34,1,4,1.0670599795700333,39.86744556012704
816,1583,0.791,0.667,0.06394542543195658,0.3760728151838151,22,28,7,1,16,34,1,4,1.0346835264949374,40.13880599801062
816,1584,0.759,0.647,0.078183202081205,0.38808441028963225,22,28,7,1,17,34,1,4,0.997341466098748,40.445515312943115
816,1585,0.721,0.625,0.09698081495234057,0.403089701255293,22,28,7,1,18,34,1,4,0.9541834205224905,40.92043346071152
816,1586,0.675,0.6,0.12169220343085096,0.42171477737681506,22,28,7,1,19,34,1,4,0.9031195934094222,41.6335393365702
816,1587,0.622,0.572,0.15763909535410336,0.44729583691549935,22,28,7,1,20,34,1,4,0.8450254434039249,42.602080261673045
816,1588,0.56,0.539,0.2134493908026902,0.4849593445868796,22,28,7,1,21,34,1,4,0.7772522113188229,43.90530940814697
816,1589,0.488,0.5,0.30183376648337745,0.5422897533427831,22,28,7,1,22,34,1,4,0.6986730279608624,45.6958659395088
816,1590,0.411,0.584,0.4237833363162956,0.61826054744804,22,28,7,1,23,34,1,4,0.7141267394517586,54.8633767874463
816,1591,0.334,0.667,0.5419394674308535,0.6731168367814458,22,28,7,1,24,34,1,4,0.7459524113507511,63.400598839319755
816,1592,0.288,0.75,0.5889824878189729,0.6525712508297765,22,28,7,1,25,34,1,4,0.8033952949824887,68.99321056922815
816,1593,0.415,0.833,0.39866409033261185,0.5416118852483023,22,28,7,1,26,34,1,4,0.9306524592993884,63.517547198445456
816,1594,0.791,0.917,0.1541126592883778,0.3880479315157399,22,28,7,1,27,34,1,4,1.2110202310448823,49.21909534924846
816,1595,1,1,0,0.2928932188134524,22,28,7,1,28,34,1,4,1.4142135623730951,45
816,1601,0.881,0.76,0.03312966956041552,0.3476090175793607,22,28,7,1,10,35,1,4,1.1635123548978756,40.78289714150587
816,1602,0.867,0.75,0.03638256062538148,0.3509988411207382,22,28,7,1,11,35,1,4,1.1463808267761633,40.8615064444512
816,1603,0.85,0.739,0.04052873319316619,0.3551727047618287,22,28,7,1,12,35,1,4,1.1263307684690143,41.00407998813877
816,1604,0.831,0.727,0.045781284078960316,0.36026171644024996,22,28,7,1,13,35,1,4,1.1041240872293294,41.1810435282065
816,1605,0.809,0.714,0.0525521768146483,0.3665616587279432,22,28,7,1,14,35,1,4,1.079016681984111,41.43069204603349
816,1606,0.783,0.7,0.061570421453575386,0.37458713698606305,22,28,7,1,15,35,1,4,1.050280438740054,41.796632757262
816,1607,0.753,0.684,0.07339924877590231,0.38464632655463715,22,28,7,1,16,35,1,4,1.0172831464248289,42.2509570971444
816,1608,0.719,0.667,0.08890593241868006,0.3971875003581866,22,28,7,1,17,35,1,4,0.9807395168952866,42.85138255002372
816,1609,0.679,0.647,0.10913936924386192,0.41271255715437216,22,28,7,1,18,35,1,4,0.9378965827851171,43.617564751877
816,1610,0.633,0.625,0.13540015977797004,0.43180568847984013,22,28,7,1,19,35,1,4,0.889558317368794,44.635643833568864
816,1611,0.58,0.6,0.17290619332584767,0.4576531350775638,22,28,7,1,20,35,1,4,0.8345058418010025,45.971021931079164
816,1612,0.521,0.572,0.22941286378628556,0.49478501862424606,22,28,7,1,21,35,1,4,0.7737086014773262,47.671515881534724
816,1613,0.456,0.539,0.3148332088705814,0.5488277773092322,22,28,7,1,22,35,1,4,0.7060148723645983,49.76840720510537
816,1614,0.39,0.615,0.4246570044789447,0.614438388671267,22,28,7,1,23,35,1,4,0.7282341656363013,57.61932229343077
816,1615,0.332,0.692,0.5200164303797487,0.6517949245938751,22,28,7,1,24,35,1,4,0.7675206837603792,64.36976203490136
816,1616,0.307,0.769,0.5256863471787468,0.6205147619624707,22,28,7,1,25,35,1,4,0.8280157003342389,68.23713891297629
816,1617,0.462,0.846,0.33547808406587165,0.514564107795946,22,28,7,1,26,35,1,4,0.9639294579999098,61.36107745534631
816,1618,0.814,0.923,0.12460537699257301,0.37620818503595777,22,28,7,1,27,35,1,4,1.2306603918222119,48.59070914465352
816,1619,1,1,0,0.2928932188134524,22,28,7,1,28,35,1,4,1.4142135623730951,45
816,1692,1,1,0,0.2928932188134524,22,28,7,1,10,22,4,4,1.4142135623730951,45
816,1693,1,1,0,0.2928932188134524,22,28,7,1,11,22,4,4,1.4142135623730951,45
816,1694,1,1,0,0.2928932188134524,22,28,7,1,12,22,4,4,1.4142135623730951,45
816,1695,1,1,0,0.2928932188134524,22,28,7,1,13,22,4,4,1.4142135623730951,45
816,1696,1,1,0,0.2928932188134524,22,28,7,1,14,22,4,4,1.4142135623730951,45
816,1697,1,1,0,0.2928932188134524,22,28,7,1,15,22,4,4,1.4142135623730951,45
816,1698,1,1,0,0.2928932188134524,22,28,7,1,16,22,4,4,1.4142135623730951,45
816,1699,1,1,0,0.2928932188134524,22,28,7,1,17,22,4,4,1.4142135623730951,45
816,1700,1,1,0,0.2928932188134524,22,28,7,1,18,22,4,4,1.4142135623730951,45
816,1701,1,1,0,0.2928932188134524,22,28,7,1,19,22,4,4,1.4142135623730951,45
816,1702,1,1,0,0.2928932188134524,22,28,7,1,20,22,4,4,1.4142135623730951,45
816,1703,1,1,0,0.29289321881345254,22,28,7,1,21,22,4,4,1.4142135623730951,45
816,1704,1,0.945,1.7127778225711765e-6,0.29289534412402307,22,28,7,1,10,23,4,4,1.3758724504836921,43.38024250274473
816,1705,1,0.942,1.9280092015128147e-6,0.2928957303006662,22,28,7,1,11,23,4,4,1.3738136700440857,43.289306039103366
816,1706,1,0.938,2.190182175620947e-6,0.2928962512840655,22,28,7,1,12,23,4,4,1.3710740315533658,43.16763304046667
816,1707,1,0.934,2.5173453526150524e-6,0.29289697580279406,22,28,7,1,13,23,4,4,1.3683406008739198,43.045473375173806
816,1708,1,0.929,2.9153805725101734e-6,0.2928980144329777,22,28,7,1,14,23,4,4,1.3649325990685401,42.8920866639288
816,1709,1,0.923,3.3786700429638827e-6,0.29289954886082203,22,28,7,1,15,23,4,4,1.3608559806239602,42.707010169212275
816,1710,1,0.917,3.936127375370191e-6,0.29290189020931745,22,28,7,1,16,23,4,4,1.3567936468011634,42.52082345847564
816,1711,1,0.91,4.58853824636396e-6,0.29290558489508467,22,28,7,1,17,23,4,4,1.3520724832641184,42.3021943666837
816,1712,1,0.9,5.343172350902314e-6,0.2929117183621629,22,28,7,1,18,23,4,4,1.3453624047073711,41.98721249581666
816,1713,1,0.889,6.22655610293954e-6,0.2929231832093928,22,28,7,1,19,23,4,4,1.3380287739805896,41.63709543013025
816,1714,1,0.875,7.320740800564884e-6,0.29294858148503555,22,28,7,1,20,23,4,4,1.3287682265918312,41.18592516570965
816,1715,1,0.857,8.665006477781567e-6,0.29302099855360086,22,28,7,1,21,23,4,4,1.3169848138835922,40.59657583596283
816,1716,1,0.834,1.0103492862900687e-5,0.29332099875784523,22,28,7,1,22,23,4,4,1.3021351696348578,39.82810630428432
816,1717,1,0.889,1.1197838024545881e-4,0.29300929550451105,22,28,7,1,10,24,4,4,1.3380287739805896,41.63709543013025
816,1718,1,0.883,1.2945592600399625e-4,0.293028289993981,22,28,7,1,11,24,4,4,1.3340498491435768,41.4445038973404
816,1719,1,0.875,1.514403704331313e-4,0.29305319666956564,22,28,7,1,12,24,4,4,1.3287682265918312,41.18592516570965
816,1720,1,0.867,1.7936076603142226e-4,0.293086565751302,22,28,7,1,13,24,4,4,1.323513883569039,40.92528797789907
816,1721,1,0.857,2.1498162709254753e-4,0.2931321381396632,22,28,7,1,14,24,4,4,1.3169848138835922,40.59657583596283
816,1722,1,0.846,2.5999890164107864e-4,0.2931954242053829,22,28,7,1,15,24,4,4,1.30985342691463,40.23122105657414
816,1723,1,0.833,3.1729327121632345e-4,0.2932847910786769,22,28,7,1,16,24,4,4,1.3014949097096,39.79429794346564
816,1724,1,0.819,3.8919786461422134e-4,0.29341354639942874,22,28,7,1,17,24,4,4,1.2925792045364184,39.31747620953449
816,1725,1,0.8,4.7758148912846465e-4,0.2936067826935981,22,28,7,1,18,24,4,4,1.2806248474865698,38.659808254090095
816,1726,1,0.778,5.90014694800578e-4,0.29392267863879895,22,28,7,1,19,24,4,4,1.266998026833507,37.88291605856699
816,1727,1,0.75,7.351764920360271e-4,0.29449493505235913,22,28,7,1,20,24,4,4,1.25,36.86989764584402
816,1728,0.999,0.714,9.314835857843207e-4,0.2956726296921838,22,28,7,1,21,24,4,4,1.227923857574239,35.553950378731706
816,1729,0.999,0.667,0.0011953270135474092,0.29838124709693836,22,28,7,1,22,24,4,4,1.2012035630982785,33.729755198814786
816,1730,0.998,0.834,0.0014769156683391849,0.3031836606749223,22,28,7,1,23,24,4,4,1.30059986160233,39.88453746411934
816,1731,0.999,0.834,9.311579104801515e-4,0.29380364855629293,22,28,7,1,10,25,4,4,1.3013673578202274,39.85630524032165
816,1732,0.999,0.824,0.0010740314331169065,0.2939378327629847,22,28,7,1,11,25,4,4,1.294981467048853,39.516658694700745
816,1733,0.999,0.813,0.001252676939263786,0.29410916155449063,22,28,7,1,12,25,4,4,1.2880100931281555,39.13917245226401
816,1734,0.999,0.8,0.001478194493547469,0.2943311400490337,22,28,7,1,13,25,4,4,1.2798441311347253,38.687774465176346
816,1735,0.998,0.786,0.0017629551508921981,0.29462207112713223,22,28,7,1,14,25,4,4,1.2703542812932147,38.22308959962372
816,1736,0.998,0.769,0.0021168819598950117,0.2950068639357435,22,28,7,1,15,25,4,4,1.259906742580577,37.61572849959682
816,1737,0.998,0.75,0.0025571148996809123,0.29552109889605105,22,28,7,1,16,25,4,4,1.2484005767380917,36.92497207250216
816,1738,0.997,0.728,0.0031072156129858808,0.2962203435170321,22,28,7,1,17,25,4,4,1.2345011138107571,36.13656656744555
816,1739,0.997,0.7,0.003785109310721735,0.29720853916630996,22,28,7,1,18,25,4,4,1.2181990806103902,35.07293550251782
816,1740,0.996,0.667,0.0046813335673423495,0.2987039947288287,22,28,7,1,19,25,4,4,1.198709722993853,33.80937832428409
816,1741,0.994,0.625,0.005933053286295897,0.3011387814405102,22,28,7,1,20,25,4,4,1.1741639578866319,32.16055782059448
816,1742,0.992,0.572,0.007766348990902228,0.30541354619749994,22,28,7,1,21,25,4,4,1.1450973757720344,29.968303914763805
816,1743,0.989,0.5,0.010566052221859468,0.313135922388746,22,28,7,1,22,25,4,4,1.1082062082482664,26.819389124986376
816,1744,0.982,0.667,0.014498927475572798,0.3248787794340342,22,28,7,1,23,25,4,4,1.1871027756685602,34.185369169439156
816,1745,0.965,0.834,0.016805473810418636,0.3336756356677155,22,28,7,1,24,25,4,4,1.2754532527693832,40.835173558319546
816,1746,0.995,0.778,0.00321766553706615,0.2963159668804751,22,28,7,1,10,26,4,4,1.2630554223786066,38.02219142676163
816,1747,0.995,0.765,0.003696496284525619,0.29677541059845514,22,28,7,1,11,26,4,4,1.2550896382330627,37.55467515285317
816,1748,0.994,0.75,0.004287297299356951,0.29734957816114804,22,28,7,1,12,26,4,4,1.2452052039724215,37.03554511738589
816,1749,0.993,0.733,0.005017105983728842,0.29807464708979337,22,28,7,1,13,26,4,4,1.2342357959482457,36.433525976848244
816,1750,0.992,0.714,0.005936772625659725,0.2989974589230423,22,28,7,1,14,26,4,4,1.222235656491824,35.74475693800817
816,1751,0.99,0.692,0.007106555640972623,0.30018006326855984,22,28,7,1,15,26,4,4,1.207875821431988,34.95315980061543
816,1752,0.989,0.667,0.008617514139158122,0.30171145604645266,22,28,7,1,16,26,4,4,1.1928998281498746,33.996459148250494
816,1753,0.986,0.637,0.010612094969318142,0.30373478829750034,22,28,7,1,17,26,4,4,1.1738675393757168,32.86426399725947
816,1754,0.983,0.6,0.013363792997274304,0.3065168546676039,22,28,7,1,18,26,4,4,1.1516462130359306,31.398905984371073
816,1755,0.979,0.556,0.017337071724671027,0.3105813958437498,22,28,7,1,19,26,4,4,1.1258672213009846,29.59338900831162
816,1756,0.973,0.5,0.02315810703168375,0.316894566903576,22,28,7,1,20,26,4,4,1.0939510957990763,27.19748094797262
816,1757,0.964,0.429,0.031928910901138696,0.3272751252544328,22,28,7,1,21,26,4,4,1.0551478569375952,23.990056225873342
816,1758,0.95,0.333,0.04563668181520664,0.344596715134604,22,28,7,1,22,26,4,4,1.00667224060267,19.316906551716837
816,1759,0.926,0.5,0.06571059328177309,0.3703511310110381,22,28,7,1,23,26,4,4,1.0523668561865678,28.367130046472838
816,1760,0.88,0.667,0.08870724188107992,0.39554503171980326,22,28,7,1,24,26,4,4,1.104214200234719,37.160473279285704
816,1761,0.798,0.834,0.0959014445482107,0.40387632037319476,22,28,7,1,25,26,4,4,1.1542789957371657,46.26367255165827
816,1762,0.985,0.722,0.007637074489816542,0.3024060130516417,22,28,7,1,10,27,4,4,1.2212735156384913,36.241226966086806
816,1763,0.983,0.706,0.008778086006870023,0.30359287076137753,22,28,7,1,11,27,4,4,1.2102582369064876,35.6862689531153
816,1764,0.981,0.688,0.010213489076979054,0.3050545617516016,22,28,7,1,12,27,4,4,1.1982090802526912,35.0429462848108
816,1765,0.978,0.667,0.01204305944897155,0.30687050665990534,22,28,7,1,13,27,4,4,1.183796012833292,34.29414778450639
816,1766,0.974,0.643,0.014394530861932542,0.3091429025828272,22,28,7,1,14,27,4,4,1.1671011095873398,33.43136685751483
816,1767,0.97,0.615,0.01745350668163126,0.31200951422611434,22,28,7,1,15,27,4,4,1.1485316713090674,32.37553999321203
816,1768,0.964,0.584,0.02147379703328689,0.31567478707327146,22,28,7,1,16,27,4,4,1.127098930884064,31.20786367138824
816,1769,0.957,0.545,0.026833296086359204,0.3204766350767516,22,28,7,1,17,27,4,4,1.1013055888353604,29.660992953498607
816,1770,0.948,0.5,0.034198715036060534,0.3270347931881996,22,28,7,1,18,27,4,4,1.0717760960200595,27.8083370247406
816,1771,0.935,0.444,0.04501674199757999,0.3365094665618713,22,28,7,1,19,27,4,4,1.0350656983979327,25.40146802394042
816,1772,0.919,0.375,0.061915182214304476,0.35096020984882514,22,28,7,1,20,27,4,4,0.9925653630869858,22.198025011342
816,1773,0.895,0.286,0.0893108639980027,0.37398683122754195,22,28,7,1,21,27,4,4,0.9395855469301345,17.721440154281588
816,1774,0.861,0.167,0.1331750344227174,0.41046984547243515,22,28,7,1,22,27,4,4,0.8770461789438456,10.976821230098848
816,1775,0.807,0.334,0.1966999658827473,0.4609603462863451,22,28,7,1,23,27,4,4,0.8733870848598576,22.483614892481715
816,1776,0.717,0.5,0.26894489662532184,0.51141846383326794,22,28,7,1,24,27,4,4,0.8741218450536515,34.88999408233308
816,1777,0.584,0.667,0.3256407414793743,0.5433432677003633,22,28,7,1,25,27,4,4,0.8865353912845217,48.79583551630087
816,1778,0.48,0.834,0.2771503240382991,0.5138392140428217,22,28,7,1,26,27,4,4,0.9622660754697736,60.07787014393645
816,1779,0.964,0.667,0.015097403616316507,0.3141376217157358,22,28,7,1,10,28,4,4,1.172256371277205,34.67969742707339
816,1780,0.96,0.647,0.01742793626669814,0.31663620722117014,22,28,7,1,11,28,4,4,1.1576739610097482,33.97832847898993
816,1781,0.954,0.625,0.020374187709080616,0.31968320639926495,22,28,7,1,12,28,4,4,1.140500328803109,33.23026204596421
816,1782,0.947,0.6,0.024130371648785398,0.32343006387456896,22,28,7,1,13,28,4,4,1.1210749305911714,32.35751811517823
816,1783,0.939,0.572,0.028941446121575787,0.3280740193169258,22,28,7,1,14,28,4,4,1.0995021600706383,31.348046280178433
816,1784,0.928,0.539,0.035153510645658304,0.3338879445158367,22,28,7,1,15,28,4,4,1.07317519538983,30.148832365071243
816,1785,0.916,0.5,0.043280604005675016,0.3412866195255577,22,28,7,1,16,28,4,4,1.043578458957447,28.627986670469927
816,1786,0.9,0.455,0.054310214375338894,0.3509590801313056,22,28,7,1,17,28,4,4,1.0084765738479007,26.819132790969228
816,1787,0.88,0.4,0.0700225072296633,0.36413541808013317,22,28,7,1,18,28,4,4,0.9666436778875658,24.443954780416536
816,1788,0.855,0.333,0.09364923297446293,0.3830162016941412,22,28,7,1,19,28,4,4,0.9175587174671711,21.279604427695407
816,1789,0.821,0.25,0.1304047807533555,0.4113082685928837,22,28,7,1,20,28,4,4,0.8582196688494153,16.935843764351958
816,1790,0.776,0.143,0.1886753190077105,0.454816867805682,22,28,7,1,21,28,4,4,0.7890659034580064,10.44123380691738
816,1791,0.713,0,0.2753297846381708,0.5195802647175064,22,28,7,1,22,28,4,4,0.713,0
816,1792,0.622,0.167,0.3863845767867302,0.602873173846812,22,28,7,1,23,28,4,4,0.6440287260674015,15.028839393884175
816,1793,0.486,0.333,0.5158275978678739,0.6878597692962599,22,28,7,1,24,28,4,4,0.5891392025659131,34.41836447905621
816,1794,0.319,0.5,0.6396825067250909,0.7523251590778333,22,28,7,1,25,28,4,4,0.5930944275577035,57.46212443192519
816,1795,0.271,0.667,0.6117925401212072,0.7101523817142923,22,28,7,1,26,28,4,4,0.7199513872477781,67.88824756731593
816,1796,0.394,0.834,0.3328112991439708,0.5429357083379837,22,28,7,1,27,28,4,4,0.9223838680289242,64.71291621894247
816,1797,0.928,0.684,0.026261738455296002,0.33113462687475104,22,28,7,1,10,29,4,4,1.1528399715485234,36.39277518824111
816,1798,0.919,0.667,0.03033693223897993,0.3353886973286758,22,28,7,1,11,29,4,4,1.1355395193475215,35.97172842411379
816,1799,0.908,0.647,0.03543997469918536,0.3405353899952638,22,28,7,1,12,29,4,4,1.1149318364814955,35.47196480080567
816,1800,0.895,0.625,0.04189114248491688,0.34681340526551707,22,28,7,1,13,29,4,4,1.0916272257506223,34.92752216256106
816,1801,0.88,0.6,0.05010120993028688,0.35453685076724595,22,28,7,1,14,29,4,4,1.0650821564555477,34.28687697720896
816,1802,0.861,0.572,0.06073813323109112,0.36414668980877785,22,28,7,1,15,29,4,4,1.0336851551608932,33.59782862603541
816,1803,0.839,0.539,0.07484938409909547,0.37631704913799946,22,28,7,1,16,29,4,4,0.9972171278111903,32.717965388279275
816,1804,0.811,0.5,0.09413582907176854,0.3921543057202047,22,28,7,1,17,29,4,4,0.9527439320195118,31.654779231610704
816,1805,0.777,0.454,0.12160714289605834,0.41356473519054593,22,28,7,1,18,29,4,4,0.8999138847689817,30.297683518235704
816,1806,0.735,0.4,0.16215104115419565,0.4437766423275794,22,28,7,1,19,29,4,4,0.8367944789492818,28.555814208511237
816,1807,0.681,0.333,0.22362517527176085,0.48780802153757163,22,28,7,1,20,29,4,4,0.7580567261095967,26.058022116163215
816,1808,0.611,0.25,0.3150556077271476,0.5523857269795455,22,28,7,1,21,29,4,4,0.6601674030122966,22.25267493043665
816,1809,0.521,0.143,0.439110454335239,0.6421037564752319,22,28,7,1,22,29,4,4,0.540268451790404,15.348131250430589
816,1810,0.4,0.286,0.5899136871087859,0.7496545685916882,22,28,7,1,23,29,4,4,0.4917275668497751,35.564767993035154
816,1811,0.24,0.429,0.761717692238462,0.8468692090502707,22,28,7,1,24,29,4,4,0.49156993398701676,60.775580809799095
816,1812,0.124,0.572,0.8692512344659773,0.82796393731303,22,28,7,1,25,29,4,4,0.5852862547506134,77.76849907876982
816,1813,0.371,0.714,0.5862912351132422,0.6455411236610217,22,28,7,1,26,29,4,4,0.8046346997240424,62.543257715400124
816,1814,0.763,0.857,0.20001522111630243,0.4182913990442205,22,28,7,1,27,29,4,4,1.1474397587673175,48.320846315779036
816,1815,1,1,0,0.2928932188134524,22,28,7,1,28,29,4,4,1.4142135623730951,45
816,1816,0.876,0.7,0.04096633302500585,0.34998677045840165,22,28,7,1,10,30,4,4,1.1213277843699405,38.62788860306749
816,1817,0.861,0.684,0.047170515276305336,0.3559748675256018,22,28,7,1,11,30,4,4,1.099625845458354,38.464510230687566
816,1818,0.843,0.667,0.054874818810620396,0.3631617489023168,22,28,7,1,12,30,4,4,1.074959534122099,38.35181414940314
816,1819,0.823,0.647,0.06457426224060636,0.3718551416988971,22,28,7,1,13,30,4,4,1.046870574617512,38.172596451132875
816,1820,0.799,0.625,0.07692322450604472,0.3824597559975361,22,28,7,1,14,30,4,4,1.0144091876555534,38.03350520273004
816,1821,0.772,0.6,0.09289898442438516,0.3955427086329266,22,28,7,1,15,30,4,4,0.9777443428626934,37.85442542467041
816,1822,0.739,0.572,0.1139458048335582,0.4119601161580232,22,28,7,1,16,30,4,4,0.9345078918874896,37.74054987734913
816,1823,0.7,0.539,0.14243881302027006,0.4330754030883911,22,28,7,1,17,30,4,4,0.8834709955623897,37.596271147211986
816,1824,0.653,0.5,0.18206475247893894,0.4611120851567697,22,28,7,1,18,30,4,4,0.8224408793341926,37.44116445440662
816,1825,0.598,0.455,0.23866770613925026,0.49950510939641557,22,28,7,1,19,30,4,4,0.7514179928641581,37.26640190097714
816,1826,0.531,0.4,0.3195684747711226,0.5527414487207172,22,28,7,1,20,30,4,4,0.6648014741259228,36.99055644960577
816,1827,0.452,0.333,0.42918168652042243,0.6245548437957057,22,28,7,1,21,30,4,4,0.5614205197532417,36.38002760606953
816,1828,0.359,0.25,0.5613964287768334,0.7106871555882575,22,28,7,1,22,30,4,4,0.4374711419053833,34.85253636668343
816,1829,0.257,0.375,0.6991297922219659,0.7831927374216205,22,28,7,1,23,30,4,4,0.454614122085973,55.57585954265296
816,1830,0.164,0.5,0.8019292674984992,0.7806033026521633,22,28,7,1,24,30,4,4,0.5262090839200707,71.84050953321324
816,1831,0.298,0.625,0.6371728749637957,0.6738283313807183,22,28,7,1,25,30,4,4,0.6924081166479781,64.50819382677142
816,1832,0.619,0.75,0.35446741941557136,0.507253955381596,22,28,7,1,26,30,4,4,0.9724510270445499,50.466006605608776
816,1833,0.908,0.875,0.08742888511093172,0.35027921861088573,22,28,7,1,27,30,4,4,1.2609873115935784,43.939683188825335
816,1834,1,1,0,0.2928932188134524,22,28,7,1,28,30,4,4,1.4142135623730951,45
816,1836,0.811,0.714,0.058115770066856975,0.36853321992257704,22,28,7,1,10,31,4,4,1.0805170058819067,41.36051563029179
816,1837,0.79,0.7,0.06656925454160123,0.37600301553836857,22,28,7,1,11,31,4,4,1.0555093557141026,41.543380827958
816,1838,0.767,0.684,0.07702710314706473,0.3848943817614555,22,28,7,1,12,31,4,4,1.0276891553383252,41.726138495565024
816,1839,0.74,0.667,0.09009553632010747,0.39555228951112487,22,28,7,1,13,31,4,4,0.9962374215015214,42.029960961743335
816,1840,0.71,0.647,0.10659602499074139,0.4084246059225961,22,28,7,1,14,31,4,4,0.9605774305072965,42.34189823519604
816,1841,0.675,0.625,0.12765856885087912,0.42412751922109304,22,28,7,1,15,31,4,4,0.919918474648705,42.797401838234194
816,1842,0.635,0.6,0.15499610358648208,0.4435621317171329,22,28,7,1,16,31,4,4,0.8736274949885678,43.37666747490953
816,1843,0.59,0.572,0.1910333711180443,0.46808788792358635,22,28,7,1,17,31,4,4,0.8217566549776155,44.11252878477023
816,1844,0.539,0.539,0.2394509599874548,0.4997244587727946,22,28,7,1,18,31,4,4,0.7622611101190983,45
816,1845,0.482,0.5,0.3050797377479262,0.5410697415158973,22,28,7,1,19,31,4,4,0.6944955003453945,46.05011054053864
816,1846,0.42,0.455,0.39126791115661363,0.5940939201822899,22,28,7,1,20,31,4,4,0.6192132104533946,47.290610042638534
816,1847,0.354,0.4,0.49485043144336627,0.656267701534123,22,28,7,1,21,31,4,4,0.5341497917251302,48.491171429354786
816,1848,0.291,0.333,0.5996377812686278,0.7115768165020082,22,28,7,1,22,31,4,4,0.4422329702769797,48.85063882391076
816,1849,0.241,0.444,0.6753940479690932,0.725097228478531,22,28,7,1,23,31,4,4,0.5051900632435282,61.50720922605473
816,1850,0.219,0.556,0.6074093763861429,0.6721087904737459,22,28,7,1,24,31,4,4,0.5975759365971827,68.50126894462257
816,1851,0.489,0.667,0.41577190959284005,0.5639863681232633,22,28,7,1,25,31,4,4,0.8270489707387344,53.75361101179992
816,1852,0.765,0.778,0.1996137440048621,0.43201573308824026,22,28,7,1,26,31,4,4,1.091104486289008,45.4827138759686
816,1853,0.96,0.889,0.03657645508590779,0.32457757964909906,22,28,7,1,27,31,4,4,1.3084039895995425,42.80097203946624
816,1854,1,1,0,0.2928932188134524,22,28,7,1,28,31,4,4,1.4142135623730951,45
816,1857,0.741,0.727,0.0763301785486894,0.38571346906547976,22,28,7,1,10,32,4,4,1.0380799583847093,44.45359904890936
816,1858,0.716,0.714,0.08691905084521312,0.39433199073684444,22,28,7,1,11,32,4,4,1.0111636860568125,44.91986609488862
816,1859,0.688,0.7,0.09989876395822017,0.404499314645283,22,28,7,1,12,32,4,4,0.9815008914922084,45.49534021943608
816,1860,0.658,0.684,0.11593259728719285,0.4165620550897411,22,28,7,1,13,32,4,4,0.9491153776016907,46.109913503706764
816,1861,0.624,0.667,0.13586948728780712,0.43095730543760224,22,28,7,1,14,32,4,4,0.9133810814769485,46.90767470933558
816,1862,0.586,0.647,0.16088519687349356,0.44826306674120475,22,28,7,1,15,32,4,4,0.8729289776379291,47.832275172108645
816,1863,0.546,0.625,0.19251778164292632,0.46927572195125833,22,28,7,1,16,32,4,4,0.82990421134008,48.859537356668596
816,1864,0.502,0.6,0.23290122254873846,0.4950846853404671,22,28,7,1,17,32,4,4,0.7823068451701033,50.08190051655022
816,1865,0.455,0.571,0.28470556216395626,0.5270332221892491,22,28,7,1,18,32,4,4,0.730113689777147,51.450493645071546
816,1866,0.408,0.539,0.3502268761902658,0.5661134927043401,22,28,7,1,19,32,4,4,0.6760066567719581,52.875832812543486
816,1867,0.362,0.5,0.428039423907865,0.610902193366964,22,28,7,1,20,32,4,4,0.6172876152977638,54.09546159002481
816,1868,0.322,0.454,0.5083131898290008,0.6533163837153795,22,28,7,1,21,32,4,4,0.5565968020030299,54.65378608853655
816,1869,0.292,0.4,0.5689305882944753,0.6745032111408829,22,28,7,1,22,32,4,4,0.49524135530062513,53.87055585675915
816,1870,0.269,0.5,0.5705443013826801,0.6537127082193281,22,28,7,1,23,32,4,4,0.567768438714235,61.719748508263145
816,1871,0.362,0.6,0.4379187499634636,0.5885775480523071,22,28,7,1,24,32,4,4,0.7007453175013016,58.896019128427895
816,1872,0.627,0.7,0.27005628292806094,0.4923213639553995,22,28,7,1,25,32,4,4,0.9397494346899071,48.148741799793534
816,1873,0.851,0.8,0.11249463336966925,0.38832459643897754,22,28,7,1,26,32,4,4,1.1679901540680897,43.230674830626675
816,1874,0.981,0.9,0.015714895277624152,0.31215527254941644,22,28,7,1,27,32,4,4,1.3313004920002096,42.53424100500224
816,1875,1,1,0,0.2928932188134524,22,28,7,1,28,32,4,4,1.4142135623730951,45
816,1879,0.673,0.739,0.09437760929946681,0.4010258977095822,22,28,7,1,10,33,4,4,0.9995248871338822,47.67618346556472
816,1880,0.646,0.727,0.10675387418660776,0.4104402366994808,22,28,7,1,11,33,4,4,0.9725456287496232,48.37624561415238
816,1881,0.616,0.715,0.12174205386963921,0.4214347795783273,22,28,7,1,12,33,4,4,0.9437589734672724,49.253836436119194
816,1882,0.585,0.7,0.13997226950028296,0.43432273914793706,22,28,7,1,13,33,4,4,0.9122636680258619,50.11401383139514
816,1883,0.551,0.684,0.16223720859337443,0.4494780376873898,22,28,7,1,14,33,4,4,0.8783262491807927,51.14662565964667
816,1884,0.516,0.667,0.18953134665279958,0.46735884745270573,22,28,7,1,15,33,4,4,0.8432941361114756,52.27399099891945
816,1885,0.479,0.647,0.22300545866670707,0.4885268432894173,22,28,7,1,16,33,4,4,0.8050155278005512,53.485972184777864
816,1886,0.442,0.625,0.2640592256345279,0.5135992999236426,22,28,7,1,17,33,4,4,0.7654991835397345,54.73204977732545
816,1887,0.406,0.6,0.31384088186925896,0.5429689706057002,22,28,7,1,18,33,4,4,0.7244556577182623,55.915097977093346
816,1888,0.373,0.572,0.37184588442181843,0.5758415216862758,22,28,7,1,19,33,4,4,0.6828711445067802,56.89171365156647
816,1889,0.346,0.539,0.43263525733456853,0.6081016129386754,22,28,7,1,20,33,4,4,0.6404974629145692,57.30239759270892
816,1890,0.326,0.5,0.4828345565260025,0.6298700713987327,22,28,7,1,21,33,4,4,0.596888599321515,56.895649592920066
816,1891,0.311,0.455,0.4993950165151153,0.6270402530021945,22,28,7,1,22,33,4,4,0.5511315632405751,55.64674974742352
816,1892,0.317,0.545,0.44587049792876887,0.5911679235545241,22,28,7,1,23,33,4,4,0.6304871132703666,59.81551776777646
816,1893,0.494,0.637,0.3111739125220495,0.526189310382247,22,28,7,1,24,33,4,4,0.8061048318922297,52.20605700138328
816,1894,0.726,0.728,0.17504989628643097,0.4432158535033902,22,28,7,1,25,33,4,4,1.0281342324813427,45.07881120134491
816,1895,0.903,0.819,0.0641622847158767,0.3607981699093761,22,28,7,1,26,33,4,4,1.2190857229907994,42.20729763428672
816,1896,0.99,0.91,0.00713144416742606,0.305391120262533,22,28,7,1,27,33,4,4,1.3446932735757995,42.58897025338877
816,1897,1,1,0,0.2928932188134524,22,28,7,1,28,33,4,4,1.4142135623730951,45
816,1902,0.611,0.75,0.11127859749893043,0.41426075035191856,22,28,7,1,10,34,4,4,0.9673784161330042,50.83144375513113
816,1903,0.584,0.739,0.12495849097531964,0.4241246434916305,22,28,7,1,11,34,4,4,0.9419007378699732,51.68219532160509
816,1904,0.556,0.727,0.14128065488694153,0.43551020998204093,22,28,7,1,12,34,4,4,0.9152404055765895,52.59171817435735
816,1905,0.526,0.714,0.16078320005207514,0.4486664216693932,22,28,7,1,13,34,4,4,0.8868325659333897,53.621123175023044
816,1906,0.496,0.7,0.18410968898373137,0.46386029030847353,22,28,7,1,14,34,4,4,0.8579137485784919,54.67970352627785
816,1907,0.465,0.684,0.2119026111374026,0.48136811706273397,22,28,7,1,15,34,4,4,0.8270918933226223,55.79117198624745
816,1908,0.436,0.667,0.24482431626118129,0.5014337233670834,22,28,7,1,16,34,4,4,0.7968594606328019,56.828432161310886
816,1909,0.408,0.647,0.28331263175699395,0.5241143666607728,22,28,7,1,17,34,4,4,0.7649006471431437,57.76435505958372
816,1910,0.384,0.625,0.3269442579709295,0.5488528703056264,22,28,7,1,18,34,4,4,0.7335400466232229,58.43343426872024
816,1911,0.365,0.6,0.3729079686409982,0.5734840523517921,22,28,7,1,19,34,4,4,0.7022997935354958,58.68645672981029
816,1912,0.351,0.572,0.4135284244333337,0.5927775594735214,22,28,7,1,20,34,4,4,0.6711072939552959,58.46520809481171
816,1913,0.34,0.539,0.43492726633644274,0.5981807080841263,22,28,7,1,21,34,4,4,0.6372762352386915,57.756362262367134
816,1914,0.337,0.5,0.41756591807865706,0.5813718321007177,22,28,7,1,22,34,4,4,0.602966831591921,56.020029899854315
816,1915,0.391,0.584,0.3368044162183499,0.5401736541850751,22,28,7,1,23,34,4,4,0.7028065167597694,56.19687859644488
816,1916,0.598,0.667,0.22061384079335222,0.47960590742854137,22,28,7,1,24,34,4,4,0.8958197363309206,48.12213046211571
816,1917,0.797,0.75,0.11468463570745224,0.40886937388228406,22,28,7,1,25,34,4,4,1.0943989217830947,43.25981024301055
816,1918,0.935,0.833,0.037625184962787106,0.3429372356476368,22,28,7,1,26,34,4,4,1.252243586527797,41.69813432556499
816,1919,0.994,0.917,0.003517644459689606,0.30150287038611356,22,28,7,1,27,34,4,4,1.352377536045316,42.6926270030378
816,1920,1,1,0,0.2928932188134524,22,28,7,1,28,34,4,4,1.4142135623730951,45
816,1926,0.559,0.76,0.1263521081736515,0.4253685907396879,22,28,7,1,10,35,4,4,0.943441042143069,53.66453974737804
816,1927,0.534,0.75,0.14078343386133496,0.435357253299688,22,28,7,1,11,35,4,4,0.9206823556471581,54.54913392873593
816,1928,0.508,0.739,0.157717233325675,0.44673024813622664,22,28,7,1,12,35,4,4,0.8967636254889021,55.49476760384608
816,1929,0.483,0.727,0.1775626996553713,0.459649272244279,22,28,7,1,13,35,4,4,0.8728218604045157,56.40096477669254
816,1930,0.457,0.714,0.20071670688908472,0.47424574837492806,22,28,7,1,14,35,4,4,0.8477293200072769,57.37847985307858
816,1931,0.434,0.7,0.2274325240321965,0.49058247206121164,22,28,7,1,15,35,4,4,0.8236237004846327,58.201087175705574
816,1932,0.412,0.684,0.2578071144159624,0.5085649662682347,22,28,7,1,16,35,4,4,0.7984985911070852,58.93779720825425
816,1933,0.394,0.667,0.2913650110006779,0.5277295526315416,22,28,7,1,17,35,4,4,0.7746773521925112,59.42945606028646
816,1934,0.38,0.647,0.32639883946736736,0.5468017117355505,22,28,7,1,18,35,4,4,0.7503392566033047,59.57317105512805
816,1935,0.37,0.625,0.3586705283816225,0.5629460808166231,22,28,7,1,19,35,4,4,0.7263091628225545,59.37446728130534
816,1936,0.361,0.6,0.3799854966463837,0.5711816093180326,22,28,7,1,20,35,4,4,0.7002292481751958,58.966079677977326
816,1937,0.357,0.572,0.37821467454839075,0.5653654453148382,22,28,7,1,21,35,4,4,0.674264784784138,58.03064620361966
816,1938,0.379,0.539,0.3394633457332459,0.541301102260194,22,28,7,1,22,35,4,4,0.658909705498409,54.88687737681801
816,1939,0.477,0.615,0.2537421529556344,0.4994572568731108,22,28,7,1,23,35,4,4,0.778301997941673,52.20249538147657
816,1940,0.68,0.692,0.15741381391861975,0.44457723579271313,22,28,7,1,24,35,4,4,0.9701876107227921,45.501116488879305
816,1941,0.848,0.769,0.07643877944527777,0.38434989930010655,22,28,7,1,25,35,4,4,1.1447554323959332,42.202986763817606
816,1942,0.955,0.846,0.022906006855068495,0.33093843417232105,22,28,7,1,26,35,4,4,1.2758295340679333,41.536573324390666
816,1943,0.996,0.923,0.0018785558375310485,0.2991118536010944,22,28,7,1,27,35,4,4,1.3579193643217553,42.821481957091294
816,1944,1,1,0,0.2928932188134524,22,28,7,1,28,35,4,4,1.4142135623730951,45
816,2017,1,1,0,0.2928932188134524,22,28,7,1,10,22,7,4,1.4142135623730951,45
816,2018,1,1,0,0.2928932188134524,22,28,7,1,11,22,7,4,1.4142135623730951,45
816,2019,1,1,0,0.2928932188134524,22,28,7,1,12,22,7,4,1.4142135623730951,45
816,2020,1,1,0,0.2928932188134524,22,28,7,1,13,22,7,4,1.4142135623730951,45
816,2021,1,1,0,0.2928932188134524,22,28,7,1,14,22,7,4,1.4142135623730951,45
816,2022,1,1,0,0.2928932188134524,22,28,7,1,15,22,7,4,1.4142135623730951,45
816,2023,1,1,0,0.2928932188134524,22,28,7,1,16,22,7,4,1.4142135623730951,45
816,2024,1,1,0,0.2928932188134524,22,28,7,1,17,22,7,4,1.4142135623730951,45
816,2025,1,1,0,0.2928932188134524,22,28,7,1,18,22,7,4,1.4142135623730951,45
816,2026,1,1,0,0.2928932188134524,22,28,7,1,19,22,7,4,1.4142135623730951,45
816,2027,1,1,0,0.2928932188134524,22,28,7,1,20,22,7,4,1.4142135623730951,45
816,2028,1,1,0,0.2928932188134524,22,28,7,1,21,22,7,4,1.4142135623730951,45
816,2029,1,0.945,2.9269703323286933e-6,0.2928979987305902,22,28,7,1,10,23,7,4,1.3758724504836921,43.38024250274473
816,2030,1,0.942,3.228576743730116e-6,0.29289894545140505,22,28,7,1,11,23,7,4,1.3738136700440857,43.289306039103366
816,2031,1,0.938,3.5753695313278655e-6,0.29290020724022847,22,28,7,1,12,23,7,4,1.3710740315533658,43.16763304046667
816,2032,1,0.934,3.971627715926296e-6,0.29290192152910055,22,28,7,1,13,23,7,4,1.3683406008739198,43.045473375173806
816,2033,1,0.929,4.420764856516435e-6,0.2929042985052911,22,28,7,1,14,23,7,4,1.3649325990685401,42.8920866639288
816,2034,1,0.923,4.917601866272214e-6,0.2929076718212309,22,28,7,1,15,23,7,4,1.3608559806239602,42.707010169212275
816,2035,1,0.917,5.474360660673305e-6,0.2929126082016479,22,28,7,1,16,23,7,4,1.3567936468011634,42.52082345847564
816,2036,1,0.91,6.08862815043576e-6,0.29292019092222843,22,28,7,1,17,23,7,4,1.3520724832641184,42.3021943666837
816,2037,1,0.9,6.7878258309672646e-6,0.29293277337457346,22,28,7,1,18,23,7,4,1.3453624047073711,41.98721249581666
816,2038,1,0.889,7.6120346257368965e-6,0.2929558878447297,22,28,7,1,19,23,7,4,1.3380287739805896,41.63709543013025
816,2039,1,0.875,8.548689400256215e-6,0.2930044835910478,22,28,7,1,20,23,7,4,1.3287682265918312,41.18592516570965
816,2040,1,0.857,9.54940814545946e-6,0.2931297097750484,22,28,7,1,21,23,7,4,1.3169848138835922,40.59657583596283
816,2041,1,0.834,1.0549027206319117e-5,0.2935032731819881,22,28,7,1,22,23,7,4,1.3021351696348578,39.82810630428432
816,2042,1,0.889,2.2617349801534736e-4,0.29314394673171995,22,28,7,1,10,24,7,4,1.3380287739805896,41.63709543013025
816,2043,1,0.883,2.573312475330214e-4,0.2931870329092393,22,28,7,1,11,24,7,4,1.3340498491435768,41.4445038973404
816,2044,1,0.875,2.945532230311798e-4,0.29324208975815147,22,28,7,1,12,24,7,4,1.3287682265918312,41.18592516570965
816,2045,1,0.867,3.393096998722811e-4,0.29331324251242286,22,28,7,1,13,24,7,4,1.323513883569039,40.92528797789907
816,2046,1,0.857,3.917048857131622e-4,0.29340635363298473,22,28,7,1,14,24,7,4,1.3169848138835922,40.59657583596283
816,2047,1,0.846,4.5241660640427117e-4,0.29353020553364084,22,28,7,1,15,24,7,4,1.30985342691463,40.23122105657414
816,2048,1,0.833,5.235332315867147e-4,0.2936990657447125,22,28,7,1,16,24,7,4,1.3014949097096,39.79429794346564
816,2049,1,0.819,6.068882610088533e-4,0.29393836417581276,22,28,7,1,17,24,7,4,1.2925792045364184,39.31747620953449
816,2050,1,0.8,7.05494303813281e-4,0.29429611193593275,22,28,7,1,18,24,7,4,1.2806248474865698,38.659808254090095
816,2051,1,0.778,8.27202791350512e-4,0.294865016461214,22,28,7,1,19,24,7,4,1.266998026833507,37.88291605856699
816,2052,0.999,0.75,9.775746545002129e-4,0.2958357367242552,22,28,7,1,20,24,7,4,1.2492001440922107,36.89741723042958
816,2053,0.999,0.714,0.0011644676810704802,0.2976065337090349,22,28,7,1,21,24,7,4,1.227923857574239,35.553950378731706
816,2054,0.999,0.667,0.0013690904000073223,0.30080575169717283,22,28,7,1,22,24,7,4,1.2012035630982785,33.729755198814786
816,2055,0.998,0.834,0.0015542893218111198,0.30447472178023227,22,28,7,1,23,24,7,4,1.30059986160233,39.88453746411934
816,2056,0.998,0.834,0.0019295547019925197,0.2947754190095395,22,28,7,1,10,25,7,4,1.30059986160233,39.88453746411934
816,2057,0.998,0.824,0.002189482402457976,0.29505630655419934,22,28,7,1,11,25,7,4,1.2942101838573208,39.544828347592805
816,2058,0.998,0.813,0.002496496501219969,0.2954032494251153,22,28,7,1,12,25,7,4,1.2872346328467084,39.167267916545725
816,2059,0.997,0.8,0.002859904110656508,0.2958352316824946,22,28,7,1,13,25,7,4,1.2782836148523535,38.74380933674647
816,2060,0.997,0.786,0.0032834519064340872,0.2963786872199138,22,28,7,1,14,25,7,4,1.2695688244439527,38.251012729141095
816,2061,0.997,0.769,0.0037743733765843723,0.2970729035934865,22,28,7,1,15,25,7,4,1.2591147683988144,37.64350293703427
816,2062,0.996,0.75,0.004365826232274106,0.2979805877276531,22,28,7,1,16,25,7,4,1.2468023099112384,36.98018774930181
816,2063,0.995,0.728,0.005094667504788153,0.29920733377107633,22,28,7,1,17,25,7,4,1.2328864505703678,36.1913777923694
816,2064,0.994,0.7,0.006020994395004031,0.30093342481793195,22,28,7,1,18,25,7,4,1.2157450390604108,35.15417763214743
816,2065,0.993,0.667,0.007233182371972902,0.3034643751627878,22,28,7,1,19,25,7,4,1.1962182075190129,33.88933328707825
816,2066,0.992,0.625,0.008861655127605284,0.3073161354415609,22,28,7,1,20,25,7,4,1.1724713216108955,32.2125815798382
816,2067,0.989,0.572,0.01107933751212331,0.3132582538844054,22,28,7,1,21,25,7,4,1.1424994529539172,30.043456101205418
816,2068,0.985,0.5,0.013927272107999822,0.32190265604861046,22,28,7,1,22,25,7,4,1.1046379497373788,26.912996977743674
816,2069,0.976,0.667,0.017012346395069655,0.33192801187992693,22,28,7,1,23,25,7,4,1.1821442382382954,34.34876520498878
816,2070,0.957,0.834,0.017206823470671928,0.33544669556311835,22,28,7,1,24,25,7,4,1.2694112808699944,41.07128280744854
816,2071,0.991,0.778,0.006740731249437415,0.29974344223476446,22,28,7,1,10,26,7,4,1.259906742580577,38.13423880259959
816,2072,0.989,0.765,0.007666803885417961,0.3006569624679565,22,28,7,1,11,26,7,4,1.2503383542065725,37.72225957246478
816,2073,0.988,0.75,0.008791297617579352,0.3017628645695599,22,28,7,1,12,26,7,4,1.2404208963089909,37.20247179889837
816,2074,0.986,0.733,0.010167685808330496,0.30311304011135976,22,28,7,1,13,26,7,4,1.2286110043459646,36.627397015510304
816,2075,0.984,0.714,0.011875485106345507,0.3047810556688618,22,28,7,1,14,26,7,4,1.2157516193696802,35.96500499952699
816,2076,0.982,0.692,0.014037040628433473,0.3068775083534334,22,28,7,1,15,26,7,4,1.2013275989504277,35.17175268713981
816,2077,0.979,0.667,0.016810491428317698,0.3095770219489432,22,28,7,1,16,26,7,4,1.1846223026771021,34.266896203373406
816,2078,0.975,0.637,0.020409869799474345,0.31316286652483416,22,28,7,1,17,26,7,4,1.1646432930301018,33.157923884672236
816,2079,0.971,0.6,0.02510416695032258,0.31809421118820747,22,28,7,1,18,26,7,4,1.1414206060869936,31.712734576089794
816,2080,0.964,0.556,0.03144835266681445,0.32510479929634784,22,28,7,1,19,26,7,4,1.1128485970697002,29.974778420551026
816,2081,0.956,0.5,0.040242915563011517,0.33532837832145457,22,28,7,1,20,26,7,4,1.0788586561732727,27.61013190297003
816,2082,0.944,0.429,0.0524570333272707,0.3502364026239676,22,28,7,1,21,26,7,4,1.0369074211326679,24.439381727547882
816,2083,0.926,0.333,0.0681363315314597,0.3705947610554021,22,28,7,1,22,26,7,4,0.9840553846201952,19.77915470403911
816,2084,0.896,0.5,0.08702602439654106,0.39289446251035653,22,28,7,1,23,26,7,4,1.0260682238525858,29.163077614901308
816,2085,0.843,0.667,0.10380218761043303,0.4088651914818662,22,28,7,1,24,26,7,4,1.074959534122099,38.35181414940314
816,2086,0.769,0.834,0.09767486645622092,0.40582409134837494,22,28,7,1,25,26,7,4,1.1344236422077953,47.32201280853469
816,2087,0.969,0.722,0.017141365069827552,0.311680966196361,22,28,7,1,10,27,7,4,1.2084059748279963,36.68972283247581
816,2088,0.965,0.706,0.019731733393480777,0.31402043639171917,22,28,7,1,11,27,7,4,1.1956843228879435,36.189434433431664
816,2089,0.96,0.688,0.022899351641508803,0.31683273957525404,22,28,7,1,12,27,7,4,1.1810774741734769,35.62790729142092
816,2090,0.955,0.667,0.026807585775639575,0.3202492467464688,22,28,7,1,13,27,7,4,1.1648665159579443,34.931577384444964
816,2091,0.949,0.643,0.03165259829616052,0.32445965360805307,22,28,7,1,14,27,7,4,1.146320199595209,34.11981247093161
816,2092,0.941,0.615,0.03782807201558924,0.3297500112551296,22,28,7,1,15,27,7,4,1.1241467875682427,33.167026580179105
816,2093,0.932,0.584,0.04593896603879244,0.33656520601136153,22,28,7,1,16,27,7,4,1.0998545358364442,32.071646608971946
816,2094,0.921,0.545,0.05695354329157298,0.34560573545079165,22,28,7,1,17,27,7,4,1.0701710143710677,30.6148442391565
816,2095,0.906,0.5,0.07239388689202253,0.3579625420486501,22,28,7,1,18,27,7,4,1.0348120602312285,28.893268559144236
816,2096,0.888,0.444,0.0942338390293953,0.37527398552308855,22,28,7,1,19,27,7,4,0.9928141820099067,26.56505117707799
816,2097,0.864,0.375,0.12535815252709026,0.39975597721955103,22,28,7,1,20,27,7,4,0.9418710102768849,23.462182788085688
816,2098,0.832,0.286,0.16829434390716047,0.43341017121320236,22,28,7,1,21,27,7,4,0.8797840644158088,18.970407808486545
816,2099,0.785,0.167,0.2215241269632584,0.4751143396339681,22,28,7,1,22,27,7,4,0.8025671311485414,12.009992692614624
816,2100,0.715,0.334,0.2802431854455585,0.5171006588227802,22,28,7,1,23,27,7,4,0.7891647483257218,25.038824036438474
816,2101,0.611,0.5,0.3360041117679631,0.5493060475511913,22,28,7,1,24,27,7,4,0.7895068080770425,39.29451298311005
816,2102,0.504,0.667,0.35483326788134706,0.5578527984602184,22,28,7,1,25,27,7,4,0.8360053827577907,52.924496372431975
816,2103,0.46,0.834,0.26290707827096593,0.5060629188297961,22,28,7,1,26,27,7,4,0.9524473738742734,61.12068327831924
816,2104,0.923,0.667,0.035797031102147825,0.33464361890264227,22,28,7,1,10,28,7,4,1.1387791708667665,35.853514945432934
816,2105,0.914,0.647,0.041292139233115366,0.3396222774865867,22,28,7,1,11,28,7,4,1.1198236468301606,35.29381681666299
816,2106,0.903,0.625,0.04806469195127738,0.34559648325443026,22,28,7,1,12,28,7,4,1.0981957931079502,34.688554155599356
816,2107,0.891,0.6,0.05654199668267046,0.35285225746560356,22,28,7,1,13,28,7,4,1.0741885309385872,33.956351183574036
816,2108,0.877,0.572,0.06736880493765884,0.3618028955718844,22,28,7,1,14,28,7,4,1.047049664533636,33.1133347877342
816,2109,0.86,0.539,0.08148092480783353,0.3730635598299783,22,28,7,1,15,28,7,4,1.0149487671799005,32.07718989154943
816,2110,0.839,0.5,0.10036734660823088,0.38756510347099005,22,28,7,1,16,28,7,4,0.9766887938335321,30.79272486242361
816,2111,0.815,0.455,0.12607238814326094,0.4067115957276125,22,28,7,1,17,28,7,4,0.9334077351297234,29.173845923827454
816,2112,0.784,0.4,0.16174365072898622,0.43255171505285217,22,28,7,1,18,28,7,4,0.8801454425264044,27.03086025984298
816,2113,0.746,0.333,0.21139943749858425,0.4678355261194205,22,28,7,1,19,28,7,4,0.8169485907938149,24.055062238998676
816,2114,0.698,0.25,0.2779911543536637,0.5155247345072681,22,28,7,1,20,28,7,4,0.7414202586927335,19.705807149862487
816,2115,0.636,0.143,0.36100259811791346,0.5768498054703004,22,28,7,1,21,28,7,4,0.6518780560810434,12.671808525817603
816,2116,0.552,0,0.4582695642312239,0.6480902000560106,22,28,7,1,22,28,7,4,0.552,0
816,2117,0.435,0.167,0.5702866877690971,0.720346597020683,22,28,7,1,23,28,7,4,0.4659549334431389,21.00219776054775
816,2118,0.293,0.333,0.6803736914297134,0.7800882100911928,22,28,7,1,24,28,7,4,0.44355157535511025,48.65610171737394
816,2119,0.228,0.5,0.7006029840549102,0.7802550235614245,22,28,7,1,25,28,7,4,0.549530708878039,65.48701419333071
816,2120,0.299,0.667,0.5581278415180534,0.6767881367555357,22,28,7,1,26,28,7,4,0.7309514347752524,65.85445803957835
816,2121,0.453,0.834,0.26378210999042306,0.5076251715625211,22,28,7,1,27,28,7,4,0.9490864028106186,61.49071844697522
816,2122,0.845,0.684,0.0638809653256166,0.36728847224695993,22,28,7,1,10,29,7,4,1.0871435047867415,38.989043415075834
816,2123,0.828,0.667,0.07380827161956505,0.3757796134614323,22,28,7,1,11,29,7,4,1.0632370384820122,38.853374340353334
816,2124,0.809,0.647,0.08611951583899735,0.3859355240044374,22,28,7,1,12,29,7,4,1.0359005743796073,38.65117026538528
816,2125,0.787,0.625,0.10157954729303398,0.39823071936986065,22,28,7,1,13,29,7,4,1.004984576996085,38.45502234620665
816,2126,0.761,0.6,0.12135607726682707,0.413339185596696,22,28,7,1,14,29,7,4,0.969082555822774,38.25352750548875
816,2127,0.731,0.572,0.14696776815559787,0.43223401935968553,22,28,7,1,15,29,7,4,0.9281944839310348,38.04281546484396
816,2128,0.696,0.539,0.18072711837831645,0.4563200808591136,22,28,7,1,16,29,7,4,0.880305060760189,37.75510623612612
816,2129,0.654,0.5,0.22598359020246483,0.4875722907194371,22,28,7,1,17,29,7,4,0.8232350818569384,37.39885239945635
816,2130,0.604,0.454,0.2865303690092623,0.5285725304623551,22,28,7,1,18,29,7,4,0.7556004235043811,36.930560174276046
816,2131,0.545,0.4,0.3657335447451604,0.5821840916160894,22,28,7,1,19,29,7,4,0.6760362416320593,36.27661935831702
816,2132,0.472,0.333,0.46448698956873324,0.6503695216807025,22,28,7,1,20,29,7,4,0.5776443542526838,35.20329285713031
816,2133,0.384,0.25,0.5808581624891955,0.7316843126275452,22,28,7,1,21,29,7,4,0.4582095590447672,33.06580407494142
816,2134,0.277,0.143,0.7119285313991615,0.8170931971025,22,28,7,1,22,29,7,4,0.3117338608492828,27.304840788744443
816,2135,0.149,0.286,0.8525277845153989,0.8729977691636914,22,28,7,1,23,29,7,4,0.3224856585958513,62.48143165343471
816,2136,0.112,0.429,0.8782888662131246,0.8216133548359144,22,28,7,1,24,29,7,4,0.4433790703224499,75.3682529154721
816,2137,0.352,0.572,0.6300817075553097,0.6812693200697215,22,28,7,1,25,29,7,4,0.6716308509888449,58.3924977537511
816,2138,0.633,0.714,0.3409063153776837,0.50765544203472035,22,28,7,1,26,29,7,4,0.9541933766276101,48.44125928870872
816,2139,0.909,0.857,0.08334030306467433,0.3471378720069831,22,28,7,1,27,29,7,4,1.249291799380753,43.313408873680785
816,2140,1,1,0,0.2928932188134524,22,28,7,1,28,29,7,4,1.4142135623730951,45
816,2141,0.74,0.7,0.10016739016418352,0.4016011093547531,22,28,7,1,10,30,7,4,1.0186265262597474,43.40885972880541
816,2142,0.715,0.684,0.11540885116228816,0.4132692419178745,22,28,7,1,11,30,7,4,0.9894852196975961,43.73060861579482
816,2143,0.687,0.667,0.13417146961324078,0.4271015270075218,22,28,7,1,12,30,7,4,0.9575270231173636,44.1537427909406
816,2144,0.656,0.647,0.15746841413738177,0.44366572239631485,22,28,7,1,13,30,7,4,0.9213821140004835,44.60425647324839
816,2145,0.62,0.625,0.18668522774864138,0.46372977055469666,22,28,7,1,14,30,7,4,0.8803550420143,45.23010229509721
816,2146,0.58,0.6,0.22368428523958062,0.4883232355709507,22,28,7,1,15,30,7,4,0.8345058418010025,45.971021931079164
816,2147,0.536,0.572,0.27097559282256556,0.5187680829876747,22,28,7,1,16,30,7,4,0.7838877470658665,46.86094106601302
816,2148,0.486,0.539,0.3310697978628888,0.5565741575479324,22,28,7,1,17,30,7,4,0.7257527127059189,47.95997494072807
816,2149,0.43,0.5,0.40581063129570805,0.6029527990924068,22,28,7,1,18,30,7,4,0.6594694837519018,49.30446896050799
816,2150,0.37,0.455,0.4942750952780145,0.6574775044077225,22,28,7,1,19,30,7,4,0.5864511914899654,50.882445590095344
816,2151,0.307,0.4,0.5911560362769086,0.7151112713226652,22,28,7,1,20,30,7,4,0.5042310978113111,52.49376127371737
816,2152,0.244,0.333,0.68510603120773,0.7609461859897586,22,28,7,1,21,30,7,4,0.41282562904936027,53.76854633988225
816,2153,0.191,0.25,0.75401478196346,0.7680246086581174,22,28,7,1,22,30,7,4,0.3146124600202605,52.62017245327351
816,2154,0.181,0.375,0.6890755422344983,0.7186528254249134,22,28,7,1,23,30,7,4,0.4163964457100949,64.23494531021322
816,2155,0.413,0.5,0.5225908249452027,0.6235880365244555,22,28,7,1,24,30,7,4,0.6485129142892992,50.443293512344326
816,2156,0.649,0.625,0.320229139682797,0.503806112776434,22,28,7,1,25,30,7,4,0.9010138733671086,43.920772309934115
816,2157,0.861,0.75,0.12987200051141212,0.38658593747333503,22,28,7,1,26,30,7,4,1.141849814993198,41.05847554506835
816,2158,0.986,0.875,0.014362081898176116,0.30789193477756116,22,28,7,1,27,30,7,4,1.318264389263398,41.58661701282363
816,2159,1,1,0,0.2928932188134524,22,28,7,1,28,30,7,4,1.4142135623730951,45
816,2161,0.63,0.714,0.13969154548317164,0.43283832473590256,22,28,7,1,10,31,7,4,0.9522058600953892,48.57633437499735
816,2162,0.6,0.7,0.1597244212762201,0.4467091978642399,22,28,7,1,11,31,7,4,0.9219544457292886,49.39870535499553
816,2163,0.568,0.684,0.18386147730593172,0.46290144808660383,22,28,7,1,12,31,7,4,0.8890894218243742,50.293442253030534
816,2164,0.534,0.667,0.21311583277836121,0.48191001083483764,22,28,7,1,13,31,7,4,0.8544267083840487,51.319246479245386
816,2165,0.497,0.647,0.24865074374764728,0.5043266022514267,22,28,7,1,14,31,7,4,0.815854153632866,52.46994484718017
816,2166,0.458,0.625,0.29186760721514415,0.5307917011610264,22,28,7,1,15,31,7,4,0.7748477269760814,53.76603868565055
816,2167,0.418,0.6,0.34386153381968576,0.5618128940361208,22,28,7,1,16,31,7,4,0.7312482478611487,55.136359106010126
816,2168,0.378,0.572,0.40471913463798037,0.5972791345644042,22,28,7,1,17,31,7,4,0.6856150523435144,56.54171025305333
816,2169,0.339,0.539,0.47229067051659634,0.6354025412846349,22,28,7,1,18,31,7,4,0.6367432763681137,57.83246835652805
816,2170,0.304,0.5,0.5401788909088516,0.6709307332641863,22,28,7,1,19,31,7,4,0.5851632250919396,58.700398665371466
816,2171,0.275,0.455,0.5963362103441628,0.6935370319314169,22,28,7,1,20,31,7,4,0.5316483800407935,58.851419013804986
816,2172,0.252,0.4,0.6199699989979213,0.6901749725194888,22,28,7,1,21,31,7,4,0.4727620966194308,57.78907227632626
816,2173,0.249,0.333,0.5698885967418399,0.6539366992758844,22,28,7,1,22,31,7,4,0.4158004329002076,53.21278018928589
816,2174,0.425,0.444,0.43839637873919224,0.588869891496088,22,28,7,1,23,31,7,4,0.6146226484600125,46.252527492734714
816,2175,0.634,0.556,0.291345795616612,0.5048978039150767,22,28,7,1,24,31,7,4,0.8432627111404845,41.24984278702248
816,2176,0.819,0.667,0.15000446989489036,0.41550398772215646,22,28,7,1,25,31,7,4,1.0562433431742895,39.1596404641151
816,2177,0.949,0.778,0.04501364227408766,0.33967497938066915,22,28,7,1,26,31,7,4,1.2271450606998342,39.345253886367
816,2178,0.998,0.889,0.002440838344334284,0.2984730835415157,22,28,7,1,27,31,7,4,1.3365346983898323,41.694060517722356
816,2179,1,1,0,0.2928932188134524,22,28,7,1,28,31,7,4,1.4142135623730951,45
816,2182,0.535,0.727,0.17693189313929658,0.45877123686712495,22,28,7,1,10,32,7,4,0.9026372471818344,53.650612510372206
816,2183,0.506,0.714,0.19993898748186945,0.47361057076106194,22,28,7,1,11,32,7,4,0.8751182777202176,54.67542986323217
816,2184,0.477,0.7,0.22693026099753277,0.49053042886431886,22,28,7,1,12,32,7,4,0.8470708352906502,55.72836463968173
816,2185,0.447,0.684,0.25850438037667145,0.5097854113370157,22,28,7,1,13,32,7,4,0.8171077040390697,56.835031841008146
816,2186,0.418,0.667,0.295174771491299,0.5315488685293702,22,28,7,1,14,32,7,4,0.7871550037953134,57.92517674840148
816,2187,0.39,0.647,0.3371275056607127,0.5557438303424928,22,28,7,1,15,32,7,4,0.7554528443258388,58.919180744181986
816,2188,0.364,0.625,0.3836039888884005,0.5816960463677843,22,28,7,1,16,32,7,4,0.7232710418646664,59.78347828150535
816,2189,0.342,0.6,0.4320201171648632,0.6075250773940325,22,28,7,1,17,32,7,4,0.6906258031669538,60.316859820876694
816,2190,0.324,0.571,0.47702029664991386,0.6293574515416995,22,28,7,1,18,32,7,4,0.6565188496913094,60.428315317445424
816,2191,0.309,0.539,0.5093630901574296,0.6410305329682451,22,28,7,1,19,32,7,4,0.6212905922352278,60.17504878980164
816,2192,0.296,0.5,0.5154551045592455,0.6356609641916962,22,28,7,1,20,32,7,4,0.5810473302580436,59.37446728130534
816,2193,0.308,0.454,0.47724256061794446,0.609251743686215,22,28,7,1,21,32,7,4,0.5486164416056085,55.84647823813701
816,2194,0.416,0.4,0.38222002722083814,0.5629768438633697,22,28,7,1,22,32,7,4,0.5771100414998859,43.87669728592458
816,2195,0.608,0.5,0.2670837877589244,0.5019046322513352,22,28,7,1,23,32,7,4,0.7871873982731177,39.43279964735481
816,2196,0.778,0.6,0.157021008680869,0.4333970350958888,22,28,7,1,24,32,7,4,0.9824886767795342,37.63970503626487
816,2197,0.908,0.7,0.06793818720387867,0.36766369208355276,22,28,7,1,25,32,7,4,1.1465007631920705,37.62953199682129
816,2198,0.98,0.8,0.015209876850216686,0.3180112974309688,22,28,7,1,26,32,7,4,1.2650691680694774,39.22567409733673
816,2199,0.999,0.9,4.8798656869275536e-4,0.29531179830000653,22,28,7,1,27,32,7,4,1.3446192769702507,42.015717856406624
816,2200,1,1,0,0.2928932188134524,22,28,7,1,28,32,7,4,1.4142135623730951,45
816,2204,0.467,0.739,0.20763645306741174,0.4784038309926769,22,28,7,1,10,33,7,4,0.874191054632796,57.70977289634732
816,2205,0.444,0.727,0.2313307941373235,0.49292999914530966,22,28,7,1,11,33,7,4,0.8518597302373202,58.586376449166636
816,2206,0.422,0.715,0.2581427685059192,0.508939283711036,22,28,7,1,12,33,7,4,0.83024634898324,59.450479647032545
816,2207,0.401,0.7,0.28806574812797137,0.5263466346787763,22,28,7,1,13,33,7,4,0.8067223809960896,60.19345352751451
816,2208,0.383,0.684,0.3207688185830778,0.5448172926285222,22,28,7,1,14,33,7,4,0.7839292059873775,60.75372445053679
816,2209,0.368,0.667,0.3552059118672207,0.5635569912113432,22,28,7,1,15,33,7,4,0.761782777437243,61.1134182330893
816,2210,0.355,0.647,0.3890556577471468,0.5810071932253824,22,28,7,1,16,33,7,4,0.7379932249011505,61.247029226516055
816,2211,0.345,0.625,0.4182011561639517,0.5945364171195348,22,28,7,1,17,33,7,4,0.7138977517824243,61.10130239915843
816,2212,0.335,0.6,0.43630824796472467,0.6004460229093171,22,28,7,1,18,33,7,4,0.6871862920635131,60.82392093202147
816,2213,0.331,0.572,0.43487730091332577,0.5947810326444909,22,28,7,1,19,33,7,4,0.6608668549715593,59.94326412390154
816,2214,0.35,0.539,0.4043699786346159,0.5749421714050829,22,28,7,1,20,33,7,4,0.6426670988933539,57.00229489878372
816,2215,0.424,0.5,0.33849955104620244,0.5409633748180774,22,28,7,1,21,33,7,4,0.6555730317821196,49.70205542331622
816,2216,0.577,0.455,0.2472865462330378,0.4953926691695454,22,28,7,1,22,33,7,4,0.7348156231327693,38.25795284061438
816,2217,0.737,0.545,0.1581809094018788,0.4425020307516915,22,28,7,1,23,33,7,4,0.9166209685578877,36.482347552665395
816,2218,0.866,0.637,0.08288147474173901,0.38813564091438557,22,28,7,1,24,33,7,4,1.0750465106217497,36.33692902318978
816,2219,0.952,0.728,0.03046706822636014,0.34010335206002384,22,28,7,1,25,33,7,4,1.198452335305831,37.40535663140856
816,2220,0.992,0.819,0.005354588884459277,0.307235082405405,22,28,7,1,26,33,7,4,1.2864000155472635,39.54324527943085
816,2221,1,0.91,1.216561570502872e-4,0.2940846220740341,22,28,7,1,27,33,7,4,1.3520724832641184,42.3021943666837
816,2222,1,1,0,0.2928932188134524,22,28,7,1,28,33,7,4,1.4142135623730951,45
816,2227,0.427,0.75,0.22948001215000136,0.4914900218654479,22,28,7,1,10,34,7,4,0.8630347617564428,60.34569833076441
816,2228,0.412,0.739,0.25162479342315813,0.5045586033144354,22,28,7,1,11,34,7,4,0.8460880568829701,60.85988969259905
816,2229,0.398,0.727,0.2755151694483645,0.5182917771746651,22,28,7,1,12,34,7,4,0.8288142131985913,61.30126573154473
816,2230,0.386,0.714,0.3006012385577901,0.5322814909922187,22,28,7,1,13,34,7,4,0.8116600273513536,61.60362386296597
816,2231,0.377,0.7,0.3257867677785383,0.5457969431727117,22,28,7,1,14,34,7,4,0.7950654061144906,61.694363428186094
816,2232,0.369,0.684,0.34918450886826036,0.5576420470162716,22,28,7,1,15,34,7,4,0.7771853060885802,61.65430637692334
816,2233,0.362,0.667,0.3678040483833156,0.5660438462501756,22,28,7,1,16,34,7,4,0.7589024970310745,61.51004868407362
816,2234,0.356,0.647,0.3773948831098013,0.5687097346646264,22,28,7,1,17,34,7,4,0.7384747795287256,61.1790088592621
816,2235,0.359,0.625,0.3726215975812315,0.563234529198136,22,28,7,1,18,34,7,4,0.7207676463327138,60.12694043923425
816,2236,0.38,0.6,0.34802128672293065,0.5478673508420366,22,28,7,1,19,34,7,4,0.7102112361825881,57.652556500557964
816,2237,0.439,0.572,0.30022434212573945,0.5222438480891425,22,28,7,1,20,34,7,4,0.721044381435706,52.49439163713281
816,2238,0.551,0.539,0.23196343076378212,0.48757468634200773,22,28,7,1,21,34,7,4,0.7707930980490161,44.36924625803385
816,2239,0.697,0.5,0.15781830394318364,0.44633714899136845,22,28,7,1,22,34,7,4,0.8577930985966254,35.65414824988119
816,2240,0.825,0.584,0.09325878427111423,0.40204284242561195,22,28,7,1,23,34,7,4,1.0107823702459398,35.2938674358703
816,2241,0.919,0.667,0.04417493029645847,0.3593445813111077,22,28,7,1,24,34,7,4,1.1355395193475215,35.97172842411379
816,2242,0.975,0.75,0.014216059142812987,0.3240286918320453,22,28,7,1,25,34,7,4,1.2300914600142545,37.568592028827496
816,2243,0.996,0.833,0.0020896880908404247,0.30166878388808105,22,28,7,1,26,34,7,4,1.2984240447557955,39.90726944037342
816,2244,1,0.917,3.7667593442702874e-5,0.2935509810943493,22,28,7,1,27,34,7,4,1.3567936468011634,42.52082345847564
816,2245,1,1,0,0.2928932188134524,22,28,7,1,28,34,7,4,1.4142135623730951,45
816,2251,0.409,0.76,0.24178190739267047,0.4983558638562532,22,28,7,1,10,35,7,4,0.8630648874794988,61.71273299922659
816,2252,0.4,0.75,0.26059712862658746,0.5091206783355412,22,28,7,1,11,35,7,4,0.85,61.92751306414704
816,2253,0.393,0.739,0.27966166626295574,0.5196975562030195,22,28,7,1,12,35,7,4,0.8370005973713519,61.99596677054078
816,2254,0.387,0.727,0.29798963902307596,0.5294726727014489,22,28,7,1,13,35,7,4,0.8235884894776031,61.97252795200987
816,2255,0.382,0.714,0.31408027992054055,0.5375494090198929,22,28,7,1,14,35,7,4,0.8097653981246666,61.8525949003034
816,2256,0.377,0.7,0.3257726047111822,0.542713866672343,22,28,7,1,15,35,7,4,0.7950654061144906,61.694363428186094
816,2257,0.375,0.684,0.3302176070695605,0.5434888236020308,22,28,7,1,16,35,7,4,0.7800519213488292,61.266437252561616
816,2258,0.381,0.667,0.32402201841961886,0.5383458870785371,22,28,7,1,17,35,7,4,0.7681471213250753,60.26437040320554
816,2259,0.404,0.647,0.30393607203086037,0.5260864067603817,22,28,7,1,18,35,7,4,0.7627745407392672,58.018503302280735
816,2260,0.453,0.625,0.26789690470282346,0.5062574856905662,22,28,7,1,19,35,7,4,0.7719028436273571,54.065399964785264
816,2261,0.539,0.6,0.21675519213311534,0.47937176390206726,22,28,7,1,20,35,7,4,0.8065488205930252,48.065589792721426
816,2262,0.659,0.572,0.15715632353960562,0.44684204974754205,22,28,7,1,21,35,7,4,0.8726196193072902,40.95738564447017
816,2263,0.784,0.539,0.10075521336738857,0.4108194398300977,22,28,7,1,22,35,7,4,0.9514079041084325,34.5085229876684
816,2264,0.883,0.615,0.055580201533932394,0.3741771285517864,22,28,7,1,23,35,7,4,1.076064124483295,34.85679630308082
816,2265,0.95,0.692,0.02417316926590718,0.3405795124110381,22,28,7,1,24,35,7,4,1.1753144260154387,36.07038284494445
816,2266,0.986,0.769,0.006976165997272021,0.3142334057344772,22,28,7,1,25,35,7,4,1.2504227285202392,37.951340469943304
816,2267,0.998,0.846,8.946818027835146e-4,0.29856029999134515,22,28,7,1,26,35,7,4,1.3083271762063189,40.28779077258025
816,2268,1,0.923,1.3548821008901868e-5,0.29328551296768646,22,28,7,1,27,35,7,4,1.3608559806239602,42.707010169212275
816,2269,1,1,0,0.29289321881345254,22,28,7,1,28,35,7,4,1.4142135623730951,45
816,2342,1,1,0,0.2928932188134524,22,28,7,1,10,22,10,4,1.4142135623730951,45
816,2343,1,1,0,0.2928932188134524,22,28,7,1,11,22,10,4,1.4142135623730951,45
816,2344,1,1,0,0.2928932188134524,22,28,7,1,12,22,10,4,1.4142135623730951,45
816,2345,1,1,0,0.2928932188134524,22,28,7,1,13,22,10,4,1.4142135623730951,45
816,2346,1,1,0,0.2928932188134524,22,28,7,1,14,22,10,4,1.4142135623730951,45
816,2347,1,1,0,0.2928932188134524,22,28,7,1,15,22,10,4,1.4142135623730951,45
816,2348,1,1,0,0.2928932188134524,22,28,7,1,16,22,10,4,1.4142135623730951,45
816,2349,1,1,0,0.2928932188134524,22,28,7,1,17,22,10,4,1.4142135623730951,45
816,2350,1,1,0,0.2928932188134524,22,28,7,1,18,22,10,4,1.4142135623730951,45
816,2351,1,1,0,0.2928932188134524,22,28,7,1,19,22,10,4,1.4142135623730951,45
816,2352,1,1,0,0.2928932188134524,22,28,7,1,20,22,10,4,1.4142135623730951,45
816,2353,1,1,0,0.2928932188134524,22,28,7,1,21,22,10,4,1.4142135623730951,45
816,2354,1,0.945,3.988037402535838e-6,0.2929019261364273,22,28,7,1,10,23,10,4,1.3758724504836921,43.38024250274473
816,2355,1,0.942,4.327236690415681e-6,0.2929036582565996,22,28,7,1,11,23,10,4,1.3738136700440857,43.289306039103366
816,2356,1,0.938,4.69427551497148e-6,0.2929059211666012,22,28,7,1,12,23,10,4,1.3710740315533658,43.16763304046667
816,2357,1,0.934,5.097813940868612e-6,0.2929089264183933,22,28,7,1,13,23,10,4,1.3683406008739198,43.045473375173806
816,2358,1,0.929,5.535299986925146e-6,0.2929129995720027,22,28,7,1,14,23,10,4,1.3649325990685401,42.8920866639288
816,2359,1,0.923,6.009009249408059e-6,0.29291867494744217,22,28,7,1,15,23,10,4,1.3608559806239602,42.707010169212275
816,2360,1,0.917,6.529168371072203e-6,0.29292690090350204,22,28,7,1,16,23,10,4,1.3567936468011634,42.52082345847564
816,2361,1,0.91,7.105116160976976e-6,0.2929394867780024,22,28,7,1,17,23,10,4,1.3520724832641184,42.3021943666837
816,2362,1,0.9,7.765710525742264e-6,0.29296009866530637,22,28,7,1,18,23,10,4,1.3453624047073711,41.98721249581666
816,2363,1,0.889,8.486413154540351e-6,0.29299687522509654,22,28,7,1,19,23,10,4,1.3380287739805896,41.63709543013025
816,2364,1,0.875,9.247322145355952e-6,0.2930707657583488,22,28,7,1,20,23,10,4,1.3287682265918312,41.18592516570965
816,2365,1,0.857,1.00131886762167e-5,0.2932395287177726,22,28,7,1,21,23,10,4,1.3169848138835922,40.59657583596283
816,2366,1,0.834,1.0773035357014571e-5,0.2936337863539398,22,28,7,1,22,23,10,4,1.3021351696348578,39.82810630428432
816,2367,1,0.889,3.5111121348474494e-4,0.293328500941202,22,28,7,1,10,24,10,4,1.3380287739805896,41.63709543013025
816,2368,1,0.883,3.9202157234097257e-4,0.29340079225014337,22,28,7,1,11,24,10,4,1.3340498491435768,41.4445038973404
816,2369,1,0.875,4.3796100860660214e-4,0.29349101122102383,22,28,7,1,12,24,10,4,1.3287682265918312,41.18592516570965
816,2370,1,0.867,4.900001976229085e-4,0.29360499140484997,22,28,7,1,13,24,10,4,1.323513883569039,40.92528797789907
816,2371,1,0.857,5.486692212117728e-4,0.29375138941701595,22,28,7,1,14,24,10,4,1.3169848138835922,40.59657583596283
816,2372,1,0.846,6.149623404220206e-4,0.2939437473211509,22,28,7,1,15,24,10,4,1.30985342691463,40.23122105657414
816,2373,1,0.833,6.89937645516725e-4,0.2942042150153863,22,28,7,1,16,24,10,4,1.3014949097096,39.79429794346564
816,2374,1,0.819,7.776019954246483e-4,0.29457007671285995,22,28,7,1,17,24,10,4,1.2925792045364184,39.31747620953449
816,2375,0.999,0.8,8.80797735355654e-4,0.2951055761363178,22,28,7,1,18,24,10,4,1.2798441311347253,38.687774465176346
816,2376,0.999,0.778,0.0010025590203545098,0.29592539375491256,22,28,7,1,19,24,10,4,1.266208908513915,37.910701733027835
816,2377,0.999,0.75,0.0011472015316698059,0.29723606284814263,22,28,7,1,20,24,10,4,1.2492001440922107,36.89741723042958
816,2378,0.999,0.714,0.0013031313491820296,0.29936769832826726,22,28,7,1,21,24,10,4,1.227923857574239,35.553950378731706
816,2379,0.998,0.667,0.0014650731290962726,0.302488849405369,22,28,7,1,22,24,10,4,1.2003720256653767,33.75625947840964
816,2380,0.997,0.834,0.0015804547744623365,0.3050293502092487,22,28,7,1,23,24,10,4,1.299832681540205,39.912803020920826
816,2381,0.997,0.834,0.003032278440352143,0.29601543743873604,22,28,7,1,10,25,10,4,1.299832681540205,39.912803020920826
816,2382,0.997,0.824,0.003373032945962917,0.29645529338183185,22,28,7,1,11,25,10,4,1.2934392138790287,39.57303158902888
816,2383,0.997,0.813,0.003756196824084679,0.29698791108909406,22,28,7,1,12,25,10,4,1.286459482455627,39.19539724518994
816,2384,0.996,0.8,0.004199323729427218,0.2976404310335595,22,28,7,1,13,25,10,4,1.2775038160412673,38.77187809554532
816,2385,0.996,0.786,0.004713788560297805,0.29845240508669457,22,28,7,1,14,25,10,4,1.268783669503986,38.278970424361795
816,2386,0.995,0.769,0.00532434424935857,0.2994832628731642,22,28,7,1,15,25,10,4,1.2575317093417566,37.6991567306859
816,2387,0.994,0.75,0.006061253043208814,0.30082381956915405,22,28,7,1,16,25,10,4,1.2452052039724215,37.03554511738589
816,2388,0.994,0.728,0.006966684807893642,0.30261326123999677,22,28,7,1,17,25,10,4,1.2320795428867406,36.21883726561453
816,2389,0.992,0.7,0.008093387777033167,0.3050637565703137,22,28,7,1,18,25,10,4,1.2141103738952237,35.20852143889659
816,2390,0.991,0.667,0.009534473407931454,0.3084915169402588,22,28,7,1,19,25,10,4,1.1945584958468967,33.94282182109923
816,2391,0.989,0.625,0.011358940112509375,0.31332162370116023,22,28,7,1,20,25,10,4,1.1699341861831374,32.29089936182248
816,2392,0.986,0.572,0.013581023624224087,0.31994861790623885,22,28,7,1,21,25,10,4,1.1399035046880064,30.118950712239847
816,2393,0.981,0.5,0.01598716038707315,0.3281878755337636,22,28,7,1,22,25,10,4,1.1010726588195712,27.007211290791425
816,2394,0.971,0.667,0.01831977389084971,0.335706249833318,22,28,7,1,23,25,10,4,1.178019524456195,34.48597841594605
816,2395,0.951,0.834,0.017010928751106213,0.33544235273373546,22,28,7,1,24,25,10,4,1.2648940667107265,41.24984278702248
816,2396,0.985,0.778,0.011132473985833391,0.3039603769128244,22,28,7,1,10,26,10,4,1.2551928138736295,38.303362812104716
816,2397,0.983,0.765,0.012599346212680218,0.3053590114523712,22,28,7,1,11,26,10,4,1.2455978484246029,37.89112103400147
816,2398,0.981,0.75,0.014363087799245888,0.30703352649426896,22,28,7,1,12,26,10,4,1.2348526227854075,37.39885239945635
816,2399,0.979,0.733,0.016499473837786827,0.30906460183789397,22,28,7,1,13,26,10,4,1.2230004088306758,36.823049103943504
816,2400,0.976,0.714,0.019103012612404324,0.31156863613793706,22,28,7,1,14,26,10,4,1.2092857396000334,36.18761165031393
816,2401,0.973,0.692,0.0222705006448235,0.3147162734977079,22,28,7,1,15,26,10,4,1.193981993164051,35.42053148750917
816,2402,0.969,0.667,0.026198195397280855,0.31875903974934205,22,28,7,1,16,26,10,4,1.1763715399481578,34.54113298956163
816,2403,0.965,0.637,0.03116754197781313,0.3240656438681496,22,28,7,1,17,26,10,4,1.1562845670508624,33.42894680785922
816,2404,0.959,0.6,0.03759540228307323,0.33116625055491855,22,28,7,1,18,26,10,4,1.131229861699204,32.032227180778776
816,2405,0.951,0.556,0.04593863926942732,0.34078083630109135,22,28,7,1,19,26,10,4,1.1016065540836257,30.31259479666347
816,2406,0.94,0.5,0.05660797605529222,0.35372218772909714,22,28,7,1,20,26,10,4,1.0647065323364933,28.009176708013836
816,2407,0.926,0.429,0.0694293069988201,0.3703680730573712,22,28,7,1,21,26,10,4,1.0205474021327965,24.857484569747335
816,2408,0.904,0.333,0.08446337023197281,0.3891981593027719,22,28,7,1,22,26,10,4,0.9633820633580429,20.22192224044358
816,2409,0.868,0.5,0.10041826353936545,0.40558210492597546,22,28,7,1,23,26,10,4,1.0017105370315318,29.943528572612028
816,2410,0.813,0.667,0.11077094908353824,0.4142264411603396,22,28,7,1,24,26,10,4,1.0515978318730026,39.366077202811184
816,2411,0.751,0.834,0.094506489610645,0.40382651447189766,22,28,7,1,25,26,10,4,1.1222998708010261,47.99760880938959
816,2412,0.949,0.722,0.03029411814959171,0.3231632470561657,22,28,7,1,10,27,10,4,1.1924281949031563,37.26390803326153
816,2413,0.944,0.706,0.03460561490441472,0.3268289941458742,22,28,7,1,11,27,10,4,1.1788010858495168,36.792129414655925
816,2414,0.938,0.688,0.03984645743098125,0.33122487450729843,22,28,7,1,12,27,10,4,1.1632660916574504,36.259133585429815
816,2415,0.93,0.667,0.046342564639380135,0.3365714865116056,22,28,7,1,13,27,10,4,1.1444601347360248,35.64825356233557
816,2416,0.922,0.643,0.054545738846825786,0.34318265590615404,22,28,7,1,14,27,10,4,1.1240698376880327,34.89180175194811
816,2417,0.911,0.615,0.06508803557794174,0.35150723738893297,22,28,7,1,15,27,10,4,1.099156949666425,34.022590395865784
816,2418,0.899,0.584,0.07887712172920824,0.3621826239745384,22,28,7,1,16,27,10,4,1.0720340479667612,33.00818358713663
816,2419,0.884,0.545,0.09697764102481221,0.3760896837325086,22,28,7,1,17,27,10,4,1.0384993981702637,31.65448969052664
816,2420,0.866,0.5,0.12094041793251731,0.39436590061713683,22,28,7,1,18,27,10,4,0.9999779997579946,30.000727780827372
816,2421,0.842,0.444,0.15233437657960058,0.41823758496028185,22,28,7,1,19,27,10,4,0.951892851112981,27.80339490602785
816,2422,0.812,0.375,0.19150628284220717,0.4483568522562178,22,28,7,1,20,27,10,4,0.8944098613052073,24.788562975156676
816,2423,0.771,0.286,0.23638666737099778,0.48337787168994006,22,28,7,1,21,27,10,4,0.8223363058992349,20.35217552946812
816,2424,0.715,0.167,0.2846672580742632,0.5187354978928469,22,28,7,1,22,27,10,4,0.7342438287108718,13.146687715693782
816,2425,0.633,0.334,0.3340639963499863,0.5482819437308558,22,28,7,1,23,27,10,4,0.715712931279015,27.818196496221006
816,2426,0.535,0.5,0.3683044276315367,0.5654757992480932,22,28,7,1,24,27,10,4,0.7322738558763381,43.063199613778956
816,2427,0.466,0.667,0.35394966867030675,0.5567771431439982,22,28,7,1,25,27,10,4,0.8136614775199819,55.059899039709165
816,2428,0.457,0.834,0.24164524981903812,0.4943920612907836,22,28,7,1,26,27,10,4,0.9510021030470963,61.27894942330343
816,2429,0.875,0.667,0.0658212460990234,0.3605443254397357,22,28,7,1,10,28,10,4,1.1002336115571094,37.31775591556485
816,2430,0.862,0.647,0.0758875936875868,0.3685979802443984,22,28,7,1,11,28,10,4,1.0778000742252711,36.89116161945046
816,2431,0.848,0.625,0.0883627894862632,0.3782769923033198,22,28,7,1,12,28,10,4,1.053436756525991,36.39126547273015
816,2432,0.831,0.6,0.10401734767452553,0.39006746354987887,22,28,7,1,13,28,10,4,1.0249687800123475,35.83010012285446
816,2433,0.811,0.572,0.12386187083512668,0.4046401788381262,22,28,7,1,14,28,10,4,0.9924238006013358,35.19539713200195
816,2434,0.788,0.539,0.14931171427048662,0.422911659059226,22,28,7,1,15,28,10,4,0.9547067612623261,34.3725241980033
816,2435,0.761,0.5,0.18240005329266118,0.4460963654889475,22,28,7,1,16,28,10,4,0.9105608162006533,33.3061234864676
816,2436,0.729,0.455,0.2250568664782283,0.47569688356274176,22,28,7,1,17,28,10,4,0.859340444759817,31.970045985776647
816,2437,0.69,0.4,0.2788627620804879,0.5133107109095552,22,28,7,1,18,28,10,4,0.7975587752636165,30.10130456559971
816,2438,0.642,0.333,0.34393660528539183,0.5600532884408655,22,28,7,1,19,28,10,4,0.7232240316803639,27.41538991942749
816,2439,0.582,0.25,0.41951984148974075,0.6155095368563326,22,28,7,1,20,28,10,4,0.6334224498705425,23.246099440996296
816,2440,0.505,0.143,0.5051087581196108,0.6767856410699247,22,28,7,1,21,28,10,4,0.5248561707744323,15.810441422513522
816,2441,0.405,0,0.6017855099212835,0.7386557342538795,22,28,7,1,22,28,10,4,0.405,0
816,2442,0.281,0.167,0.6991968018072243,0.7920962934464135,22,28,7,1,23,28,10,4,0.3268791825736231,30.72327198619735
816,2443,0.209,0.333,0.7388357699447832,0.8101144247683897,22,28,7,1,24,28,10,4,0.3931539138810652,57.88648252920395
816,2444,0.246,0.5,0.662282369525887,0.7521375230437954,22,28,7,1,25,28,10,4,0.5572396252959763,63.80281394153173
816,2445,0.335,0.667,0.48380138259726224,0.6351831289612497,22,28,7,1,26,28,10,4,0.7464006966770598,63.33196071422221
816,2446,0.508,0.834,0.21147005384632134,0.4783352533227231,22,28,7,1,27,28,10,4,0.9765346896040099,58.653874781775166
816,2447,0.753,0.684,0.120940335250034,0.4131168390529635,22,28,7,1,10,29,10,4,1.0172831464248289,42.2509570971444
816,2448,0.729,0.667,0.1397124940279889,0.4269468072404342,22,28,7,1,11,29,10,4,0.9880941250710885,42.4570161520722
816,2449,0.703,0.647,0.16281003724049847,0.44347831512640357,22,28,7,1,12,29,10,4,0.9554150930354827,42.624647991830884
816,2450,0.673,0.625,0.19144942651065067,0.46345035506972176,22,28,7,1,13,29,10,4,0.9184519584605393,42.88216887828304
816,2451,0.639,0.6,0.22736033722306048,0.4878229958041782,22,28,7,1,14,29,10,4,0.8765392176052365,43.19709616962129
816,2452,0.601,0.572,0.2723739239916456,0.517798467469142,22,28,7,1,15,29,10,4,0.829689701032862,43.583768799426785
816,2453,0.556,0.539,0.3284685972531699,0.5547722379049158,22,28,7,1,16,29,10,4,0.7743752320419346,44.11054793914993
816,2454,0.505,0.5,0.3969808180887803,0.6001243357237755,22,28,7,1,17,29,10,4,0.7106511098985212,44.714948722416175
816,2455,0.445,0.454,0.47832086226612736,0.6547246253590394,22,28,7,1,18,29,10,4,0.6357208506884134,45.573575961800664
816,2456,0.376,0.4,0.5716254246860485,0.7180209158986357,22,28,7,1,19,29,10,4,0.5489772308575284,46.77146974003408
816,2457,0.296,0.333,0.675024189857142,0.7863950896020133,22,28,7,1,20,29,10,4,0.44553899941531494,48.366460663429805
816,2458,0.204,0.25,0.7860113961952101,0.848235819022637,22,28,7,1,21,29,10,4,0.32267011017446284,50.78555486469748
816,2459,0.104,0.143,0.8954995082568916,0.8678868441008428,22,28,7,1,22,29,10,4,0.17681911661356076,53.97262661489639
816,2460,0.14,0.286,0.8430860881551157,0.8091270186235006,22,28,7,1,23,29,10,4,0.3184273857569414,63.91776699686532
816,2461,0.341,0.429,0.6480462040927895,0.6979502411469863,22,28,7,1,24,29,10,4,0.5480164231115706,51.519801751656985
816,2462,0.56,0.572,0.4219299525863056,0.5614551555181565,22,28,7,1,25,29,10,4,0.800489850029343,45.607353004809525
816,2463,0.788,0.714,0.19614649221853164,0.42171930441192973,22,28,7,1,26,29,10,4,1.063362591029043,42.17945261160619
816,2464,0.969,0.857,0.031224798329551495,0.3159010289934592,22,28,7,1,27,29,10,4,1.2936034941202037,41.49008868933465
816,2465,1,1,0,0.2928932188134524,22,28,7,1,28,29,10,4,1.4142135623730951,45
816,2466,0.603,0.7,0.18880360401674867,0.4649692186295211,22,28,7,1,10,30,10,4,0.9239096276151688,49.25745049093558
816,2467,0.572,0.684,0.21642131995469938,0.48317278877213243,22,28,7,1,11,30,10,4,0.8916501556103716,50.09569991955861
816,2468,0.538,0.667,0.24961285414859313,0.504478866148707,22,28,7,1,12,30,10,4,0.856932319381175,51.11046686988384
816,2469,0.502,0.647,0.2895470860773116,0.5294938031836244,22,28,7,1,13,30,10,4,0.8189096409250535,52.19251696827199
816,2470,0.462,0.625,0.33726547434514664,0.5588338898240903,22,28,7,1,14,30,10,4,0.7772187594236258,53.528188086016584
816,2471,0.42,0.6,0.39357712320124405,0.5929474924754291,22,28,7,1,15,30,10,4,0.7323933369440222,55.00797980144134
816,2472,0.375,0.572,0.4582832269717767,0.6317171977379342,22,28,7,1,16,30,10,4,0.6839656424119562,56.751375405898195
816,2473,0.33,0.539,0.5295954185952858,0.6736726326624187,22,28,7,1,17,30,10,4,0.6319976265778219,58.52316065041602
816,2474,0.284,0.5,0.6031977255733336,0.7146146194023664,22,28,7,1,18,30,10,4,0.5750269558898956,60.40342496246962
816,2475,0.242,0.455,0.6713668852079959,0.745802478464432,22,28,7,1,19,30,10,4,0.5153532768887765,61.99291171114009
816,2476,0.207,0.4,0.7197815558818847,0.7540600035422248,22,28,7,1,20,30,10,4,0.45038761084203904,62.63843517972921
816,2477,0.177,0.333,0.7091815417106986,0.7290885667708171,22,28,7,1,21,30,10,4,0.3771180186625932,62.00794695540732
816,2478,0.296,0.25,0.5988326131639081,0.6721426318588897,22,28,7,1,22,30,10,4,0.38744806103528245,40.18425546260554
816,2479,0.483,0.375,0.45643780773759857,0.5920290367971696,22,28,7,1,23,30,10,4,0.6114850774957635,37.82567576351771
816,2480,0.669,0.5,0.29968219963470644,0.49927761142814187,22,28,7,1,24,30,10,4,0.8352011733708233,36.773855959792805
816,2481,0.836,0.625,0.1519810244806139,0.4071610400576944,22,28,7,1,25,30,10,4,1.0438012262878407,36.78207126586639
816,2482,0.957,0.75,0.04319708150175405,0.3332230423102841,22,28,7,1,26,30,10,4,1.2158737598945049,38.08576570208169
816,2483,0.999,0.875,0.0016076348830421638,0.2966129552673724,22,28,7,1,27,30,10,4,1.3280158131588644,41.21433562286915
816,2484,1,1,0,0.2928932188134524,22,28,7,1,28,30,10,4,1.4142135623730951,45
816,2486,0.476,0.714,0.2530508922211414,0.5064966823172667,22,28,7,1,10,31,10,4,0.8581212035604294,56.309932474020215
816,2487,0.447,0.7,0.28533092964893125,0.5260281318826496,22,28,7,1,11,31,10,4,0.8305474098448564,57.43886150437051
816,2488,0.418,0.684,0.3223707260546661,0.5479310823528456,22,28,7,1,12,31,10,4,0.8016108781697016,58.57043438516149
816,2489,0.389,0.667,0.36426845582088685,0.5721826601244056,22,28,7,1,13,31,10,4,0.7721463591832833,59.74890410423871
816,2490,0.36,0.647,0.41055888450181977,0.5983643948684083,22,28,7,1,14,31,10,4,0.7404113721438913,60.90781504607796
816,2491,0.334,0.625,0.459738691452685,0.6253021502041753,22,28,7,1,15,31,10,4,0.7086473029653044,61.87995286961441
816,2492,0.311,0.6,0.5085889089075263,0.6505591765357188,22,28,7,1,16,31,10,4,0.6758113642134171,62.600787281716414
816,2493,0.291,0.572,0.5516658895579711,0.6699820642765506,22,28,7,1,17,31,10,4,0.6417670917085107,63.03568156107527
816,2494,0.274,0.539,0.5806059920440125,0.6779438103215785,22,28,7,1,18,31,10,4,0.6046461775286437,63.053547640253264
816,2495,0.259,0.5,0.5827351332537493,0.6691280393501674,22,28,7,1,19,31,10,4,0.5630994583552714,62.615843366003666
816,2496,0.274,0.455,0.5411207521351837,0.6412304590851082,22,28,7,1,20,31,10,4,0.5311318103823194,58.94374148256534
816,2497,0.391,0.4,0.44914985233682225,0.5959180467251058,22,28,7,1,21,31,10,4,0.5593576673292323,45.65188339442874
816,2498,0.559,0.333,0.33815894881133357,0.5374127155761648,22,28,7,1,22,31,10,4,0.650668886608235,30.782536958680353
816,2499,0.716,0.444,0.22571742830704733,0.4712595208537269,22,28,7,1,23,31,10,4,0.8424915429842604,31.803536807781526
816,2500,0.85,0.556,0.12386470127947347,0.4045714306299685,22,28,7,1,24,31,10,4,1.0156948360605167,33.18940715485848
816,2501,0.946,0.667,0.0474235556164202,0.3466540181270953,22,28,7,1,25,31,10,4,1.1574994600430706,35.18666856973126
816,2502,0.992,0.778,0.007960640218211523,0.30793477104478817,22,28,7,1,26,31,10,4,1.2606934599655857,38.106174494033816
816,2503,1,0.889,1.0361407167625014e-4,0.29379437023062605,22,28,7,1,27,31,10,4,1.3380287739805896,41.63709543013025
816,2504,1,1,0,0.2928932188134524,22,28,7,1,28,31,10,4,1.4142135623730951,45
816,2507,0.403,0.727,0.2996213970006446,0.5333177421070913,22,28,7,1,10,32,10,4,0.8312268041876416,60.998955856822676
816,2508,0.384,0.714,0.3302947721171047,0.5507410766968384,22,28,7,1,11,32,10,4,0.8107107992373113,61.72796392056729
816,2509,0.366,0.7,0.3631018948570516,0.5688792500084716,22,28,7,1,12,32,10,4,0.7899088555016964,62.39686030665187
816,2510,0.351,0.684,0.3969454539116276,0.5869618135722723,22,28,7,1,13,32,10,4,0.7688023152930797,62.83501494266807
816,2511,0.338,0.667,0.42984561278620614,0.6036554322092523,22,28,7,1,14,32,10,4,0.7477519642234316,63.12654150510233
816,2512,0.327,0.647,0.458679087488327,0.6169119202964264,22,28,7,1,15,32,10,4,0.724939997517036,63.18752873434816
816,2513,0.317,0.625,0.478852111512137,0.6240128260183684,22,28,7,1,16,32,10,4,0.7007952625410648,63.105876490039165
816,2514,0.309,0.6,0.4843952498779821,0.622034032906984,22,28,7,1,17,32,10,4,0.6748933249040177,62.75153257335525
816,2515,0.314,0.571,0.4682087775217576,0.6087500434553854,22,28,7,1,18,32,10,4,0.6516417727555531,61.193058333094356
816,2516,0.355,0.539,0.42378682585543526,0.5834980307380533,22,28,7,1,19,32,10,4,0.6454037496017513,56.630017297801885
816,2517,0.457,0.5,0.35099340429148007,0.5473658683231376,22,28,7,1,20,32,10,4,0.677383938398306,47.57268812004588
816,2518,0.602,0.454,0.26392799996162564,0.5027416091387342,22,28,7,1,21,32,10,4,0.7540026525152281,37.021875484407914
816,2519,0.738,0.4,0.17914666319241357,0.45289718493075104,22,28,7,1,22,32,10,4,0.8394307595031291,28.457932756225265
816,2520,0.852,0.5,0.10460193083786162,0.40202447007624054,22,28,7,1,23,32,10,4,0.9878785350436561,30.406731781100692
816,2521,0.935,0.6,0.047591452806527434,0.355479401982118,22,28,7,1,24,32,10,4,1.1109567948394754,32.68874511990872
816,2522,0.982,0.7,0.013700142004739568,0.31949390365476715,22,28,7,1,25,32,10,4,1.2059535646118387,35.48244763796749
816,2523,0.998,0.8,0.0014748412171640135,0.2990648910248408,22,28,7,1,26,32,10,4,1.2790637200702708,38.71577480968507
816,2524,1,0.9,1.0110559085174664e-5,0.29317019826065904,22,28,7,1,27,32,10,4,1.3453624047073711,41.98721249581666
816,2525,1,1,0,0.2928932188134524,22,28,7,1,28,32,10,4,1.4142135623730951,45
816,2529,0.377,0.739,0.3220938188586283,0.5445169365523574,22,28,7,1,10,33,10,4,0.8296083413274001,62.971650730580215
816,2530,0.368,0.727,0.345836250768763,0.557181336486784,22,28,7,1,11,33,10,4,0.8148331117474301,63.1519313576953
816,2531,0.36,0.715,0.3685396098311907,0.5687511707256536,22,28,7,1,12,33,10,4,0.8005154589388015,63.27490516231601
816,2532,0.353,0.7,0.38837801450191733,0.5781253516446878,22,28,7,1,13,33,10,4,0.7839700249371783,63.238843098644196
816,2533,0.346,0.684,0.40284500022978864,0.5838767856094127,22,28,7,1,14,33,10,4,0.7665324520201346,63.167525889643485
816,2534,0.342,0.667,0.40871632043751105,0.5843795762760028,22,28,7,1,15,33,10,4,0.7495685425629868,62.85380631119272
816,2535,0.346,0.647,0.4021899664815515,0.5781058149349922,22,28,7,1,16,33,10,4,0.7337063445275637,61.863202908103766
816,2536,0.367,0.625,0.37965247284076087,0.5640323759412584,22,28,7,1,17,33,10,4,0.7247854855058841,59.57854416415304
816,2537,0.418,0.6,0.33890593743783004,0.5419705712344156,22,28,7,1,18,33,10,4,0.7312482478611487,55.136359106010126
816,2538,0.508,0.572,0.28108664350730617,0.5126417169839537,22,28,7,1,19,33,10,4,0.7650150325320412,48.39133941979635
816,2539,0.629,0.539,0.21367868319058003,0.4775230569593475,22,28,7,1,20,33,10,4,0.8283489602818368,40.59379225150105
816,2540,0.749,0.5,0.14773636798674417,0.4386739799906899,22,28,7,1,21,33,10,4,0.9005559394063203,33.725359039541296
816,2541,0.849,0.455,0.09068300463529178,0.3987140936916921,22,28,7,1,22,33,10,4,0.9632372501102726,28.187953083290395
816,2542,0.925,0.545,0.04647365270693482,0.3609042846587498,22,28,7,1,23,33,10,4,1.0736153873711014,30.50613224172385
816,2543,0.972,0.637,0.017791950262030287,0.3290542319375187,22,28,7,1,24,33,10,4,1.1621329528070357,33.23882131334668
816,2544,0.994,0.728,0.004049296617695819,0.3067963055635251,22,28,7,1,25,33,10,4,1.2320795428867406,36.21883726561453
816,2545,1,0.819,3.206786716417609e-4,0.2957080250088905,22,28,7,1,26,33,10,4,1.2925792045364184,39.31747620953449
816,2546,1,0.91,1.4703440029961712e-6,0.29299781959581084,22,28,7,1,27,33,10,4,1.3520724832641184,42.3021943666837
816,2547,1,1,0,0.2928932188134524,22,28,7,1,28,33,10,4,1.4142135623730951,45
816,2552,0.378,0.75,0.32112849615377725,0.542072858167544,22,28,7,1,10,34,10,4,0.839871418730272,63.25189583707854
816,2553,0.372,0.739,0.3351561278275472,0.548907093940747,22,28,7,1,11,34,10,4,0.8273481733828871,63.28009574182451
816,2554,0.368,0.727,0.3456383337703035,0.5534306882004354,22,28,7,1,12,34,10,4,0.8148331117474301,63.1519313576953
816,2555,0.365,0.714,0.35074263542033013,0.5547064170320558,22,28,7,1,13,34,10,4,0.8018859021082737,62.923678248417474
816,2556,0.369,0.7,0.3483636138590097,0.5517699850391993,22,28,7,1,14,34,10,4,0.7913033552311022,62.20436384352025
816,2557,0.383,0.684,0.3363083556887664,0.5437943050132936,22,28,7,1,15,34,10,4,0.7839292059873775,60.75372445053679
816,2558,0.413,0.667,0.31288286028396683,0.5302799889468308,22,28,7,1,16,34,10,4,0.7845113128566089,58.23460581740546
816,2559,0.466,0.647,0.27740761833936145,0.5112017563412223,22,28,7,1,17,34,10,4,0.7973487317353681,54.236782325173785
816,2560,0.546,0.625,0.2311944574582444,0.4870518655206808,22,28,7,1,18,34,10,4,0.82990421134008,48.859537356668596
816,2561,0.647,0.6,0.17879031810810653,0.4587858952964975,22,28,7,1,19,34,10,4,0.8823882365489694,42.84151758570914
816,2562,0.753,0.572,0.12672210700863706,0.4277422943439704,22,28,7,1,20,34,10,4,0.9456177874807559,37.22132674252298
816,2563,0.844,0.539,0.08131191577998487,0.3956110739053158,22,28,7,1,21,34,10,4,1.0014274811487849,32.563342886874665
816,2564,0.914,0.5,0.0456315742563318,0.36445615626847894,22,28,7,1,22,34,10,4,1.0418234015417391,28.68068580455453
816,2565,0.962,0.584,0.020934172466218204,0.3366901841641271,22,28,7,1,23,34,10,4,1.1253888216967503,31.260623199398214
816,2566,0.988,0.667,0.006967051681050607,0.31481485933275666,22,28,7,1,24,34,10,4,1.1920708871539478,34.0233337739646
816,2567,0.998,0.75,0.001333035933081983,0.3006980308928707,22,28,7,1,25,34,10,4,1.2484005767380917,36.92497207250216
816,2568,1,0.833,8.468761740965114e-5,0.29432196911831077,22,28,7,1,26,34,10,4,1.3014949097096,39.79429794346564
816,2569,1,0.917,2.920092876390612e-7,0.29293952990798267,22,28,7,1,27,34,10,4,1.3567936468011634,42.52082345847564
816,2570,1,1,0,0.2928932188134524,22,28,7,1,28,34,10,4,1.4142135623730951,45
816,2576,0.384,0.76,0.301840874318718,0.5297913308896005,22,28,7,1,10,35,10,4,0.8515022019936296,63.19421167020021
816,2577,0.383,0.75,0.3060247420516806,0.5312037342358524,22,28,7,1,11,35,10,4,0.842133599852185,62.94811376696763
816,2578,0.386,0.739,0.305396526141433,0.5298699947439796,22,28,7,1,12,35,10,4,0.8337367690104593,62.42069816694554
816,2579,0.396,0.727,0.2986476520305885,0.5252083536859258,22,28,7,1,13,35,10,4,0.8278556637482164,61.42268162765659
816,2580,0.417,0.714,0.28459576573570433,0.5167539907083728,22,28,7,1,14,35,10,4,0.8268524656793375,59.71363555817226
816,2581,0.452,0.7,0.2624322990310798,0.5042540846949406,22,28,7,1,15,35,10,4,0.8332490624057131,57.14909160744135
816,2582,0.504,0.684,0.2320912329132473,0.487740165229825,22,28,7,1,16,35,10,4,0.8496305079268281,53.61564818416412
816,2583,0.576,0.667,0.19475996393392458,0.46755546729816166,22,28,7,1,17,35,10,4,0.8812859921728019,49.187152668934644
816,2584,0.662,0.647,0.1533716915316543,0.444337041651084,22,28,7,1,18,35,10,4,0.925663545787561,44.34346900103442
816,2585,0.754,0.625,0.11187069932153759,0.4189778396671342,22,28,7,1,19,35,10,4,0.9793574424080311,39.65575896272926
816,2586,0.838,0.6,0.07474850958783508,0.3926022417619395,22,28,7,1,20,35,10,4,1.0306522206835824,35.6023019237322
816,2587,0.904,0.572,0.04493069029409913,0.3665675138721012,22,28,7,1,21,35,10,4,1.0697663296253066,32.32331134144474
816,2588,0.951,0.539,0.023322082230139873,0.34245886111665613,22,28,7,1,22,35,10,4,1.0931248785019945,29.543342452118427
816,2589,0.98,0.615,0.009736632772797904,0.3219960810909679,22,28,7,1,23,35,10,4,1.1569896283026915,32.11036848594003
816,2590,0.994,0.692,0.0028930598252459028,0.3067416026253862,22,28,7,1,24,35,10,4,1.211156472137271,34.84475052683647
816,2591,0.999,0.769,4.8178429628598085e-4,0.29752104479720887,22,28,7,1,25,35,10,4,1.2606990124530122,37.58798896461457
816,2592,1,0.846,2.5755607850119766e-5,0.2936742955437198,22,28,7,1,26,35,10,4,1.30985342691463,40.23122105657414
816,2593,1,0.923,7.123343470638588e-8,0.29291598500176297,22,28,7,1,27,35,10,4,1.3608559806239602,42.707010169212275
816,2594,1,1,0,0.2928932188134524,22,28,7,1,28,35,10,4,1.4142135623730951,45
816,2667,1,1,0,0.2928932188134524,22,28,7,1,10,22,1,7,1.4142135623730951,45
816,2668,1,1,0,0.2928932188134524,22,28,7,1,11,22,1,7,1.4142135623730951,45
816,2669,1,1,0,0.2928932188134524,22,28,7,1,12,22,1,7,1.4142135623730951,45
816,2670,1,1,0,0.2928932188134524,22,28,7,1,13,22,1,7,1.4142135623730951,45
816,2671,1,1,0,0.2928932188134524,22,28,7,1,14,22,1,7,1.4142135623730951,45
816,2672,1,1,0,0.2928932188134524,22,28,7,1,15,22,1,7,1.4142135623730951,45
816,2673,1,1,0,0.2928932188134524,22,28,7,1,16,22,1,7,1.4142135623730951,45
816,2674,1,1,0,0.2928932188134524,22,28,7,1,17,22,1,7,1.4142135623730951,45
816,2675,1,1,0,0.2928932188134524,22,28,7,1,18,22,1,7,1.4142135623730951,45
816,2676,1,1,0,0.2928932188134524,22,28,7,1,19,22,1,7,1.4142135623730951,45
816,2677,1,1,0,0.2928932188134524,22,28,7,1,20,22,1,7,1.4142135623730951,45
816,2678,1,1,0,0.2928932188134524,22,28,7,1,21,22,1,7,1.4142135623730951,45
816,2679,1,0.945,2.7649768030713062e-9,0.2928932251686873,22,28,7,1,10,23,1,7,1.3758724504836921,43.38024250274473
816,2680,1,0.942,3.758885425142466e-9,0.29289322672473583,22,28,7,1,11,23,1,7,1.3738136700440857,43.289306039103366
816,2681,1,0.938,5.3970011792969785e-9,0.29289322910600835,22,28,7,1,12,23,1,7,1.3710740315533658,43.16763304046667
816,2682,1,0.934,8.073407053998949e-9,0.2928932326731789,22,28,7,1,13,23,1,7,1.3683406008739198,43.045473375173806
816,2683,1,0.929,1.2462184950656763e-8,0.29289323815707424,22,28,7,1,14,23,1,7,1.3649325990685401,42.8920866639288
816,2684,1,0.923,2.0809966749801845e-8,0.29289324800988714,22,28,7,1,15,23,1,7,1.3608559806239602,42.707010169212275
816,2685,1,0.917,3.7391107876594276e-8,0.2928932666154891,22,28,7,1,16,23,1,7,1.3567936468011634,42.52082345847564
816,2686,1,0.91,7.328139473017359e-8,0.2928933058789115,22,28,7,1,17,23,1,7,1.3520724832641184,42.3021943666837
816,2687,1,0.9,1.5382305984523725e-7,0.2928934025656744,22,28,7,1,18,23,1,7,1.3453624047073711,41.98721249581666
816,2688,1,0.889,3.3237911944983267e-7,0.2928936567895598,22,28,7,1,19,23,1,7,1.3380287739805896,41.63709543013025
816,2689,1,0.875,7.324047388568289e-7,0.2928944877100461,22,28,7,1,20,23,1,7,1.3287682265918312,41.18592516570965
816,2690,1,0.857,1.7802610138284436e-6,0.29289901573809596,22,28,7,1,21,23,1,7,1.3169848138835922,40.59657583596283
816,2691,1,0.834,4.613383624341161e-6,0.29296660750555104,22,28,7,1,22,23,1,7,1.3021351696348578,39.82810630428432
816,2692,1,0.889,4.24912364516139e-7,0.2928941853401472,22,28,7,1,10,24,1,7,1.3380287739805896,41.63709543013025
816,2693,1,0.883,5.624256163017094e-7,0.2928943970253991,22,28,7,1,11,24,1,7,1.3340498491435768,41.4445038973404
816,2694,1,0.875,7.788432739852524e-7,0.2928947105770099,22,28,7,1,12,24,1,7,1.3287682265918312,41.18592516570965
816,2695,1,0.867,1.113033523347795e-6,0.2928951643060861,22,28,7,1,13,24,1,7,1.323513883569039,40.92528797789907
816,2696,1,0.857,1.646102921970538e-6,0.29289583901517136,22,28,7,1,14,24,1,7,1.3169848138835922,40.59657583596283
816,2697,1,0.846,2.60915685712515e-6,0.29289699054249907,22,28,7,1,15,24,1,7,1.30985342691463,40.23122105657414
816,2698,1,0.833,4.395352489749982e-6,0.2928990272992279,22,28,7,1,16,24,1,7,1.3014949097096,39.79429794346564
816,2699,1,0.819,7.879299453783517e-6,0.2929029527185938,22,28,7,1,17,24,1,7,1.2925792045364184,39.31747620953449
816,2700,1,0.8,1.5246909355726146e-5,0.2929113538596618,22,28,7,1,18,24,1,7,1.2806248474865698,38.659808254090095
816,2701,1,0.778,2.967084330707248e-5,0.2929292599363501,22,28,7,1,19,24,1,7,1.266998026833507,37.88291605856699
816,2702,1,0.75,5.939452009628976e-5,0.2929734779455344,22,28,7,1,20,24,1,7,1.25,36.86989764584402
816,2703,1,0.714,1.2970003105894357e-4,0.2931195057602698,22,28,7,1,21,24,1,7,1.2287375635179385,35.52683658500573
816,2704,1,0.667,3.157820080565976e-4,0.29385977704735133,22,28,7,1,22,24,1,7,1.202035357217083,33.70328759485296
816,2705,0.999,0.834,7.796064568202921e-4,0.29800810356975893,22,28,7,1,23,24,1,7,1.3013673578202274,39.85630524032165
816,2706,1,0.834,6.109876830917571e-6,0.29290748320382276,22,28,7,1,10,25,1,7,1.3021351696348578,39.82810630428432
816,2707,1,0.824,7.878397210614452e-6,0.2929103029822395,22,28,7,1,11,25,1,7,1.2957530628943155,39.48852258397938
816,2708,1,0.813,1.0587968449216056e-5,0.29291436915052427,22,28,7,1,12,25,1,7,1.2887858627405873,39.111110804715416
816,2709,1,0.8,1.4668874192769188e-5,0.29292009456568324,22,28,7,1,13,25,1,7,1.2806248474865698,38.659808254090095
816,2710,1,0.786,2.102314076291023e-5,0.29292838549100897,22,28,7,1,14,25,1,7,1.2719260984821406,38.1673468344621
816,2711,1,0.769,3.215859384031461e-5,0.29294195929001776,22,28,7,1,15,25,1,7,1.2614915774590014,37.560284279318815
816,2712,1,0.75,5.2008282333093625e-5,0.2929647400829053,22,28,7,1,16,25,1,7,1.25,36.86989764584402
816,2713,1,0.728,8.942052255700439e-5,0.2930055657657833,22,28,7,1,17,25,1,7,1.2369252200517216,36.05461816646104
816,2714,1,0.7,1.6338639839030833e-4,0.29308384976651536,22,28,7,1,18,25,1,7,1.2206555615733703,34.99202019855866
816,2715,1,0.667,2.9729251817001145e-4,0.29322791768552603,22,28,7,1,19,25,1,7,1.202035357217083,33.70328759485296
816,2716,1,0.625,5.520187923901965e-4,0.29352606730751485,22,28,7,1,20,25,1,7,1.1792476415070754,32.005383208083494
816,2717,0.999,0.572,0.0010694940195862257,0.2942800365722801,22,28,7,1,21,25,1,7,1.1511667993822614,29.79426887614514
816,2718,0.998,0.5,0.002247382230311623,0.2967640365592036,22,28,7,1,22,25,1,7,1.1162454927120646,26.610961246990474
816,2719,0.994,0.667,0.004833066012308707,0.3056055537142075,22,28,7,1,23,25,1,7,1.1970484534888302,33.862644653218624
816,2720,0.977,0.834,0.009340682888938412,0.3185600764642744,22,28,7,1,24,25,1,7,1.2845563436455405,40.4851841302768
816,2721,1,0.778,3.487063800144963e-5,0.2929738132323968,22,28,7,1,10,26,1,7,1.266998026833507,37.88291605856699
816,2722,1,0.765,4.4212115789865614e-5,0.2929883079229353,22,28,7,1,11,26,1,7,1.2590571869458511,37.41598861857788
816,2723,1,0.75,5.820212063978314e-5,0.29300874828947543,22,28,7,1,12,26,1,7,1.25,36.86989764584402
816,2724,1,0.733,7.883980635725596e-5,0.2930369015688692,22,28,7,1,13,26,1,7,1.2398745904324355,36.24141615772501
816,2725,1,0.714,1.1006977582228572e-4,0.2930767879251318,22,28,7,1,14,26,1,7,1.2287375635179385,35.52683658500573
816,2726,1,0.692,1.6322338171004258e-4,0.2931398597251854,22,28,7,1,15,26,1,7,1.216085523308291,34.68323429289684
816,2727,1,0.667,2.5468581947418745e-4,0.2932411859451418,22,28,7,1,16,26,1,7,1.202035357217083,33.70328759485296
816,2728,1,0.637,4.176368566655153e-4,0.29341214439688845,22,28,7,1,17,26,1,7,1.1856512978106168,32.49713642883802
816,2729,0.999,0.6,7.114430259449467e-4,0.2937124023886304,22,28,7,1,18,26,1,7,1.165332999618564,30.98905268032532
816,2730,0.999,0.556,0.0011830472447460494,0.2942094667462737,22,28,7,1,19,26,1,7,1.1433009227670552,29.098411924676718
816,2731,0.998,0.5,0.0020022023272654454,0.2951241655196818,22,28,7,1,20,26,1,7,1.1162454927120646,26.610961246990474
816,2732,0.996,0.429,0.003539785164967113,0.2970975669352617,22,28,7,1,21,26,1,7,1.0844616175780497,23.30265102311947
816,2733,0.992,0.333,0.006738975807175862,0.30229617055122027,22,28,7,1,22,26,1,7,1.0464000191131495,18.556154582461648
816,2734,0.981,0.5,0.014952020726530124,0.31684910392068477,22,28,7,1,23,26,1,7,1.1010726588195712,27.007211290791425
816,2735,0.95,0.667,0.0330935002189201,0.3435936160277384,22,28,7,1,24,26,1,7,1.1607708645551025,35.07289498359734
816,2736,0.863,0.834,0.05323261975366522,0.3678631855072161,22,28,7,1,25,26,1,7,1.2001354090268315,44.02096883387851
816,2737,1,0.722,1.2170171721082035e-4,0.29318080583602757,22,28,7,1,10,27,1,7,1.2334034214319336,35.82928433102471
816,2738,1,0.706,1.5172554244347047e-4,0.29322825020362275,22,28,7,1,11,27,1,7,1.2241062045427267,35.222091694589956
816,2739,1,0.688,1.9589702016398203e-4,0.29329392153323486,22,28,7,1,12,27,1,7,1.2138138242745466,34.52797165613836
816,2740,1,0.667,2.5948888042925944e-4,0.29338276595708423,22,28,7,1,13,27,1,7,1.202035357217083,33.70328759485296
816,2741,1,0.643,3.536991997791228e-4,0.2935063671000777,22,28,7,1,14,27,1,7,1.1888856126642293,32.741017526902965
816,2742,0.999,0.615,5.075950176439692e-4,0.2936961622128722,22,28,7,1,15,27,1,7,1.173126591634509,31.617101137014032
816,2743,0.999,0.584,7.601571021748077e-4,0.2939900841366113,22,28,7,1,16,27,1,7,1.1571763046312347,30.30989800225055
816,2744,0.999,0.545,0.0011787323314993436,0.2944617782386415,22,28,7,1,17,27,1,7,1.1379920913609198,28.614477884593395
816,2745,0.998,0.5,0.0018781226080900604,0.2952346074461053,22,28,7,1,18,27,1,7,1.1162454927120646,26.610961246990474
816,2746,0.997,0.444,0.002946750380167895,0.29642095644866484,22,28,7,1,19,27,1,7,1.091395895172783,24.00513165310387
816,2747,0.994,0.375,0.004690639995341361,0.298441024095349,22,28,7,1,20,27,1,7,1.0623845819664366,20.669664551892694
816,2748,0.99,0.286,0.007917921610031575,0.302397679352731,22,28,7,1,21,27,1,7,1.0304833817194725,16.11341823308929
816,2749,0.98,0.167,0.015258429043628063,0.31160193458935415,22,28,7,1,22,27,1,7,0.9941272554356408,9.670772941920685
816,2750,0.959,0.334,0.033036258978206945,0.3345279552898779,22,28,7,1,23,27,1,7,1.015498399801792,19.202177493395325
816,2751,0.908,0.5,0.0756641994922147,0.37960052452965,22,28,7,1,24,27,1,7,1.0365635532855668,28.839853307436403
816,2752,0.791,0.667,0.14687616958820449,0.43553455066357616,22,28,7,1,25,27,1,7,1.0346835264949374,40.13880599801062
816,2753,0.601,0.834,0.17931437164121378,0.45853844747051653,22,28,7,1,26,27,1,7,1.0279868676203991,54.222592311944766
816,2754,1,0.667,3.1280259699772994e-4,0.29368061599682616,22,28,7,1,10,28,1,7,1.202035357217083,33.70328759485296
816,2755,1,0.647,3.8389111568981615e-4,0.29380064902253,22,28,7,1,11,28,1,7,1.191053735143801,32.902867180587094
816,2756,0.999,0.625,4.860850360083324e-4,0.29396420504454157,22,28,7,1,12,28,1,7,1.178399762389657,32.03115264932201
816,2757,0.999,0.6,6.297743858509897e-4,0.29418222131802507,22,28,7,1,13,28,1,7,1.165332999618564,30.98905268032532
816,2758,0.999,0.572,8.378622079585618e-4,0.2944808888062761,22,28,7,1,14,28,1,7,1.1511667993822614,29.79426887614514
816,2759,0.999,0.539,0.0011641613869681766,0.2949281330174306,22,28,7,1,15,28,1,7,1.1351308294641635,28.348616191222078
816,2760,0.998,0.5,0.0016764809985176932,0.2955995680231275,22,28,7,1,16,28,1,7,1.1162454927120646,26.610961246990474
816,2761,0.997,0.455,0.002502840518177174,0.29663331527573245,22,28,7,1,17,28,1,7,1.0959169676576779,24.53049115852632
816,2762,0.995,0.4,0.0038175996605533946,0.2982371282199595,22,28,7,1,18,28,1,7,1.0723921857231151,21.900622858208287
816,2763,0.992,0.333,0.005743999989966997,0.3005712416070231,22,28,7,1,19,28,1,7,1.0464000191131495,18.556154582461648
816,2764,0.987,0.25,0.00890439350609984,0.30434721050847957,22,28,7,1,20,28,1,7,1.0181694358013307,14.213671470011782
816,2765,0.978,0.143,0.01497944699793008,0.3113109481676172,22,28,7,1,21,28,1,7,0.9883992108454964,8.318655533665869
816,2766,0.961,0,0.02844795240607001,0.32635588763202694,22,28,7,1,22,28,1,7,0.961,0
816,2767,0.927,0.167,0.060747722537105475,0.36135175281240495,22,28,7,1,23,28,1,7,0.9419225021199994,10.212355023922369
816,2768,0.854,0.333,0.1378223181020798,0.42981207652230036,22,28,7,1,24,28,1,7,0.9166269688373783,21.302289511121053
816,2769,0.708,0.5,0.256796717060807,0.5159434189354823,22,28,7,1,25,28,1,7,0.8667548673067835,35.230299949468765
816,2770,0.496,0.667,0.3599583954551113,0.577204546123036,22,28,7,1,26,28,1,7,0.831206953772645,53.364467806348074
816,2771,0.417,0.834,0.2914682598116657,0.5228875204731653,22,28,7,1,27,28,1,7,0.9324403466174123,63.43494882292201
816,2772,0.999,0.684,6.544883405262825e-4,0.2946626909531477,22,28,7,1,10,29,1,7,1.210725815368616,34.39884513634789
816,2773,0.999,0.667,7.918306984342482e-4,0.2949133748491143,22,28,7,1,11,29,1,7,1.2012035630982785,33.729755198814786
816,2774,0.999,0.647,9.849372225085862e-4,0.29525038136162296,22,28,7,1,12,29,1,7,1.1902142664243274,32.92901710399405
816,2775,0.998,0.625,0.0012505670664811896,0.29569400337924834,22,28,7,1,13,29,1,7,1.1775521219886618,32.056959195154654
816,2776,0.998,0.6,0.0016263273082411933,0.2962936623928881,22,28,7,1,14,29,1,7,1.1644758477529709,31.01438607369365
816,2777,0.997,0.572,0.002206654868866398,0.2971722932105354,22,28,7,1,15,29,1,7,1.1494315986608339,29.843805604839616
816,2778,0.995,0.539,0.00310217818540115,0.2984568163026624,22,28,7,1,16,29,1,7,1.1316121243606398,28.44478363713549
816,2779,0.993,0.5,0.004494505156686923,0.30036741357225194,22,28,7,1,17,29,1,7,1.1117774057786927,26.726382390524254
816,2780,0.99,0.454,0.006640998427404954,0.30320725096624124,22,28,7,1,18,29,1,7,1.0891354369406956,24.635520502658327
816,2781,0.984,0.4,0.009789591682226262,0.30718609784776585,22,28,7,1,19,29,1,7,1.062193955923305,22.12194197188185
816,2782,0.975,0.333,0.015040234093479654,0.3134030281385548,22,28,7,1,20,29,1,7,1.030298015139309,18.85700954601914
816,2783,0.96,0.25,0.025046085374537008,0.3244206502063606,22,28,7,1,21,29,1,7,0.9920181449953422,14.596575525494176
816,2784,0.933,0.143,0.046443777612238724,0.3470768828768419,22,28,7,1,22,29,1,7,0.9438951212926148,8.713856953325221
816,2785,0.884,0.286,0.0978562398361158,0.39705157155683346,22,28,7,1,23,29,1,7,0.9291135560306931,17.927919762007235
816,2786,0.789,0.429,0.2112274746003593,0.49069598881249554,22,28,7,1,24,29,1,7,0.8980879689651788,28.534085704917278
816,2787,0.617,0.572,0.36882865890055294,0.6048451306052713,22,28,7,1,25,29,1,7,0.8413518883321056,42.83256510817424
816,2788,0.391,0.714,0.5338421124259065,0.6894558249578299,22,28,7,1,26,29,1,7,0.8140497527792757,61.29404745659892
816,2789,0.348,0.857,0.43714134471317967,0.5811470283259436,22,28,7,1,27,29,1,7,0.9249610802622995,67.89951869315914
816,2790,1,1,0,0.2928932188134524,22,28,7,1,28,29,1,7,1.4142135623730951,45
816,2791,0.999,0.7,0.0011871614925799134,0.2962528458780538,22,28,7,1,10,30,1,7,1.219836464449231,35.01895575443812
816,2792,0.998,0.684,0.0014169030222705992,0.2966970628457296,22,28,7,1,11,30,1,7,1.2099008223817356,34.42559879461285
816,2793,0.997,0.667,0.0017353090380666236,0.2972872743877534,22,28,7,1,12,30,1,7,1.1995407454521918,33.78280049855468
816,2794,0.997,0.647,0.0021697733238126293,0.2980557985140554,22,28,7,1,13,30,1,7,1.188536074336829,32.98142774239591
816,2795,0.995,0.625,0.0027814214737816867,0.29908240471872505,22,28,7,1,14,30,1,7,1.1750106382497139,32.13460215794979
816,2796,0.994,0.6,0.003708565347260384,0.3005581725159586,22,28,7,1,15,30,1,7,1.1610495252141486,31.116093548476528
816,2797,0.991,0.572,0.005107036430637701,0.30266686019921374,22,28,7,1,16,30,1,7,1.1442311829346374,29.993316724321247
816,2798,0.987,0.539,0.007234508319301836,0.305713949996526,22,28,7,1,17,30,1,7,1.1245843676665614,28.6389225446537
816,2799,0.981,0.5,0.010493096724961792,0.3100912648186437,22,28,7,1,18,30,1,7,1.1010726588195712,27.007211290791425
816,2800,0.972,0.455,0.01528741706214376,0.3160556097209708,22,28,7,1,19,30,1,7,1.0732236486399283,25.084622766551224
816,2801,0.958,0.4,0.02323796050314586,0.3251451411723627,22,28,7,1,20,30,1,7,1.0381541311385318,22.662318837361365
816,2802,0.936,0.333,0.037947615218829056,0.34079356436568853,22,28,7,1,21,30,1,7,0.9934711873023797,19.583993770248192
816,2803,0.897,0.25,0.06920649348232333,0.37177298186318763,22,28,7,1,22,30,1,7,0.9311868770552987,15.573515255187111
816,2804,0.832,0.375,0.14175588335510814,0.4368092015963376,22,28,7,1,23,30,1,7,0.9126056103268267,24.262097017768046
816,2805,0.716,0.5,0.28689518787531765,0.5512698609840334,22,28,7,1,24,30,1,7,0.8733017806004978,34.92752216256106
816,2806,0.523,0.625,0.4746750393347505,0.6816917903988294,22,28,7,1,25,30,1,7,0.8149564405537267,50.07740705416511
816,2807,0.302,0.75,0.6672483369827016,0.7446352797352496,22,28,7,1,26,30,1,7,0.8085196348883557,68.06699731482374
816,2808,0.406,0.875,0.42268459489936605,0.5494597529173155,22,28,7,1,27,30,1,7,0.9646040638521072,65.10869987513418
816,2809,1,1,0,0.2928932188134524,22,28,7,1,28,30,1,7,1.4142135623730951,45
816,2811,0.997,0.714,0.0019414551218741583,0.29846130836213636,22,28,7,1,10,31,1,7,1.226297272279442,35.60828588341545
816,2812,0.996,0.7,0.002293925780196937,0.2991509934825951,22,28,7,1,11,31,1,7,1.2173807949856938,35.099979816846094
816,2813,0.995,0.684,0.0027796853094320673,0.3000579571620363,22,28,7,1,12,31,1,7,1.2074274305315413,34.50607904553061
816,2814,0.994,0.667,0.003437781520614913,0.3012277337507695,22,28,7,1,13,31,1,7,1.1970484534888302,33.862644653218624
816,2815,0.992,0.647,0.004350503579017007,0.30277394593727724,22,28,7,1,14,31,1,7,1.1843449666376769,33.11310376903397
816,2816,0.989,0.625,0.005716707973539958,0.30495968358876535,22,28,7,1,15,31,1,7,1.1699341861831374,32.29089936182248
816,2817,0.984,0.6,0.007742121630619825,0.30802164280674416,22,28,7,1,16,31,1,7,1.152499891540125,31.37300514010846
816,2818,0.978,0.572,0.010805882126056043,0.3123400385434565,22,28,7,1,17,31,1,7,1.1329907325305004,30.321959627420835
816,2819,0.97,0.539,0.015464719958448114,0.31837626700095967,22,28,7,1,18,31,1,7,1.1096941019938784,29.059619046942952
816,2820,0.956,0.5,0.02225638679984221,0.3264301946511382,22,28,7,1,19,31,1,7,1.0788586561732727,27.61013190297003
816,2821,0.936,0.455,0.03333476841041272,0.3384744203706461,22,28,7,1,20,31,1,7,1.0407309931005226,25.924901507554456
816,2822,0.904,0.4,0.0534126274736717,0.3587415866053132,22,28,7,1,21,31,1,7,0.9885423612572201,23.868330013307354
816,2823,0.854,0.333,0.09571294097696903,0.39759265735292604,22,28,7,1,22,31,1,7,0.9166269688373783,21.302289511121053
816,2824,0.773,0.444,0.1889637083131852,0.47531485068749557,22,28,7,1,23,31,1,7,0.8914398465404157,29.872435346994422
816,2825,0.64,0.556,0.35761227838222165,0.6025975589361647,22,28,7,1,24,31,1,7,0.8477829911009067,40.98247895634072
816,2826,0.44,0.667,0.5604486944912506,0.7325158910645779,22,28,7,1,25,31,1,7,0.7990550669384433,56.588354757725234
816,2827,0.251,0.778,0.7353409706541527,0.7408006479423126,22,28,7,1,26,31,1,7,0.817487002954787,72.11915169244594
816,2828,0.531,0.889,0.398987601877935,0.5087281602658211,22,28,7,1,27,31,1,7,1.0355105021196067,59.15011369795781
816,2829,1,1,0,0.2928932188134524,22,28,7,1,28,31,1,7,1.4142135623730951,45
816,2832,0.995,0.727,0.002947394011035942,0.30122198372956444,22,28,7,1,10,32,1,7,1.2322962306198944,36.15385392913091
816,2833,0.994,0.714,0.0034562283660146687,0.30219193202652084,22,28,7,1,11,32,1,7,1.223859469056803,35.69005982501396
816,2834,0.992,0.7,0.004149340636525944,0.30345594767268846,22,28,7,1,12,32,1,7,1.2141103738952237,35.20852143889659
816,2835,0.99,0.684,0.005077976286263275,0.30507267783201886,22,28,7,1,13,32,1,7,1.2033104337617953,34.640947511916295
816,2836,0.986,0.667,0.006361902966888211,0.3071897445260746,22,28,7,1,14,32,1,7,1.1904137936028798,34.07719528013074
816,2837,0.982,0.647,0.00825271259821303,0.31013866498301557,22,28,7,1,15,32,1,7,1.1759817175449625,33.379267996886426
816,2838,0.976,0.625,0.01104300171181083,0.31419976956734563,22,28,7,1,16,32,1,7,1.1589654869753456,32.634233245723415
816,2839,0.967,0.6,0.01523396301199298,0.31981141881095354,22,28,7,1,17,32,1,7,1.1380197713572466,31.818596213046607
816,2840,0.954,0.571,0.021511783369960735,0.3274837402696007,22,28,7,1,18,32,1,7,1.111825975591504,30.901891608314685
816,2841,0.936,0.539,0.03054349961045888,0.33755697221671555,22,28,7,1,19,32,1,7,1.0801004582908018,29.935691065342688
816,2842,0.908,0.5,0.044970808488025704,0.35239743024770764,22,28,7,1,20,32,1,7,1.0365635532855668,28.839853307436403
816,2843,0.868,0.454,0.0708863172334,0.3768968706197906,22,28,7,1,21,32,1,7,0.9795611262192881,27.61143308417615
816,2844,0.806,0.4,0.12420266500430899,0.4225168866266862,22,28,7,1,22,32,1,7,0.8997977550538788,26.394189518019694
816,2845,0.712,0.5,0.2351896689242936,0.5095367286363154,22,28,7,1,23,32,1,7,0.8700252869888323,35.07834145831433
816,2846,0.57,0.6,0.4174893741137936,0.6412743669398426,22,28,7,1,24,32,1,7,0.8275868534480233,46.46880071438583
816,2847,0.374,0.7,0.6187281764063834,0.7550089177582371,22,28,7,1,25,32,1,7,0.7936472768176048,61.88504658844195
816,2848,0.239,0.8,0.7475106516361582,0.7097807635172102,22,28,7,1,26,32,1,7,0.8349377222284307,73.36648451945227
816,2849,0.608,0.9,0.3620635466574714,0.47616005676667883,22,28,7,1,27,32,1,7,1.0861233815731985,55.9587880685021
816,2850,1,1,1.1102230246251565e-16,0.29289321881345254,22,28,7,1,28,32,1,7,1.4142135623730951,45
816,2854,0.992,0.739,0.004223402418802036,0.3044347296482338,22,28,7,1,10,33,1,7,1.2370064672425929,36.68462495445342
816,2855,0.99,0.727,0.004915882323463849,0.3057029457526691,22,28,7,1,11,33,1,7,1.2282625940734335,36.291454779910346
816,2856,0.988,0.715,0.005852855352628472,0.30734249967157456,22,28,7,1,12,33,1,7,1.2195773858185466,35.89266568774559
816,2857,0.984,0.7,0.007104404250392826,0.3094242252378302,22,28,7,1,13,33,1,7,1.207582709382674,35.42736645443285
816,2858,0.979,0.684,0.008814024594934411,0.3121276123233959,22,28,7,1,14,33,1,7,1.1942767685926072,34.940926431496656
816,2859,0.973,0.667,0.011322111877273167,0.31584474773276705,22,28,7,1,15,33,1,7,1.1796685975306793,34.43097799398074
816,2860,0.964,0.647,0.015000788599252801,0.3208887275985285,22,28,7,1,16,33,1,7,1.16099310936801,33.868004157390175
816,2861,0.952,0.625,0.020455124079849063,0.32773918265226043,22,28,7,1,17,33,1,7,1.1388279062263973,33.28540362481194
816,2862,0.935,0.6,0.028491158316912846,0.33693736104612526,22,28,7,1,18,33,1,7,1.1109567948394754,32.68874511990872
816,2863,0.911,0.572,0.039858508301737205,0.3488615987062966,22,28,7,1,19,33,1,7,1.0756881518358377,32.12394939376272
816,2864,0.877,0.539,0.05774214857139426,0.3662127895134468,22,28,7,1,20,33,1,7,1.0293930250395134,31.574684709226908
816,2865,0.828,0.5,0.08953297932830817,0.3943765819500705,22,28,7,1,21,33,1,7,0.9672559123623903,31.126297314514783
816,2866,0.757,0.455,0.15295455282024129,0.4454027535337509,22,28,7,1,22,33,1,7,0.8832179798894495,31.008258099445673
816,2867,0.654,0.545,0.277303213248541,0.5381884956419558,22,28,7,1,23,33,1,7,0.8513172146738254,39.8055710922652
816,2868,0.508,0.637,0.4636226906625439,0.6670362283948639,22,28,7,1,24,33,1,7,0.8147594737098797,51.42805179513896
816,2869,0.329,0.728,0.6507818414057814,0.7547018749914626,22,28,7,1,25,33,1,7,0.798889854735933,65.68069138881708
816,2870,0.253,0.819,0.7156287271137348,0.6732919090068425,22,28,7,1,26,33,1,7,0.8571872607546147,72.83338520669254
816,2871,0.662,0.91,0.3141023545759498,0.45124673527032677,22,28,7,1,27,33,1,7,1.1253195101836635,53.96513990652229
816,2872,1,1,0,0.2928932188134524,22,28,7,1,28,33,1,7,1.4142135623730951,45
816,2877,0.988,0.75,0.005768639862006375,0.307991885120249,22,28,7,1,10,34,1,7,1.2404208963089909,37.20247179889837
816,2878,0.985,0.739,0.006674004905305897,0.3095625983305621,22,28,7,1,11,34,1,7,1.231400016241676,36.879203440713155
816,2879,0.982,0.727,0.00789094167104143,0.3115788997418878,22,28,7,1,12,34,1,7,1.221823637027865,36.51350354841544
816,2880,0.977,0.714,0.009498988773991246,0.314122469804328,22,28,7,1,13,34,1,7,1.2100929716348243,36.159655768783395
816,2881,0.97,0.7,0.011696312486847549,0.317401281700184,22,28,7,1,14,34,1,7,1.1962023240238249,35.81608074915565
816,2882,0.961,0.684,0.014899470091525702,0.32185837941778883,22,28,7,1,15,34,1,7,1.1795664457757349,35.44168613528769
816,2883,0.95,0.667,0.01955011805488227,0.3278293625598556,22,28,7,1,16,34,1,7,1.1607708645551025,35.07289498359734
816,2884,0.934,0.647,0.026345198663379477,0.3358204616943897,22,28,7,1,17,34,1,7,1.1362064073045883,34.71110003221746
816,2885,0.913,0.625,0.0361833978187619,0.34639042945621645,22,28,7,1,18,34,1,7,1.1064330074613646,34.39384090281473
816,2886,0.883,0.6,0.049866543587611334,0.35995232252808973,22,28,7,1,19,34,1,7,1.0675621761752334,34.19617452437417
816,2887,0.843,0.572,0.07117840533141939,0.37947499642593197,22,28,7,1,20,34,1,7,1.0187408895298156,34.15803244949001
816,2888,0.786,0.539,0.10850830136859058,0.41066999231150136,22,28,7,1,21,34,1,7,0.9530566614845101,34.440405908207794
816,2889,0.708,0.5,0.18047094417097875,0.4656959301269834,22,28,7,1,22,34,1,7,0.8667548673067835,35.230299949468765
816,2890,0.6,0.584,0.3133597729257882,0.56098427808045,22,28,7,1,23,34,1,7,0.8372908694115803,44.22577983507194
816,2891,0.458,0.667,0.4960048662891473,0.6812494950144012,22,28,7,1,24,34,1,7,0.8091062970957524,55.52430081622754
816,2892,0.302,0.75,0.6614845997291243,0.7404045643405772,22,28,7,1,25,34,1,7,0.8085196348883557,68.06699731482374
816,2893,0.281,0.833,0.6356934080581436,0.6388604107976876,22,28,7,1,26,34,1,7,0.8791188770581598,71.35895213969386
816,2894,0.701,0.917,0.26731294375975734,0.43182170871148273,22,28,7,1,27,34,1,7,1.1542486733802209,52.60392128600903
816,2895,1,1,0,0.2928932188134524,22,28,7,1,28,34,1,7,1.4142135623730951,45
816,2901,0.983,0.76,0.0075793590306462155,0.31179230051491824,22,28,7,1,10,35,1,7,1.2425332993525768,37.709167289011624
816,2902,0.979,0.75,0.008718776591369437,0.3136595324836311,22,28,7,1,11,35,1,7,1.233264367441142,37.45528663539505
816,2903,0.974,0.739,0.01023654064852686,0.31604142581096206,22,28,7,1,12,35,1,7,1.2226189103723204,37.18856874287628
816,2904,0.968,0.727,0.012244087650943314,0.31902902346862283,22,28,7,1,13,35,1,7,1.2106002643317075,36.90776037254008
816,2905,0.959,0.714,0.014976406519374041,0.3228548740161866,22,28,7,1,14,35,1,7,1.1956073770264217,36.66862524362427
816,2906,0.948,0.7,0.01892429449414934,0.32800317030136295,22,28,7,1,15,35,1,7,1.1784328576546057,36.44203487654177
816,2907,0.933,0.684,0.024589044943863048,0.33482321943066995,22,28,7,1,16,35,1,7,1.1568686182968229,36.245850036463075
816,2908,0.914,0.667,0.03275012480190753,0.34383593057935813,22,28,7,1,17,35,1,7,1.1314967962835778,36.12044636937298
816,2909,0.888,0.647,0.04435136470385559,0.35560712847126796,22,28,7,1,18,35,1,7,1.0987051469798437,36.07721579314581
816,2910,0.854,0.625,0.060266449419286605,0.3705793201236355,22,28,7,1,19,35,1,7,1.05827264917884,36.19853575762814
816,2911,0.807,0.6,0.08484203890887265,0.3919215468099567,22,28,7,1,20,35,1,7,1.0056087708448052,36.63059685556098
816,2912,0.745,0.572,0.1271222692112005,0.4255119287443714,22,28,7,1,21,35,1,7,0.9392598149606954,37.516521876776125
816,2913,0.662,0.539,0.20575495282629686,0.4831979580063509,22,28,7,1,22,35,1,7,0.853677339514175,39.15246015173416
816,2914,0.553,0.615,0.3426552267339823,0.5781780736381896,22,28,7,1,23,35,1,7,0.8270634800304025,48.038533786045775
816,2915,0.42,0.692,0.5161544727130669,0.6860862729964402,22,28,7,1,24,35,1,7,0.8094837861254541,58.74491150656969
816,2916,0.288,0.769,0.6560957017079969,0.7194297750976021,22,28,7,1,25,35,1,7,0.8211607637971995,69.46845411451909
816,2917,0.314,0.846,0.5599629854693878,0.6082640682818826,22,28,7,1,26,35,1,7,0.9023923758543175,69.63716938747818
816,2918,0.732,0.923,0.2274936105708536,0.4163025975087824,22,28,7,1,27,35,1,7,1.1780292865629445,51.583258688145996
816,2919,1,1,0,0.2928932188134524,22,28,7,1,28,35,1,7,1.4142135623730951,45
816,2992,1,1,0,0.2928932188134524,22,28,7,1,10,22,4,7,1.4142135623730951,45
816,2993,1,1,0,0.2928932188134524,22,28,7,1,11,22,4,7,1.4142135623730951,45
816,2994,1,1,0,0.2928932188134524,22,28,7,1,12,22,4,7,1.4142135623730951,45
816,2995,1,1,0,0.2928932188134524,22,28,7,1,13,22,4,7,1.4142135623730951,45
816,2996,1,1,0,0.2928932188134524,22,28,7,1,14,22,4,7,1.4142135623730951,45
816,2997,1,1,0,0.2928932188134524,22,28,7,1,15,22,4,7,1.4142135623730951,45
816,2998,1,1,0,0.2928932188134524,22,28,7,1,16,22,4,7,1.4142135623730951,45
816,2999,1,1,0,0.2928932188134524,22,28,7,1,17,22,4,7,1.4142135623730951,45
816,3000,1,1,0,0.2928932188134524,22,28,7,1,18,22,4,7,1.4142135623730951,45
816,3001,1,1,0,0.2928932188134524,22,28,7,1,19,22,4,7,1.4142135623730951,45
816,3002,1,1,0,0.2928932188134524,22,28,7,1,20,22,4,7,1.4142135623730951,45
816,3003,1,1,0,0.2928932188134524,22,28,7,1,21,22,4,7,1.4142135623730951,45
816,3004,1,0.945,2.4953014876594182e-8,0.2928932528278525,22,28,7,1,10,23,4,7,1.3758724504836921,43.38024250274473
816,3005,1,0.942,3.4007435090188665e-8,0.2928932629471982,22,28,7,1,11,23,4,7,1.3738136700440857,43.289306039103366
816,3006,1,0.938,4.780944540261345e-8,0.29289327795482145,22,28,7,1,12,23,4,7,1.3710740315533658,43.16763304046667
816,3007,1,0.934,6.94699300307633e-8,0.2928933013943189,22,28,7,1,13,23,4,7,1.3683406008739198,43.045473375173806
816,3008,1,0.929,1.0391548821431229e-7,0.29289334016990376,22,28,7,1,14,23,4,7,1.3649325990685401,42.8920866639288
816,3009,1,0.923,1.600573266147265e-7,0.2928934081600204,22,28,7,1,15,23,4,7,1.3608559806239602,42.707010169212275
816,3010,1,0.917,2.5727836749922517e-7,0.2928935361610956,22,28,7,1,16,23,4,7,1.3567936468011634,42.52082345847564
816,3011,1,0.91,4.242827633671453e-7,0.29289379601782695,22,28,7,1,17,23,4,7,1.3520724832641184,42.3021943666837
816,3012,1,0.9,7.021793351214001e-7,0.2928943571409237,22,28,7,1,18,23,4,7,1.3453624047073711,41.98721249581666
816,3013,1,0.889,1.1856404432686318e-6,0.2928957425545071,22,28,7,1,19,23,4,7,1.3380287739805896,41.63709543013025
816,3014,1,0.875,2.063141283592529e-6,0.29290020520436,22,28,7,1,20,23,4,7,1.3287682265918312,41.18592516570965
816,3015,1,0.857,3.668482266849793e-6,0.29292069110339836,22,28,7,1,21,23,4,7,1.3169848138835922,40.59657583596283
816,3016,1,0.834,6.595713457180352e-6,0.29310472513214414,22,28,7,1,22,23,4,7,1.3021351696348578,39.82810630428432
816,3017,1,0.889,3.546289561784377e-6,0.29289810277531203,22,28,7,1,10,24,4,7,1.3380287739805896,41.63709543013025
816,3018,1,0.883,4.709907648448031e-6,0.29289940777731915,22,28,7,1,11,24,4,7,1.3340498491435768,41.4445038973404
816,3019,1,0.875,6.3889891274149235e-6,0.2929012857206307,22,28,7,1,12,24,4,7,1.3287682265918312,41.18592516570965
816,3020,1,0.867,8.927826309790277e-6,0.2929041064290264,22,28,7,1,13,24,4,7,1.323513883569039,40.92528797789907
816,3021,1,0.857,1.2910488921491492e-5,0.2929085346503003,22,28,7,1,14,24,4,7,1.3169848138835922,40.59657583596283
816,3022,1,0.846,1.9305737760766384e-5,0.29291578066809154,22,28,7,1,15,24,4,7,1.30985342691463,40.23122105657414
816,3023,1,0.833,2.9602080776180983e-5,0.292928172882447,22,28,7,1,16,24,4,7,1.3014949097096,39.79429794346564
816,3024,1,0.819,4.629270299127963e-5,0.292950162072413,22,28,7,1,17,24,4,7,1.2925792045364184,39.31747620953449
816,3025,1,0.8,7.295743501367635e-5,0.2929903883677568,22,28,7,1,18,24,4,7,1.2806248474865698,38.659808254090095
816,3026,1,0.778,1.176450328148615e-4,0.29307153766513094,22,28,7,1,19,24,4,7,1.266998026833507,37.88291605856699
816,3027,1,0.75,1.9717526728957324e-4,0.2932621753382094,22,28,7,1,20,24,4,7,1.25,36.86989764584402
816,3028,1,0.714,3.458784255047087e-4,0.2937985360042472,22,28,7,1,21,24,4,7,1.2287375635179385,35.52683658500573
816,3029,0.999,0.667,6.167009948300217e-4,0.2956403284651594,22,28,7,1,22,24,4,7,1.2012035630982785,33.729755198814786
816,3030,0.998,0.834,0.0010797805729744203,0.30070001219200526,22,28,7,1,23,24,4,7,1.30059986160233,39.88453746411934
816,3031,1,0.834,4.854253797814678e-5,0.29296155747780217,22,28,7,1,10,25,4,7,1.3021351696348578,39.82810630428432
816,3032,1,0.824,6.349795995097551e-5,0.2929781022324336,22,28,7,1,11,25,4,7,1.2957530628943155,39.48852258397938
816,3033,1,0.813,8.501375646463583e-5,0.2930012752531822,22,28,7,1,12,25,4,7,1.2887858627405873,39.111110804715416
816,3034,1,0.8,1.1709932571224435e-4,0.29303487117612836,22,28,7,1,13,25,4,7,1.2806248474865698,38.659808254090095
816,3035,1,0.786,1.6604130152564345e-4,0.29308518807374195,22,28,7,1,14,25,4,7,1.2719260984821406,38.1673468344621
816,3036,1,0.769,2.4158247034267166e-4,0.2931626065242584,22,28,7,1,15,25,4,7,1.2614915774590014,37.560284279318815
816,3037,1,0.75,3.583383979890442e-4,0.29328461557771635,22,28,7,1,16,25,4,7,1.25,36.86989764584402
816,3038,1,0.728,5.371657277780661e-4,0.29347991210041613,22,28,7,1,17,25,4,7,1.2369252200517216,36.05461816646104
816,3039,0.999,0.7,8.01711209190481e-4,0.29379923712817513,22,28,7,1,18,25,4,7,1.219836464449231,35.01895575443812
816,3040,0.999,0.667,0.0012134357535229512,0.29436444360946734,22,28,7,1,19,25,4,7,1.2012035630982785,33.729755198814786
816,3041,0.998,0.625,0.0018952544305724794,0.2954740427471959,22,28,7,1,20,25,4,7,1.1775521219886618,32.056959195154654
816,3042,0.997,0.572,0.003042735296684751,0.29791601636323495,22,28,7,1,21,25,4,7,1.1494315986608339,29.843805604839616
816,3043,0.995,0.5,0.0049501130380910086,0.30375713830431295,22,28,7,1,22,25,4,7,1.1135640978408023,26.680102788531915
816,3044,0.989,0.667,0.008373514561030082,0.31519958061118636,22,28,7,1,23,25,4,7,1.1928998281498746,33.996459148250494
816,3045,0.971,0.834,0.01287253393163923,0.3263884477489333,22,28,7,1,24,25,4,7,1.2799988281244634,40.659556581889426
816,3046,1,0.778,2.6741571311950096e-4,0.2932605875062876,22,28,7,1,10,26,4,7,1.266998026833507,37.88291605856699
816,3047,1,0.765,3.4408442366018477e-4,0.29334166975097786,22,28,7,1,11,26,4,7,1.2590571869458511,37.41598861857788
816,3048,1,0.75,4.516950549753318e-4,0.2934524318798356,22,28,7,1,12,26,4,7,1.25,36.86989764584402
816,3049,0.999,0.733,6.065143793481109e-4,0.2936078653141302,22,28,7,1,13,26,4,7,1.2390681982845013,36.26875333399602
816,3050,0.999,0.714,8.288675888473707e-4,0.29383098930042895,22,28,7,1,14,26,4,7,1.227923857574239,35.553950378731706
816,3051,0.999,0.692,0.0011489168335996336,0.294156357852726,22,28,7,1,15,26,4,7,1.2152633459460547,34.71006265905596
816,3052,0.998,0.667,0.0016131701524157993,0.2946362031789619,22,28,7,1,16,26,4,7,1.2003720256653767,33.75625947840964
816,3053,0.998,0.637,0.002278415336779638,0.29534890444208484,22,28,7,1,17,26,4,7,1.1839649488054957,32.549135584723864
816,3054,0.997,0.6,0.003229088278078107,0.2964315461704108,22,28,7,1,18,26,4,7,1.1636189238749943,31.039756784569477
816,3055,0.995,0.556,0.004633039484380319,0.298196615502202,22,28,7,1,19,26,4,7,1.1398074398774558,29.19619542617207
816,3056,0.992,0.5,0.00691959426629285,0.3013211692518434,22,28,7,1,20,26,4,7,1.1108843324126954,26.749578009339476
816,3057,0.987,0.429,0.011112686429993301,0.3073451884018571,22,28,7,1,21,26,4,7,1.076201653966393,23.492197355481146
816,3058,0.978,0.333,0.019212583194856414,0.31950966390143176,22,28,7,1,22,26,4,7,1.033137454552878,18.803236180962152
816,3059,0.96,0.5,0.03370431954846964,0.3415939191698939,22,28,7,1,23,26,4,7,1.0824047302187847,27.512002623851455
816,3060,0.917,0.667,0.05660156910850078,0.36942306959359617,22,28,7,1,24,26,4,7,1.1339215140387804,36.03108834194941
816,3061,0.828,0.834,0.07259147476399619,0.38611401570440385,22,28,7,1,25,26,4,7,1.175219128503276,45.206843070777325
816,3062,0.999,0.722,8.746738458688119e-4,0.2941526525990388,22,28,7,1,10,27,4,7,1.232592795695318,35.85649474019722
816,3063,0.999,0.706,0.0010995141950975729,0.29440835373534635,22,28,7,1,11,27,4,7,1.2232894179220222,35.249105081031196
816,3064,0.998,0.688,0.001404707517956738,0.29475003206156825,22,28,7,1,12,27,4,7,1.2121666552087629,34.58155461812813
816,3065,0.998,0.667,0.0018294722337692804,0.29521612853420287,22,28,7,1,13,27,4,7,1.2003720256653767,33.75625947840964
816,3066,0.997,0.643,0.002425431637957276,0.2958618173091444,22,28,7,1,14,27,4,7,1.1863633507488336,32.81937802754542
816,3067,0.996,0.615,0.0032543488480996086,0.29676415919019916,22,28,7,1,15,27,4,7,1.1705729366425657,31.694080759199956
816,3068,0.994,0.584,0.004408735331930536,0.29803251620207183,22,28,7,1,16,27,4,7,1.152862524328031,30.435307022972733
816,3069,0.992,0.545,0.006006146513577448,0.2998288468676733,22,28,7,1,17,27,4,7,1.1318520221301016,28.784180648151644
816,3070,0.989,0.5,0.008344371938773576,0.3024472496646645,22,28,7,1,18,27,4,7,1.1082062082482664,26.819389124986376
816,3071,0.984,0.444,0.012071562936956881,0.3065331763674729,22,28,7,1,19,27,4,7,1.079533232466699,24.28582515565129
816,3072,0.976,0.375,0.018512398865255242,0.3134035762304508,22,28,7,1,20,27,4,7,1.045562528020204,21.017839330969522
816,3073,0.963,0.286,0.029951196577701955,0.3258619040213093,22,28,7,1,21,27,4,7,1.0045720481876848,16.540818092563224
816,3074,0.94,0.167,0.05165185457978305,0.34939338575585477,22,28,7,1,22,27,4,7,0.9547193304840957,10.074032791458547
816,3075,0.9,0.334,0.09318198105590236,0.3906952168526081,22,28,7,1,23,27,4,7,0.9599770830597989,20.360449560684668
816,3076,0.821,0.5,0.16081282311687362,0.4442473055784425,22,28,7,1,24,27,4,7,0.961270513435214,31.34197473895205
816,3077,0.681,0.667,0.23397359047237576,0.4923524433113964,22,28,7,1,25,27,4,7,0.9532313465261202,44.40496136917214
816,3078,0.529,0.834,0.22755793397112156,0.48716496766592876,22,28,7,1,26,27,4,7,0.9876218912114089,57.61334751040485
816,3079,0.997,0.667,0.0020782959499259235,0.29623075330708504,22,28,7,1,10,28,4,7,1.1995407454521918,33.78280049855468
816,3080,0.996,0.647,0.002573467583243949,0.2968591309312043,22,28,7,1,11,28,4,7,1.1876973520219702,33.007688591978855
816,3081,0.995,0.625,0.0032351597199760107,0.29768293320067174,22,28,7,1,12,28,4,7,1.1750106382497139,32.13460215794979
816,3082,0.993,0.6,0.004134300143808445,0.2987803250598192,22,28,7,1,13,28,4,7,1.160193518340798,31.14161425639385
816,3083,0.991,0.572,0.005362065234092994,0.30025794086870927,22,28,7,1,14,28,4,7,1.1442311829346374,29.993316724321247
816,3084,0.988,0.539,0.007047659500285519,0.30225860804604243,22,28,7,1,15,28,4,7,1.1254621273059349,28.614522620114776
816,3085,0.985,0.5,0.009415528901310477,0.3049820506878851,22,28,7,1,16,28,4,7,1.1046379497373788,26.912996977743674
816,3086,0.979,0.455,0.012819871031040764,0.3087346442825851,22,28,7,1,17,28,4,7,1.0795675059948775,24.927118407395817
816,3087,0.971,0.4,0.01793487012071393,0.314092190561297,22,28,7,1,18,28,4,7,1.0501623683983348,22.389037902591777
816,3088,0.96,0.333,0.02608068284330667,0.32227136440699133,22,28,7,1,19,28,4,7,1.0161146588845178,19.130381648471023
816,3089,0.942,0.25,0.03970735798932967,0.3356686800100349,22,28,7,1,20,28,4,7,0.9746096654558685,14.863253031100495
816,3090,0.916,0.143,0.06481397279161139,0.3591414870093296,22,28,7,1,21,28,4,7,0.9270949250211652,8.873026582608144
816,3091,0.873,0,0.11278087817383153,0.40137768448460664,22,28,7,1,22,28,4,7,0.873,0
816,3092,0.803,0.167,0.1983744181321676,0.47032086616032787,22,28,7,1,23,28,4,7,0.8201816871888814,11.748342125416558
816,3093,0.682,0.333,0.3152786508759806,0.5542561207324801,22,28,7,1,24,28,4,7,0.7589552028940839,26.024859480311374
816,3094,0.497,0.5,0.446091955090972,0.6336187676342462,22,28,7,1,25,28,4,7,0.7049886523909445,45.17240403186771
816,3095,0.35,0.667,0.5040776286110884,0.6537107705321967,22,28,7,1,26,28,4,7,0.7532522817755019,62.31231298245147
816,3096,0.4,0.834,0.3166013993872938,0.5355092170208786,22,28,7,1,27,28,4,7,0.9249627019507327,64.37686420381331
816,3097,0.992,0.684,0.004101733792403306,0.3001598262733831,22,28,7,1,10,29,4,7,1.2049564307476017,34.58688953755296
816,3098,0.99,0.667,0.005021667268836683,0.3014346531194987,22,28,7,1,11,29,4,7,1.1937290312294495,33.969621852620115
816,3099,0.988,0.647,0.0062363748590194,0.30307841412307823,22,28,7,1,12,29,4,7,1.18099661303494,33.21911705143734
816,3100,0.984,0.625,0.007872696301130078,0.3052249099761485,22,28,7,1,13,29,4,7,1.165710512949077,32.42218610938692
816,3101,0.98,0.6,0.010120465498166253,0.30805066632612155,22,28,7,1,14,29,4,7,1.1490865937778578,31.476839349583983
816,3102,0.974,0.572,0.013248901953353487,0.3117885437412178,22,28,7,1,15,29,4,7,1.1295397292702898,30.424395250971223
816,3103,0.966,0.539,0.017659457869706907,0.3167689912294601,22,28,7,1,16,29,4,7,1.1061993491229327,29.16025077623705
816,3104,0.955,0.5,0.024002809264582647,0.3235203049906079,22,28,7,1,17,29,4,7,1.0779726341609976,27.63476507636205
816,3105,0.94,0.454,0.03339432684462773,0.33304589282290453,22,28,7,1,18,29,4,7,1.0438946306979455,25.77955414365773
816,3106,0.919,0.4,0.04819872252679258,0.3473820573893198,22,28,7,1,19,29,4,7,1.0022779055731001,23.521359078701245
816,3107,0.888,0.333,0.07362024732250827,0.3703935970652984,22,28,7,1,20,29,4,7,0.948384415730246,20.556045219583467
816,3108,0.843,0.25,0.11983872942985141,0.40940544021886704,22,28,7,1,21,29,4,7,0.8792889172507521,16.518245096885668
816,3109,0.775,0.143,0.20301890616688378,0.4757153120676927,22,28,7,1,22,29,4,7,0.7880824829927386,10.454409507651716
816,3110,0.671,0.286,0.33161185721300634,0.5751539738712741,22,28,7,1,23,29,4,7,0.7294086646044178,23.085133672808272
816,3111,0.509,0.429,0.49591731428739616,0.6911572331414844,22,28,7,1,24,29,4,7,0.6656740944336049,40.12516339336262
816,3112,0.296,0.572,0.6845442982224623,0.7974515980297399,22,28,7,1,25,29,4,7,0.6440496875241847,62.639225270182735
816,3113,0.219,0.714,0.7105473583452127,0.7364228326621575,22,28,7,1,26,29,4,7,0.746831306253293,72.94803514599849
816,3114,0.603,0.857,0.2846585421188864,0.4875755312442829,22,28,7,1,27,29,4,7,1.0478826270150678,54.8691192207725
816,3115,1,1,0,0.2928932188134524,22,28,7,1,28,29,4,7,1.4142135623730951,45
816,3116,0.984,0.7,0.007158720207458669,0.3062054425029901,22,28,7,1,10,30,4,7,1.207582709382674,35.42736645443285
816,3117,0.98,0.684,0.008696525209490602,0.30838538532225124,22,28,7,1,11,30,4,7,1.1950966488113002,34.91346831534622
816,3118,0.975,0.667,0.010741334232048039,0.3111549024292567,22,28,7,1,12,30,4,7,1.1813187546128268,34.376131179249356
816,3119,0.969,0.647,0.013507051516678081,0.3147102089092424,22,28,7,1,13,30,4,7,1.1651480592611396,33.730983333958996
816,3120,0.961,0.625,0.01729450492343665,0.3193049284681042,22,28,7,1,14,30,4,7,1.1463620719476024,33.03853460453795
816,3121,0.951,0.6,0.022532512811851202,0.32527363046917757,22,28,7,1,15,30,4,7,1.1244558684092496,32.24843511348256
816,3122,0.937,0.572,0.029837490506279596,0.3331015589748657,22,28,7,1,16,30,4,7,1.0977946073833666,31.402350245322836
816,3123,0.918,0.539,0.04016194609421375,0.3435851055559149,22,28,7,1,17,30,4,7,1.0645398066770448,30.41915379548999
816,3124,0.893,0.5,0.05542966017594131,0.358222411874044,22,28,7,1,18,30,4,7,1.0234495590892596,29.244918696006533
816,3125,0.858,0.455,0.07977860870009068,0.379920865123217,22,28,7,1,19,30,4,7,0.9711791801722275,27.937142826538604
816,3126,0.811,0.4,0.12102195519160441,0.4139156867796784,22,28,7,1,20,30,4,7,0.904279271021956,26.253356143826174
816,3127,0.744,0.333,0.19259212694343308,0.46917705530973486,22,28,7,1,21,30,4,7,0.8151226901516115,24.112365484967345
816,3128,0.651,0.25,0.31005998195717754,0.5566197320412136,22,28,7,1,22,30,4,7,0.6973528518619537,21.008016649609967
816,3129,0.518,0.375,0.47159632192238377,0.6752894996157116,22,28,7,1,23,30,4,7,0.6394912040051841,35.902216098457245
816,3130,0.335,0.5,0.6656074912152691,0.7967493270290437,22,28,7,1,24,30,4,7,0.6018513105410671,56.17791478250604
816,3131,0.159,0.625,0.8375449307288879,0.8226246922117605,22,28,7,1,25,30,4,7,0.6449077453403703,75.7267313424091
816,3132,0.372,0.75,0.5965899378586208,0.6346492974620159,22,28,7,1,26,30,4,7,0.8371881508956037,63.61858851304179
816,3133,0.806,0.875,0.17451474283878143,0.39743122442066536,22,28,7,1,27,30,4,7,1.1896474267613915,47.350500131022024
816,3134,1,1,0,0.2928932188134524,22,28,7,1,28,30,4,7,1.4142135623730951,45
816,3136,0.971,0.714,0.011463775961317202,0.3141083546757869,22,28,7,1,10,31,4,7,1.20525391515647,36.32795240264527
816,3137,0.964,0.7,0.013879802060801416,0.31735669759344765,22,28,7,1,11,31,4,7,1.1913421003221534,35.98494255145346
816,3138,0.956,0.684,0.0170808459883367,0.32142965607732266,22,28,7,1,12,31,4,7,1.1754964908497174,35.583006722005436
816,3139,0.946,0.667,0.021377935100516554,0.32658182652468637,22,28,7,1,13,31,4,7,1.1574994600430706,35.18666856973126
816,3140,0.933,0.647,0.027207113304977826,0.3331384396620587,22,28,7,1,14,31,4,7,1.13538451636439,34.73983605967473
816,3141,0.916,0.625,0.03514165977059536,0.34153120135948123,22,28,7,1,15,31,4,7,1.1089098250083278,34.30628151452142
816,3142,0.894,0.6,0.04601821851244092,0.3523972301866163,22,28,7,1,16,31,4,7,1.07667822491216,33.867179108725864
816,3143,0.866,0.572,0.061339388418490404,0.3667917981237817,22,28,7,1,17,31,4,7,1.037853554216586,33.445084392470676
816,3144,0.829,0.539,0.08407812477975118,0.3866543664986387,22,28,7,1,18,31,4,7,0.9888184868821982,33.03115493179243
816,3145,0.78,0.5,0.11985514173038303,0.41555761345758635,22,28,7,1,19,31,4,7,0.9264987857520376,32.66091272167381
816,3146,0.716,0.455,0.1781853550888729,0.45946460920819254,22,28,7,1,20,31,4,7,0.8483401440460071,32.43493242256822
816,3147,0.632,0.4,0.27333283361392446,0.5271194772248531,22,28,7,1,21,31,4,7,0.7479465221524866,32.33018573505035
816,3148,0.522,0.333,0.4131856852291529,0.6248640548802644,22,28,7,1,22,31,4,7,0.6191712202614071,32.53506715793501
816,3149,0.383,0.444,0.5838394026326826,0.7382603018226629,22,28,7,1,23,31,4,7,0.586365926704477,49.21853054162732
816,3150,0.225,0.556,0.7581160760307557,0.8057949650647331,22,28,7,1,24,31,4,7,0.5998008002662218,67.96798955022581
816,3151,0.188,0.667,0.7422827639830185,0.7258094386489083,22,28,7,1,25,31,4,7,0.6929884558923042,74.25902821306626
816,3152,0.554,0.778,0.4162194888988442,0.53558567936393,22,28,7,1,26,31,4,7,0.9550916186418977,54.546006344497485
816,3153,0.897,0.889,0.09618417656481326,0.35464505787328326,22,28,7,1,27,31,4,7,1.262905380462052,44.74335768723887
816,3154,1,1,0,0.2928932188134524,22,28,7,1,28,31,4,7,1.4142135623730951,45
816,3157,0.951,0.727,0.017179193394752046,0.32337735488760067,22,28,7,1,10,32,4,7,1.197050541957189,37.396410456211825
816,3158,0.941,0.714,0.02071472550503395,0.3277532324741047,22,28,7,1,11,32,4,7,1.1812184387318037,37.1900366650477
816,3159,0.929,0.7,0.025359526166015223,0.333176735232216,22,28,7,1,12,32,4,7,1.163202905773537,36.99796571551633
816,3160,0.914,0.684,0.03152905594033251,0.33995071098206464,22,28,7,1,13,32,4,7,1.1416006306935889,36.80967085003761
816,3161,0.894,0.667,0.03975669606456578,0.3484593229680971,22,28,7,1,14,32,4,7,1.115403514428747,36.72606776808708
816,3162,0.87,0.647,0.050773801170400756,0.3592156960146585,22,28,7,1,15,32,4,7,1.0842089282052605,36.63737592858073
816,3163,0.84,0.625,0.06576847113210749,0.37298364965653363,22,28,7,1,16,32,4,7,1.0470076408508202,36.65100366014354
816,3164,0.802,0.6,0.08682131505406143,0.3910212891767202,22,28,7,1,17,32,4,7,1.0016007188495823,36.80125257543796
816,3165,0.754,0.571,0.11765941692470216,0.41556209215680695,22,28,7,1,18,32,4,7,0.945810234666553,37.13644407339989
816,3166,0.693,0.539,0.16481425602323319,0.45046036689988367,22,28,7,1,19,32,4,7,0.8779350773263362,37.874983651098205
816,3167,0.618,0.5,0.2381527820869036,0.5014531549503928,22,28,7,1,20,32,4,7,0.7949364754494537,38.97498814492955
816,3168,0.525,0.454,0.3483066712796734,0.5748506217534252,22,28,7,1,21,32,4,7,0.6940756442924647,40.85200125347958
816,3169,0.416,0.4,0.4918438553784328,0.6684999646993348,22,28,7,1,22,32,4,7,0.5771100414998859,43.87669728592458
816,3170,0.298,0.5,0.6421804934875344,0.7496967717845873,22,28,7,1,23,32,4,7,0.5820687244647319,59.20505788665527
816,3171,0.202,0.6,0.7456508908948012,0.7472011268031249,22,28,7,1,24,32,4,7,0.6330908307660126,71.39333606827701
816,3172,0.331,0.7,0.559015660744502,0.6346348291561028,22,28,7,1,25,32,4,7,0.7743132441073186,64.69253979481358
816,3173,0.679,0.8,0.27660669144032823,0.46958418227580956,22,28,7,1,26,32,4,7,1.0493050080886872,49.677068022947275
816,3174,0.942,0.9,0.05157774662564263,0.33274334379720716,22,28,7,1,27,32,4,7,1.30282922902428,43.69380790608125
816,3175,1,1,0,0.2928932188134524,22,28,7,1,28,32,4,7,1.4142135623730951,45
816,3179,0.925,0.739,0.024294586411226726,0.33349897267447537,22,28,7,1,10,33,4,7,1.1839535463860058,38.622019195123436
816,3180,0.911,0.727,0.029140075315936986,0.3389801170618516,22,28,7,1,11,33,4,7,1.1655256324937688,38.59071247951689
816,3181,0.894,0.715,0.03543580849571115,0.3457040184618424,22,28,7,1,12,33,4,7,1.1447536852965359,38.651991640289594
816,3182,0.873,0.7,0.043666184033197,0.3540090803321274,22,28,7,1,13,33,4,7,1.11898570142786,38.723781184394255
816,3183,0.847,0.684,0.05447327272793212,0.3643219816407467,22,28,7,1,14,33,4,7,1.08869876458091,38.92281959625106
816,3184,0.816,0.667,0.06880389285666633,0.3772137431469368,22,28,7,1,15,33,4,7,1.053918877333545,39.26263134828745
816,3185,0.778,0.647,0.08815642190909279,0.39353274181482556,22,28,7,1,16,33,4,7,1.0118759805430704,39.74757209447418
816,3186,0.731,0.625,0.1149753597008345,0.4146501093238093,22,28,7,1,17,33,4,7,0.9617619248025989,40.53021612337043
816,3187,0.675,0.6,0.15342679219099875,0.4428864364219727,22,28,7,1,18,33,4,7,0.9031195934094222,41.6335393365702
816,3188,0.607,0.572,0.20998195576642698,0.4819045901852568,22,28,7,1,19,33,4,7,0.8340461617920197,43.299606862312274
816,3189,0.528,0.539,0.29305378703247187,0.5361939498656894,22,28,7,1,20,33,4,7,0.7545230281442707,45.59065721464667
816,3190,0.439,0.5,0.40652059743202695,0.6077617112128696,22,28,7,1,21,33,4,7,0.6653728278191108,48.716867327649425
816,3191,0.348,0.455,0.5360015333063974,0.684334949722385,22,28,7,1,22,33,4,7,0.5728254533450832,52.589969595903135
816,3192,0.269,0.545,0.6450389560929433,0.7231632057012056,22,28,7,1,23,33,4,7,0.6077713385805553,63.730067961763545
816,3193,0.23,0.637,0.6266667888246217,0.679440435958127,22,28,7,1,24,33,4,7,0.6772510612763926,70.14699594544959
816,3194,0.458,0.728,0.41468998263713663,0.5647850668826389,22,28,7,1,25,33,4,7,0.8600860422074061,57.82514492869939
816,3195,0.767,0.819,0.18346710955576506,0.4253279701456576,22,28,7,1,26,33,4,7,1.1220739726060844,46.877877447285364
816,3196,0.966,0.91,0.0279705272969909,0.32006818125786407,22,28,7,1,27,33,4,7,1.3271232045292554,43.29018595585847
816,3197,1,1,0,0.2928932188134524,22,28,7,1,28,33,4,7,1.4142135623730951,45
816,3202,0.893,0.75,0.032663938178944085,0.3440268842354559,22,28,7,1,10,34,4,7,1.1661685126944563,40.02574483096564
816,3203,0.875,0.739,0.03892639318085811,0.35053605169553737,22,28,7,1,11,34,4,7,1.1453148038858136,40.183480759107944
816,3204,0.853,0.727,0.04695010837864266,0.35844709444784406,22,28,7,1,12,34,4,7,1.1207756242888225,40.440492047179156
816,3205,0.826,0.714,0.05729530496593782,0.368120210708498,22,28,7,1,13,34,4,7,1.0918204980673334,40.84035770628736
816,3206,0.794,0.7,0.07072871694893357,0.3800057437411999,22,28,7,1,14,34,4,7,1.0585064950202243,41.39979039531818
816,3207,0.757,0.684,0.08836476864860165,0.39470313400643875,22,28,7,1,15,34,4,7,1.020247518987427,42.09991714768714
816,3208,0.712,0.667,0.11187785398541572,0.41309096643115717,22,28,7,1,16,34,4,7,0.9756192905021916,43.13096774892589
816,3209,0.66,0.647,0.14385925093716911,0.43654269532153855,22,28,7,1,17,34,4,7,0.9242342776590793,44.43012963106889
816,3210,0.6,0.625,0.1883765864873873,0.4672323299291645,22,28,7,1,18,34,4,7,0.8663861725581729,46.16913932790742
816,3211,0.531,0.6,0.25107272939491976,0.5081548010955884,22,28,7,1,19,34,4,7,0.8012246875876954,48.49117142935478
816,3212,0.457,0.572,0.33707926845504077,0.5617043541663802,22,28,7,1,20,34,4,7,0.7321427456445908,51.37685712881859
816,3213,0.383,0.539,0.4430139134101827,0.6247371819840577,22,28,7,1,21,34,4,7,0.6612185720319719,54.603345290545086
816,3214,0.317,0.5,0.5463016026222878,0.677362788353803,22,28,7,1,22,34,4,7,0.5920211144883263,57.62530264754375
816,3215,0.275,0.584,0.6041412331084124,0.681333827351658,22,28,7,1,23,34,4,7,0.6455083268246816,64.78470358613497
816,3216,0.27,0.667,0.5019448698908113,0.6194395552511034,22,28,7,1,24,34,4,7,0.7195755693462641,67.96201573622876
816,3217,0.561,0.75,0.305850352302364,0.5118652036651893,22,28,7,1,25,34,4,7,0.936600768737673,53.2035113844722
816,3218,0.828,0.833,0.12193176217625201,0.3944507620444254,22,28,7,1,26,34,4,7,1.1745096849323977,45.17247322833192
816,3219,0.979,0.917,0.01546585520357624,0.3121890034296164,22,28,7,1,27,34,4,7,1.3413910690026232,43.127071229461116
816,3220,1,1,0,0.2928932188134524,22,28,7,1,28,34,4,7,1.4142135623730951,45
816,3226,0.856,0.76,0.04202756651914841,0.35460562395116024,22,28,7,1,10,35,4,7,1.144699087096692,41.600285840876744
816,3227,0.833,0.75,0.04971821457084524,0.3620315438847884,22,28,7,1,11,35,4,7,1.1208875947212549,41.99861086029091
816,3228,0.807,0.739,0.059455446011069446,0.37097874140996867,22,28,7,1,12,35,4,7,1.0942440312836987,42.481498446566555
816,3229,0.775,0.727,0.07186207086166052,0.3818148801028174,22,28,7,1,13,35,4,7,1.0626165818393762,43.16959936475117
816,3230,0.739,0.714,0.0878052812811222,0.3949933035099734,22,28,7,1,14,35,4,7,1.027578220866908,44.014278620259205
816,3231,0.697,0.7,0.10847837114292891,0.4111081881557552,22,28,7,1,15,35,4,7,0.9878304510390434,45.12304013909516
816,3232,0.648,0.684,0.13555355029434968,0.4310068640048992,22,28,7,1,16,35,4,7,0.9422101676377729,46.548157698977974
816,3233,0.594,0.667,0.1715708059308424,0.4559467391891626,22,28,7,1,17,35,4,7,0.8931545219053644,48.31318705766335
816,3234,0.534,0.647,0.2200052215881907,0.4877280350723192,22,28,7,1,18,35,4,7,0.8389070270298133,50.46551497478859
816,3235,0.471,0.625,0.28492352784115493,0.5282846116615766,22,28,7,1,19,35,4,7,0.7826020700202626,52.998320829413736
816,3236,0.408,0.6,0.3674061850693314,0.5774659168111453,22,28,7,1,20,35,4,7,0.7255783899758868,55.7842978675626
816,3237,0.353,0.572,0.4578831756111892,0.6275621826808838,22,28,7,1,21,35,4,7,0.6721554879639084,58.31990080101514
816,3238,0.313,0.539,0.5291873017451214,0.656334939753623,22,28,7,1,22,35,4,7,0.6232896597890903,59.85605007521398
816,3239,0.293,0.615,0.5360822428993706,0.6373903157781835,22,28,7,1,23,35,4,7,0.6812297703418428,64.52580688912332
816,3240,0.354,0.692,0.3974606297334441,0.569294337224439,22,28,7,1,24,35,4,7,0.7772901646103596,62.907499699912115
816,3241,0.644,0.769,0.2253714563777771,0.47141366029190945,22,28,7,1,25,35,4,7,1.0030438674355175,50.05546826486251
816,3242,0.872,0.846,0.08187389937584555,0.37235373803474525,22,28,7,1,26,35,4,7,1.2149485585818025,44.13295893309092
816,3243,0.986,0.923,0.008867942787780692,0.30708983635540743,22,28,7,1,27,35,4,7,1.3506017177539795,43.109835231540565
816,3244,1,1,0,0.2928932188134524,22,28,7,1,28,35,4,7,1.4142135623730951,45
816,3317,1,1,0,0.2928932188134524,22,28,7,1,10,22,7,7,1.4142135623730951,45
816,3318,1,1,0,0.2928932188134524,22,28,7,1,11,22,7,7,1.4142135623730951,45
816,3319,1,1,0,0.2928932188134524,22,28,7,1,12,22,7,7,1.4142135623730951,45
816,3320,1,1,0,0.2928932188134524,22,28,7,1,13,22,7,7,1.4142135623730951,45
816,3321,1,1,0,0.2928932188134524,22,28,7,1,14,22,7,7,1.4142135623730951,45
816,3322,1,1,1.1102230246251565e-16,0.29289321881345254,22,28,7,1,15,22,7,7,1.4142135623730951,45
816,3323,1,1,0,0.2928932188134524,22,28,7,1,16,22,7,7,1.4142135623730951,45
816,3324,1,1,0,0.2928932188134524,22,28,7,1,17,22,7,7,1.4142135623730951,45
816,3325,1,1,0,0.2928932188134524,22,28,7,1,18,22,7,7,1.4142135623730951,45
816,3326,1,1,0,0.2928932188134524,22,28,7,1,19,22,7,7,1.4142135623730951,45
816,3327,1,1,0,0.2928932188134524,22,28,7,1,20,22,7,7,1.4142135623730951,45
816,3328,1,1,0,0.2928932188134524,22,28,7,1,21,22,7,7,1.4142135623730951,45
816,3329,1,0.945,8.840849519131666e-8,0.2928933222784197,22,28,7,1,10,23,7,7,1.3758724504836921,43.38024250274473
816,3330,1,0.942,1.1773623953548196e-7,0.2928933559481557,22,28,7,1,11,23,7,7,1.3738136700440857,43.289306039103366
816,3331,1,0.938,1.5965864441636057e-7,0.292893406698144,22,28,7,1,12,23,7,7,1.3710740315533658,43.16763304046667
816,3332,1,0.934,2.2188632819997167e-7,0.2928934863145406,22,28,7,1,13,23,7,7,1.3683406008739198,43.045473375173806
816,3333,1,0.929,3.1596476501860593e-7,0.2928936167512548,22,28,7,1,14,23,7,7,1.3649325990685401,42.8920866639288
816,3334,1,0.923,4.5479493049338515e-7,0.29289384075625746,22,28,7,1,15,23,7,7,1.3608559806239602,42.707010169212275
816,3335,1,0.917,6.611190662697553e-7,0.2928942442381607,22,28,7,1,16,23,7,7,1.3567936468011634,42.52082345847564
816,3336,1,0.91,9.727204025589131e-7,0.29289500994669715,22,28,7,1,17,23,7,7,1.3520724832641184,42.3021943666837
816,3337,1,0.9,1.4369236218669812e-6,0.2928966042758808,22,28,7,1,18,23,7,7,1.3453624047073711,41.98721249581666
816,3338,1,0.889,2.1587924339261377e-6,0.2929004957801009,22,28,7,1,19,23,7,7,1.3380287739805896,41.63709543013025
816,3339,1,0.875,3.283676635046362e-6,0.2929120709393779,22,28,7,1,20,23,7,7,1.3287682265918312,41.18592516570965
816,3340,1,0.857,5.036078215225892e-6,0.29295997182016353,22,28,7,1,21,23,7,7,1.3169848138835922,40.59657583596283
816,3341,1,0.834,7.759069454715828e-6,0.29324195599139946,22,28,7,1,22,23,7,7,1.3021351696348578,39.82810630428432
816,3342,1,0.889,1.1947705035209033e-5,0.2929074287364367,22,28,7,1,10,24,7,7,1.3380287739805896,41.63709543013025
816,3343,1,0.883,1.5671848075271555e-5,0.29291154173537637,22,28,7,1,11,24,7,7,1.3340498491435768,41.4445038973404
816,3344,1,0.875,2.091659503966614e-5,0.2929174788884339,22,28,7,1,12,24,7,7,1.3287682265918312,41.18592516570965
816,3345,1,0.867,2.8371569839369393e-5,0.29292628751805316,22,28,7,1,13,24,7,7,1.323513883569039,40.92528797789907
816,3346,1,0.857,3.9140686082905773e-5,0.29293970914446965,22,28,7,1,14,24,7,7,1.3169848138835922,40.59657583596283
816,3347,1,0.846,5.458300517258152e-5,0.2929606837283242,22,28,7,1,15,24,7,7,1.30985342691463,40.23122105657414
816,3348,1,0.833,7.700276669952988e-5,0.29299427608249595,22,28,7,1,16,24,7,7,1.3014949097096,39.79429794346564
816,3349,1,0.819,1.0962046713158813e-4,0.2930500008163974,22,28,7,1,17,24,7,7,1.2925792045364184,39.31747620953449
816,3350,1,0.8,1.5825624551490947e-4,0.2931489242898241,22,28,7,1,18,24,7,7,1.2806248474865698,38.659808254090095
816,3351,1,0.778,2.332488642151631e-4,0.29334173767944494,22,28,7,1,19,24,7,7,1.266998026833507,37.88291605856699
816,3352,1,0.75,3.539398308742836e-4,0.29375923850327135,22,28,7,1,20,24,7,7,1.25,36.86989764584402
816,3353,1,0.714,5.421641438139169e-4,0.29478774854197953,22,28,7,1,21,24,7,7,1.2287375635179385,35.52683658500573
816,3354,0.999,0.667,8.267326307341838e-4,0.2974689978595675,22,28,7,1,22,24,7,7,1.2012035630982785,33.729755198814786
816,3355,0.998,0.834,0.0012371415961136556,0.30219804596573396,22,28,7,1,23,24,7,7,1.30059986160233,39.88453746411934
816,3356,1,0.834,1.6470134019308524e-4,0.2930834667585045,22,28,7,1,10,25,7,7,1.3021351696348578,39.82810630428432
816,3357,1,0.824,2.1321545924757324e-4,0.29313247823675515,22,28,7,1,11,25,7,7,1.2957530628943155,39.48852258397938
816,3358,1,0.813,2.8026169761086184e-4,0.29320034819840257,22,28,7,1,12,25,7,7,1.2887858627405873,39.111110804715416
816,3359,1,0.8,3.7313089671942024e-4,0.29329592613654865,22,28,7,1,13,25,7,7,1.2806248474865698,38.659808254090095
816,3360,1,0.786,5.026662918872216e-4,0.29343247518163407,22,28,7,1,14,25,7,7,1.2719260984821406,38.1673468344621
816,3361,0.999,0.769,6.785546275716037e-4,0.2936301125986095,22,28,7,1,15,25,7,7,1.2606990124530122,37.58798896461457
816,3362,0.999,0.75,9.16862993456391e-4,0.29392079551565853,22,28,7,1,16,25,7,7,1.2492001440922107,36.89741723042958
816,3363,0.999,0.728,0.0012487130661864576,0.29436158798220535,22,28,7,1,17,25,7,7,1.2361169038565891,36.08189858557171
816,3364,0.999,0.7,0.0017254703329251386,0.29506685588135717,22,28,7,1,18,25,7,7,1.219836464449231,35.01895575443812
816,3365,0.998,0.667,0.002418196938406947,0.2962696460757458,22,28,7,1,19,25,7,7,1.2003720256653767,33.75625947840964
816,3366,0.997,0.625,0.0034239531919962873,0.2984616675486642,22,28,7,1,20,25,7,7,1.1767047208199686,32.082802915284425
816,3367,0.995,0.572,0.004918575139799097,0.302681657401045,22,28,7,1,21,25,7,7,1.1476972597335937,29.893492085296447
816,3368,0.992,0.5,0.007264077141422409,0.3105233398398638,22,28,7,1,22,25,7,7,1.1108843324126954,26.749578009339476
816,3369,0.985,0.667,0.0111266939468182,0.3216926131626504,22,28,7,1,23,25,7,7,1.1895856421460373,34.104182293121426
816,3370,0.965,0.834,0.014267685437557742,0.32973012503621124,22,28,7,1,24,25,7,7,1.2754532527693832,40.835173558319546
816,3371,0.999,0.778,8.692703904357169e-4,0.29387204316765625,22,28,7,1,10,26,7,7,1.266208908513915,37.910701733027835
816,3372,0.999,0.765,0.0010933014092139315,0.2940966631545133,22,28,7,1,11,26,7,7,1.2582630885470654,37.443655943560536
816,3373,0.999,0.75,0.0013895461637092321,0.2943961238303945,22,28,7,1,12,26,7,7,1.2492001440922107,36.89741723042958
816,3374,0.998,0.733,0.0017846552667825089,0.29479921077765847,22,28,7,1,13,26,7,7,1.2382620885741435,36.296126109556774
816,3375,0.998,0.714,0.0023061184180696026,0.29534610667578665,22,28,7,1,14,26,7,7,1.227110426978762,35.581100125088206
816,3376,0.997,0.692,0.0029922174514104283,0.2960949169857947,22,28,7,1,15,26,7,7,1.2136197921919367,34.76382841255804
816,3377,0.996,0.667,0.0038963265423072047,0.29713686981926457,22,28,7,1,16,26,7,7,1.198709722993853,33.80937832428409
816,3378,0.994,0.637,0.005111275649527958,0.2986325892595987,22,28,7,1,17,26,7,7,1.1805951888772035,32.65357933127317
816,3379,0.992,0.6,0.00686548964828515,0.3008826796399201,22,28,7,1,18,26,7,7,1.159337741988934,31.167172646102262
816,3380,0.989,0.556,0.009574936979023785,0.3044443982333932,22,28,7,1,19,26,7,7,1.1345734881443335,29.34399903481825
816,3381,0.984,0.5,0.014037121150377585,0.3103654133997721,22,28,7,1,20,26,7,7,1.1037463476723264,26.936493490448793
816,3382,0.977,0.429,0.02122437052789239,0.3205132978061449,22,28,7,1,21,26,7,7,1.0670379562133672,23.706243500900595
816,3383,0.963,0.333,0.03253301889261062,0.3374047403751884,22,28,7,1,22,26,7,7,1.01894945900177,19.075098492445548
816,3384,0.938,0.5,0.05046408392144375,0.3615343969264022,22,28,7,1,23,26,7,7,1.0629412025131022,28.059803863672055
816,3385,0.888,0.667,0.0717423779123183,0.38431030050784565,22,28,7,1,24,26,7,7,1.1106002881325037,36.9111695850504
816,3386,0.8,0.834,0.080136354906723,0.3924826197002027,22,28,7,1,25,26,7,7,1.1556625805138798,46.192029026370314
816,3387,0.996,0.722,0.0026578044065659334,0.29613216425150346,22,28,7,1,10,27,7,7,1.2301625908797584,35.93834104776654
816,3388,0.995,0.706,0.003277837052925281,0.2968021543157451,22,28,7,1,11,27,7,7,1.2200249997438577,35.357520146174124
816,3389,0.994,0.688,0.004080606998585368,0.29766917919185454,22,28,7,1,12,27,7,7,1.2088755105468882,34.68915836755248
816,3390,0.993,0.667,0.00510897195987825,0.2987986443127095,22,28,7,1,13,27,7,7,1.1962182075190129,33.88933328707825
816,3391,0.991,0.643,0.0064566625858097915,0.3002803993916108,22,28,7,1,14,27,7,7,1.181325526686019,32.97710214055264
816,3392,0.988,0.615,0.008263697418813498,0.30224621423979403,22,28,7,1,15,27,7,7,1.1637736034126225,31.901009920651838
816,3393,0.985,0.584,0.010764908076914326,0.3049083655905672,22,28,7,1,16,27,7,7,1.1451117849363004,30.663421963244858
816,3394,0.98,0.545,0.014373229475642568,0.3086387897073214,22,28,7,1,17,27,7,7,1.1213496332544992,29.079418207319183
816,3395,0.973,0.5,0.019794722305903845,0.3141069319253128,22,28,7,1,18,27,7,7,1.0939510957990763,27.19748094797262
816,3396,0.964,0.444,0.028042119566788815,0.3225077223357523,22,28,7,1,19,27,7,7,1.0613350083738875,24.729895161406336
816,3397,0.95,0.375,0.04125604727348797,0.33598597491225957,22,28,7,1,20,27,7,7,1.0213349107907748,21.540975918538443
816,3398,0.928,0.286,0.06356097848519704,0.35810925639694624,22,28,7,1,21,27,7,7,0.9710715730573107,17.12875672900325
816,3399,0.894,0.167,0.10030716107525939,0.3930828268957227,22,28,7,1,22,27,7,7,0.9094641279346867,10.580954991927007
816,3400,0.838,0.334,0.1566413123666871,0.43956581880928314,22,28,7,1,23,27,7,7,0.9021086409075129,21.73064487081472
816,3401,0.739,0.5,0.2251391386674918,0.48642143130991244,22,28,7,1,24,27,7,7,0.8922561291467825,34.08188832163554
816,3402,0.602,0.667,0.27686155895066444,0.5167443205477711,22,28,7,1,25,27,7,7,0.8984948525172529,47.93220944250489
816,3403,0.497,0.834,0.23237327696019605,0.4898271470661614,22,28,7,1,26,27,7,7,0.9708578680733859,59.208302348654364
816,3404,0.989,0.667,0.006107021572802074,0.3012403583282893,22,28,7,1,10,28,7,7,1.1928998281498746,33.996459148250494
816,3405,0.987,0.647,0.00745121115507863,0.3028200387474249,22,28,7,1,11,28,7,7,1.180160158622549,33.245714337695915
816,3406,0.984,0.625,0.009200931965016035,0.3048218434723602,22,28,7,1,12,28,7,7,1.165710512949077,32.42218610938692
816,3407,0.98,0.6,0.011510875105364304,0.3073757836908625,22,28,7,1,13,28,7,7,1.1490865937778578,31.476839349583983
816,3408,0.975,0.572,0.014599511632958917,0.3106643426175174,22,28,7,1,14,28,7,7,1.1304021408330753,30.398727714166064
816,3409,0.968,0.539,0.01881894522854799,0.31496387300296924,22,28,7,1,15,28,7,7,1.1079462983376045,29.109855556891088
816,3410,0.959,0.5,0.024683280554329,0.32072710793644843,22,28,7,1,16,28,7,7,1.0815179147845864,27.536474611836212
816,3411,0.948,0.455,0.03301952576494138,0.3287358994076268,22,28,7,1,17,28,7,7,1.0515364948493229,25.639040948465418
816,3412,0.932,0.4,0.04550807789639988,0.34035415747932585,22,28,7,1,18,28,7,7,1.0142110234068649,23.22826206952137
816,3413,0.91,0.333,0.06535827091126489,0.35793359326989604,22,28,7,1,19,28,7,7,0.9690144477767089,20.099294242093947
816,3414,0.88,0.25,0.09799268477621459,0.38541944945577256,22,28,7,1,20,28,7,7,0.9148223871331528,15.859366266605688
816,3415,0.836,0.143,0.15132209340516622,0.4284073211894631,22,28,7,1,21,28,7,7,0.8481420871528543,9.70665240933971
816,3416,0.772,0,0.23159036056001459,0.490662574690242,22,28,7,1,22,28,7,7,0.772,0
816,3417,0.672,0.167,0.33391604531596975,0.5653446571333403,22,28,7,1,23,28,7,7,0.6924398890878544,13.955969223409951
816,3418,0.521,0.333,0.45349411931193817,0.6397968511583718,22,28,7,1,24,28,7,7,0.6183283917143059,32.58490244572694
816,3419,0.36,0.5,0.5580966956421027,0.6951546541132203,22,28,7,1,25,28,7,7,0.6161168720299746,54.24611274556325
816,3420,0.321,0.667,0.5220998284978625,0.660599192951701,22,28,7,1,26,28,7,7,0.7402229393905596,64.30037816020254
816,3421,0.418,0.834,0.2836999125833565,0.517904244731684,22,28,7,1,27,28,7,7,0.9328879889890318,63.380015206472535
816,3422,0.974,0.684,0.012008986791112841,0.3105986888339072,22,28,7,1,10,29,7,7,1.1901814987639492,35.07878411553112
816,3423,0.969,0.667,0.014656498815291297,0.31369721867264555,22,28,7,1,11,29,7,7,1.1763715399481578,34.54113298956163
816,3424,0.962,0.647,0.01811135726183255,0.3175665116758587,22,28,7,1,12,29,7,7,1.15933299789146,33.92308735409281
816,3425,0.954,0.625,0.02267230619011762,0.3224378425269475,22,28,7,1,13,29,7,7,1.140500328803109,33.23026204596421
816,3426,0.944,0.6,0.028732434736735923,0.328643953773486,22,28,7,1,14,29,7,7,1.118541908021331,32.43976290315444
816,3427,0.93,0.572,0.036881950975875655,0.33669753209566666,22,28,7,1,15,29,7,7,1.0918259934623282,31.593750709368322
816,3428,0.913,0.539,0.048204844734206276,0.3474349438549277,22,28,7,1,16,29,7,7,1.0602311068818913,30.555964275507772
816,3429,0.89,0.5,0.06471101291660197,0.362262221265346,22,28,7,1,17,29,7,7,1.0208329931972222,29.327179490456803
816,3430,0.861,0.454,0.0898664592125874,0.38353288255424756,22,28,7,1,18,29,7,7,0.9733637552323386,27.80240548900219
816,3431,0.821,0.4,0.12918898057421435,0.41506366505297143,22,28,7,1,19,29,7,7,0.913258451918185,25.975840131680947
816,3432,0.768,0.333,0.19121175240464605,0.46252915031984243,22,28,7,1,20,29,7,7,0.8370860170854606,23.441253540652713
816,3433,0.695,0.25,0.2836700252401577,0.5320778916578146,22,28,7,1,21,29,7,7,0.7385966422886039,19.784278704009424
816,3434,0.594,0.143,0.4055959102824789,0.6244822059331623,22,28,7,1,22,29,7,7,0.6109705393879479,13.535856369134246
816,3435,0.452,0.286,0.5560598595508648,0.730181085216103,22,28,7,1,23,29,7,7,0.5348831648126533,32.32331134144474
816,3436,0.265,0.429,0.7294904328178022,0.8321261395023163,22,28,7,1,24,29,7,7,0.504247954879343,58.295727008601276
816,3437,0.162,0.572,0.8097250129235716,0.8213900832963131,22,28,7,1,25,29,7,7,0.5944981076504785,74.18698782725205
816,3438,0.378,0.714,0.5305135190827541,0.6352772254323786,22,28,7,1,26,29,7,7,0.8078861305901964,62.10272896905237
816,3439,0.797,0.857,0.1574991265568233,0.39932261356585985,22,28,7,1,27,29,7,7,1.1703238867937371,47.0775332648563
816,3440,1,1,0,0.2928932188134524,22,28,7,1,28,29,7,7,1.4142135623730951,45
816,3441,0.948,0.7,0.02129593598949886,0.3243879936544216,22,28,7,1,10,30,7,7,1.1784328576546057,36.44203487654177
816,3442,0.939,0.684,0.02594288673007472,0.3295061425000658,22,28,7,1,11,30,7,7,1.1617129593836852,36.070886404657685
816,3443,0.926,0.667,0.03194383007837143,0.3358233620820915,22,28,7,1,12,30,7,7,1.1412120749448809,35.76529556173256
816,3444,0.911,0.647,0.03975127447074722,0.34369415381217006,22,28,7,1,13,30,7,7,1.117376391374008,35.382695828374956
816,3445,0.893,0.625,0.05004758383721997,0.3536339694179178,22,28,7,1,14,30,7,7,1.0899880733292453,34.98771386414264
816,3446,0.869,0.6,0.06402276029326859,0.36643444885280785,22,28,7,1,15,30,7,7,1.0560118370548695,34.62309203902895
816,3447,0.84,0.572,0.0836333892381832,0.3833576384452241,22,28,7,1,16,30,7,7,1.0162598093007515,34.25299921056535
816,3448,0.803,0.539,0.11212272098849674,0.406434835426121,22,28,7,1,17,30,7,7,0.9671246041746638,33.87081071038882
816,3449,0.756,0.5,0.15445530054070422,0.43884610079040676,22,28,7,1,18,30,7,7,0.9063862311399044,33.47968005228896
816,3450,0.696,0.455,0.2182032836384289,0.4852031892666626,22,28,7,1,19,30,7,7,0.8315293139751598,33.17407545642743
816,3451,0.619,0.4,0.31125777276666133,0.5509855794394862,22,28,7,1,20,30,7,7,0.7369945725716032,32.87068807790996
816,3452,0.52,0.333,0.4353695493672689,0.6390949505786274,22,28,7,1,21,30,7,7,0.6174860322306894,32.6348737395941
816,3453,0.396,0.25,0.5848816428291758,0.7425541188775735,22,28,7,1,22,30,7,7,0.4683118619040094,32.26475572111064
816,3454,0.243,0.375,0.7527933896891293,0.8325664073984242,22,28,7,1,23,30,7,7,0.4468489677732287,57.05676253383263
816,3455,0.121,0.5,0.8678922356427315,0.8185474987493054,22,28,7,1,24,30,7,7,0.5144326972500873,76.39596543522654
816,3456,0.344,0.625,0.638429656372007,0.6694741203870178,22,28,7,1,25,30,7,7,0.7134150264747723,61.1716135962211
816,3457,0.678,0.75,0.3037824996612668,0.4793310044357163,22,28,7,1,26,30,7,7,1.011031156789938,47.88641854386461
816,3458,0.948,0.875,0.050696639660617215,0.3284718401774793,22,28,7,1,27,30,7,7,1.2900887566365347,42.706879627030396
816,3459,1,1,0,0.2928932188134524,22,28,7,1,28,30,7,7,1.4142135623730951,45
816,3461,0.909,0.714,0.03449666026586318,0.34149969693571847,22,28,7,1,10,31,7,7,1.1558879703500682,38.14887443298024
816,3462,0.892,0.7,0.041767943785661066,0.3488524023953522,22,28,7,1,11,31,7,7,1.1338712448951158,38.1231692625632
816,3463,0.873,0.684,0.051044940861187826,0.35783452346869604,22,28,7,1,12,31,7,7,1.1090468880980642,38.078882361565
816,3464,0.849,0.667,0.06307740427271724,0.3689165576266418,22,28,7,1,13,31,7,7,1.079671246259712,38.15424600268086
816,3465,0.821,0.647,0.07899345280047443,0.3827787592338634,22,28,7,1,14,31,7,7,1.0452990002865208,38.24034866364363
816,3466,0.786,0.625,0.10050725794240478,0.40044357823473253,22,28,7,1,15,31,7,7,1.0042016729721177,38.49050551033216
816,3467,0.743,0.6,0.1303448024616719,0.42347337194951284,22,28,7,1,16,31,7,7,0.9550125653623621,38.9221583137011
816,3468,0.692,0.572,0.17247291837793932,0.45421258650762397,22,28,7,1,17,31,7,7,0.8978017598557044,39.57678140322665
816,3469,0.63,0.539,0.23268960883829926,0.49592287174356176,22,28,7,1,18,31,7,7,0.8291085574277955,40.548825997113426
816,3470,0.555,0.5,0.3173203313584684,0.5523348079268358,22,28,7,1,19,31,7,7,0.7470107094279171,42.015717856406624
816,3471,0.467,0.455,0.42856579614523727,0.6253795513638032,22,28,7,1,20,31,7,7,0.652007668666558,44.25432696787157
816,3472,0.367,0.4,0.5590071921466783,0.7088620667302485,22,28,7,1,21,31,7,7,0.5428526503573506,47.46361843038432
816,3473,0.262,0.333,0.6912774923437245,0.7761799758979964,22,28,7,1,22,31,7,7,0.42371334649736964,51.804799015014595
816,3474,0.173,0.444,0.7863982017114098,0.7730522197639933,22,28,7,1,23,31,7,7,0.47651337861596293,68.71213986629164
816,3475,0.276,0.556,0.6301784627754178,0.6794452108551303,22,28,7,1,24,31,7,7,0.6207350481485641,63.60006588603307
816,3476,0.572,0.667,0.3837504547740883,0.5369983381514427,22,28,7,1,25,31,7,7,0.8786768461726985,49.384559995571024
816,3477,0.839,0.778,0.14660115896650994,0.3963357097048934,22,28,7,1,26,31,7,7,1.144204964156335,42.83958811579016
816,3478,0.986,0.889,0.013612497084897646,0.3076819774821443,22,28,7,1,27,31,7,7,1.3275982072901424,42.0385384141299
816,3479,1,1,0,0.2928932188134524,22,28,7,1,28,31,7,7,1.4142135623730951,45
816,3482,0.855,0.727,0.05145219726125805,0.3604890855738404,22,28,7,1,10,32,7,7,1.1222985342590446,40.37426123770969
816,3483,0.831,0.714,0.061808158500705423,0.37002623952630875,22,28,7,1,11,32,7,7,1.095608050353775,40.66936206711123
816,3484,0.804,0.7,0.07497631108770109,0.3815604722111595,22,28,7,1,12,32,7,7,1.0660281422176434,41.04435451961584
816,3485,0.771,0.684,0.09195948857450786,0.3956430252232003,22,28,7,1,13,32,7,7,1.030677932236836,41.57814096900096
816,3486,0.733,0.667,0.1141599716914431,0.4130526923201556,22,28,7,1,14,32,7,7,0.9910489392557766,42.3009115966328
816,3487,0.689,0.647,0.14369933144836955,0.4349107584336249,22,28,7,1,15,32,7,7,0.9451613618848371,43.199378398839855
816,3488,0.637,0.625,0.18346433718487465,0.46281010650292387,22,28,7,1,16,32,7,7,0.8924090990123308,44.45520710496657
816,3489,0.577,0.6,0.23744476463620656,0.49885506257954937,22,28,7,1,17,32,7,7,0.8324235700651441,46.11948617589536
816,3490,0.51,0.571,0.3100263251052896,0.5452831733896208,22,28,7,1,18,32,7,7,0.7655984587236314,48.22973165198373
816,3491,0.435,0.539,0.402830653700223,0.6028985687666837,22,28,7,1,19,32,7,7,0.6926369900604501,51.09473218541135
816,3492,0.359,0.5,0.5097489452094605,0.6669150297920067,22,28,7,1,20,32,7,7,0.6155331022780173,54.321652965892106
816,3493,0.288,0.454,0.6132956703781314,0.7194299347166482,22,28,7,1,21,32,7,7,0.5376430042323623,57.61054200394115
816,3494,0.235,0.4,0.6814771142062798,0.727663281407323,22,28,7,1,22,32,7,7,0.4639234850705448,59.56576424655659
816,3495,0.215,0.5,0.6066236614140543,0.673051730337576,22,28,7,1,23,32,7,7,0.5442655601817922,66.73229518994306
816,3496,0.471,0.6,0.42021884693434397,0.5726216619908733,22,28,7,1,24,32,7,7,0.7627850286941924,51.86808632439829
816,3497,0.728,0.7,0.22156534802442984,0.45530561974052997,22,28,7,1,25,32,7,7,1.0099425726248004,43.87669728592457
816,3498,0.92,0.8,0.0671837506199725,0.3540789670357606,22,28,7,1,26,32,7,7,1.2191800523302536,41.00908690157022
816,3499,0.996,0.9,0.003641155730398582,0.2999234493257691,22,28,7,1,27,32,7,7,1.3423918950887628,42.101423200718294
816,3500,1,1,0,0.2928932188134524,22,28,7,1,28,32,7,7,1.4142135623730951,45
816,3504,0.79,0.739,0.07146597844122216,0.3800605624350276,22,28,7,1,10,33,7,7,1.0817675351016964,43.08959986378497
816,3505,0.76,0.727,0.08516576888052607,0.39153670366162063,22,28,7,1,11,33,7,7,1.051726675519833,43.72868163016424
816,3506,0.725,0.715,0.10241735532872576,0.40526633526762235,22,28,7,1,12,33,7,7,1.0182583169314159,44.60211903816541
816,3507,0.686,0.7,0.12432503196599909,0.42182248041586035,22,28,7,1,13,33,7,7,0.9800999948984798,45.578725565607755
816,3508,0.642,0.684,0.15245770055033703,0.44197746536453664,22,28,7,1,14,33,7,7,0.938093811939936,46.81419190902995
816,3509,0.592,0.667,0.1887943936542973,0.4667586955904103,22,28,7,1,15,33,7,7,0.8918256556076417,48.409143050180425
816,3510,0.538,0.647,0.2359025424668545,0.4974334543478788,22,28,7,1,16,33,7,7,0.8414588522322408,50.2554560387332
816,3511,0.479,0.625,0.2965288390992643,0.5352251534031531,22,28,7,1,17,33,7,7,0.7874426963278026,52.5334444818701
816,3512,0.419,0.6,0.37154635137074843,0.5803011617143761,22,28,7,1,18,33,7,7,0.7318203331419536,55.07211923453165
816,3513,0.361,0.572,0.4568169486827601,0.6292949577843437,22,28,7,1,19,33,7,7,0.6763911590196903,57.74320298063503
816,3514,0.312,0.539,0.5389934085077301,0.6711784156762521,22,28,7,1,20,33,7,7,0.6227880859489847,59.9356076103332
816,3515,0.279,0.5,0.5936872483476462,0.6859030647408109,22,28,7,1,21,33,7,7,0.5725740126830767,60.83848278079569
816,3516,0.259,0.455,0.5772928665969818,0.6571601921634738,22,28,7,1,22,33,7,7,0.5235513346368244,60.35013649242442
816,3517,0.372,0.545,0.43648006771645953,0.5888088074407258,22,28,7,1,23,33,7,7,0.6598552871652996,55.68377402048501
816,3518,0.622,0.637,0.2719251902977383,0.497587304518039,22,28,7,1,24,33,7,7,0.8903106199523849,45.6826020896633
816,3519,0.83,0.728,0.12468568446334816,0.4037660606857968,22,28,7,1,25,33,7,7,1.1040307966719045,41.25427388185584
816,3520,0.96,0.819,0.030125790183944012,0.3306257689690365,22,28,7,1,26,33,7,7,1.2618878714053796,40.46832376057203
816,3521,0.999,0.91,0.0010530577765889282,0.29654705701628414,22,28,7,1,27,33,7,7,1.3513330455516879,42.33073093011519
816,3522,1,1,0,0.2928932188134524,22,28,7,1,28,33,7,7,1.4142135623730951,45
816,3527,0.719,0.75,0.09347473985186572,0.39918696483308946,22,28,7,1,10,34,7,7,1.0389711256815561,46.208921426936605
816,3528,0.684,0.739,0.11038978146622702,0.41221968243680795,22,28,7,1,11,34,7,7,1.0069642496136595,47.21342239871882
816,3529,0.646,0.727,0.13133901678793913,0.42761473942457273,22,28,7,1,12,34,7,7,0.9725456287496232,48.37624561415238
816,3530,0.604,0.714,0.15744750689172382,0.44589116360677095,22,28,7,1,13,34,7,7,0.9352069289734759,49.77083694116092
816,3531,0.558,0.7,0.19003590370409207,0.467687122336928,22,28,7,1,14,34,7,7,0.8951893654417483,51.44014938963758
816,3532,0.51,0.684,0.23069254513302495,0.4937209175662236,22,28,7,1,15,34,7,7,0.8532033755207489,53.29127149169106
816,3533,0.46,0.667,0.28090009631412427,0.5245857294133685,22,28,7,1,16,34,7,7,0.8102400878751927,55.40771131249006
816,3534,0.412,0.647,0.34112470035205,0.5601317755927053,22,28,7,1,17,34,7,7,0.7670417198562279,57.51162069451461
816,3535,0.368,0.625,0.4084205884557143,0.5980516119337399,22,28,7,1,18,34,7,7,0.7252923548473401,59.51042329746295
816,3536,0.333,0.6,0.47383462039129565,0.6316150028073577,22,28,7,1,19,34,7,7,0.686213523620746,60.96972531751285
816,3537,0.31,0.572,0.5202179989540928,0.6485221001247239,22,28,7,1,20,34,7,7,0.6506027974117541,61.54416546764159
816,3538,0.296,0.539,0.5218863694853583,0.6360647461682196,22,28,7,1,21,34,7,7,0.6149284511225676,61.22594478260022
816,3539,0.318,0.5,0.44395829044553714,0.59149865633198,22,28,7,1,22,34,7,7,0.5925571702376067,57.543639647601744
816,3540,0.518,0.584,0.30505951834286804,0.5233189637015605,22,28,7,1,23,34,7,7,0.7806279523563066,48.427413597364456
816,3541,0.733,0.667,0.17241206807049614,0.44447488417565706,22,28,7,1,24,34,7,7,0.9910489392557766,42.3009115966328
816,3542,0.894,0.75,0.0693157330423636,0.3701753768451036,22,28,7,1,25,34,7,7,1.1669344454595554,39.994167447048916
816,3543,0.98,0.833,0.013618857234820259,0.3170383126205436,22,28,7,1,26,34,7,7,1.2861916653438552,40.36453657309736
816,3544,1,0.917,3.4695198556500273e-4,0.29495224131470243,22,28,7,1,27,34,7,7,1.3567936468011634,42.52082345847564
816,3545,1,1,0,0.2928932188134524,22,28,7,1,28,34,7,7,1.4142135623730951,45
816,3551,0.649,0.76,0.11617554545445208,0.4170934612771524,22,28,7,1,10,35,7,7,0.999400320192064,49.50441700536422
816,3552,0.612,0.75,0.13577760617108547,0.4312057532837471,22,28,7,1,11,35,7,7,0.9680103305233886,50.78555486469748
816,3553,0.573,0.739,0.15959651402883634,0.44761774011749444,22,28,7,1,12,35,7,7,0.9351203131148419,52.21099757044175
816,3554,0.532,0.727,0.18852071945206206,0.46671288226018337,22,28,7,1,13,35,7,7,0.9008623646262508,53.80428889128122
816,3555,0.49,0.714,0.22345316729970943,0.4888693227235076,22,28,7,1,14,35,7,7,0.8659653572747583,55.53918372862823
816,3556,0.449,0.7,0.26515293319813016,0.5143134838667345,22,28,7,1,15,35,7,7,0.831625516684042,57.322727679169375
816,3557,0.41,0.684,0.3136474900904388,0.5427456786633651,22,28,7,1,16,35,7,7,0.797468494675495,59.060886812434
816,3558,0.376,0.667,0.36693123000196004,0.5725498894443224,22,28,7,1,17,35,7,7,0.7656794368402484,60.589255213519706
816,3559,0.35,0.647,0.4190274718681214,0.5995441234024224,22,28,7,1,18,35,7,7,0.735601114735425,61.58846162922696
816,3560,0.334,0.625,0.45850695411796505,0.6161157082032329,22,28,7,1,19,35,7,7,0.7086473029653044,61.87995286961441
816,3561,0.323,0.6,0.46841310321399476,0.6131369613136938,22,28,7,1,20,35,7,7,0.6814169061595111,61.704939073405654
816,3562,0.329,0.572,0.4288188803092362,0.5856161051481699,22,28,7,1,21,35,7,7,0.6598674109243462,60.09357088064402
816,3563,0.422,0.539,0.3279705004493887,0.5363505984696005,22,28,7,1,22,35,7,7,0.6845472956633457,51.941494300315455
816,3564,0.633,0.615,0.20970389613273133,0.4733491307146892,22,28,7,1,23,35,7,7,0.8825610460472408,44.173675860270755
816,3565,0.812,0.692,0.10848997945789429,0.4066755348920761,22,28,7,1,24,35,7,7,1.0668683142731348,40.43819201254299
816,3566,0.934,0.769,0.03866573679655538,0.3479967369710635,22,28,7,1,25,35,7,7,1.2098417251855715,39.46600858960592
816,3567,0.989,0.846,0.006405226857344348,0.3089647878754179,22,28,7,1,26,35,7,7,1.3014749325284756,40.543994109548535
816,3568,1,0.923,1.3003357442320507e-4,0.29414039242871914,22,28,7,1,27,35,7,7,1.3608559806239602,42.707010169212275
816,3569,1,1,0,0.2928932188134524,22,28,7,1,28,35,7,7,1.4142135623730951,45
816,3642,1,1,0,0.2928932188134524,22,28,7,1,10,22,10,7,1.4142135623730951,45
816,3643,1,1,0,0.2928932188134524,22,28,7,1,11,22,10,7,1.4142135623730951,45
816,3644,1,1,0,0.2928932188134524,22,28,7,1,12,22,10,7,1.4142135623730951,45
816,3645,1,1,0,0.2928932188134524,22,28,7,1,13,22,10,7,1.4142135623730951,45
816,3646,1,1,0,0.2928932188134524,22,28,7,1,14,22,10,7,1.4142135623730951,45
816,3647,1,1,0,0.2928932188134524,22,28,7,1,15,22,10,7,1.4142135623730951,45
816,3648,1,1,1.1102230246251565e-16,0.29289321881345254,22,28,7,1,16,22,10,7,1.4142135623730951,45
816,3649,1,1,0,0.2928932188134524,22,28,7,1,17,22,10,7,1.4142135623730951,45
816,3650,1,1,0,0.2928932188134524,22,28,7,1,18,22,10,7,1.4142135623730951,45
816,3651,1,1,0,0.2928932188134524,22,28,7,1,19,22,10,7,1.4142135623730951,45
816,3652,1,1,0,0.2928932188134524,22,28,7,1,20,22,10,7,1.4142135623730951,45
816,3653,1,1,0,0.2928932188134524,22,28,7,1,21,22,10,7,1.4142135623730951,45
816,3654,1,0.945,2.0436280934177375e-7,0.29289346264582594,22,28,7,1,10,23,10,7,1.3758724504836921,43.38024250274473
816,3655,1,0.942,2.6728670265985244e-7,0.29289354565770065,22,28,7,1,11,23,10,7,1.3738136700440857,43.289306039103366
816,3656,1,0.938,3.5295974520899165e-7,0.29289367015748913,22,28,7,1,12,23,10,7,1.3710740315533658,43.16763304046667
816,3657,1,0.934,4.702412890189578e-7,0.2928938629549156,22,28,7,1,13,23,10,7,1.3683406008739198,43.045473375173806
816,3658,1,0.929,6.317078549145094e-7,0.29289417171664034,22,28,7,1,14,23,10,7,1.3649325990685401,42.8920866639288
816,3659,1,0.923,8.585639184044425e-7,0.2928946840201784,22,28,7,1,15,23,10,7,1.3608559806239602,42.707010169212275
816,3660,1,0.917,1.168752758795577e-6,0.2928955716957361,22,28,7,1,16,23,10,7,1.3567936468011634,42.52082345847564
816,3661,1,0.91,1.5965757353963994e-6,0.2928972183421399,22,28,7,1,17,23,10,7,1.3520724832641184,42.3021943666837
816,3662,1,0.9,2.2070105190064027e-6,0.29290061054574756,22,28,7,1,18,23,10,7,1.3453624047073711,41.98721249581666
816,3663,1,0.889,3.07266671950579e-6,0.29290857387501956,22,28,7,1,19,23,10,7,1.3380287739805896,41.63709543013025
816,3664,1,0.875,4.2834058230356575e-6,0.2929308674467961,22,28,7,1,20,23,10,7,1.3287682265918312,41.18592516570965
816,3665,1,0.857,6.012914109176926e-6,0.29301296037783164,22,28,7,1,21,23,10,7,1.3169848138835922,40.59657583596283
816,3666,1,0.834,8.500470357164502e-6,0.29336159313122667,22,28,7,1,22,23,10,7,1.3021351696348578,39.82810630428432
816,3667,1,0.889,2.7610842882497266e-5,0.2929251903458103,22,28,7,1,10,24,10,7,1.3380287739805896,41.63709543013025
816,3668,1,0.883,3.536268846437984e-5,0.29293460581689734,22,28,7,1,11,24,10,7,1.3340498491435768,41.4445038973404
816,3669,1,0.875,4.576005189838028e-5,0.29294793168915834,22,28,7,1,12,24,10,7,1.3287682265918312,41.18592516570965
816,3670,1,0.867,5.971211364275142e-5,0.2929671341941089,22,28,7,1,13,24,10,7,1.323513883569039,40.92528797789907
816,3671,1,0.857,7.861618675752968e-5,0.292995310235863,22,28,7,1,14,24,10,7,1.3169848138835922,40.59657583596283
816,3672,1,0.846,1.0424029245048594e-4,0.2930375431339407,22,28,7,1,15,24,10,7,1.30985342691463,40.23122105657414
816,3673,1,0.833,1.3916274514602645e-4,0.2931028877872228,22,28,7,1,16,24,10,7,1.3014949097096,39.79429794346564
816,3674,1,0.819,1.8769902340887157e-4,0.2932091070949403,22,28,7,1,17,24,10,7,1.2925792045364184,39.31747620953449
816,3675,1,0.8,2.5630726628067535e-4,0.29339305721021014,22,28,7,1,18,24,10,7,1.2806248474865698,38.659808254090095
816,3676,1,0.778,3.573797235782994e-4,0.2937350193189193,22,28,7,1,19,24,10,7,1.266998026833507,37.88291605856699
816,3677,1,0.75,5.005735860338367e-4,0.2944262421135708,22,28,7,1,20,24,10,7,1.25,36.86989764584402
816,3678,0.999,0.714,6.992399689834672e-4,0.29592001255054357,22,28,7,1,21,24,10,7,1.227923857574239,35.553950378731706
816,3679,0.999,0.667,9.818531493622773e-4,0.29906769754237494,22,28,7,1,22,24,10,7,1.2012035630982785,33.729755198814786
816,3680,0.998,0.834,0.0013270106827057981,0.3030796584657829,22,28,7,1,23,24,10,7,1.30059986160233,39.88453746411934
816,3681,1,0.834,3.7989802655735705e-4,0.2933006225146728,22,28,7,1,10,25,10,7,1.3021351696348578,39.82810630428432
816,3682,1,0.824,4.797141473209532e-4,0.29340385708534233,22,28,7,1,11,25,10,7,1.2957530628943155,39.48852258397938
816,3683,1,0.813,6.077833477980965e-4,0.2935424455024953,22,28,7,1,12,25,10,7,1.2887858627405873,39.111110804715416
816,3684,0.999,0.8,7.721836847017771e-4,0.2937303625340776,22,28,7,1,13,25,10,7,1.2798441311347253,38.687774465176346
816,3685,0.999,0.786,9.829815440938194e-4,0.2939881897953994,22,28,7,1,14,25,10,7,1.2711400394921089,38.19520098498541
816,3686,0.999,0.769,0.0012595315173319355,0.2943481791742084,22,28,7,1,15,25,10,7,1.2606990124530122,37.58798896461457
816,3687,0.999,0.75,0.0016267975661824474,0.2948648991062903,22,28,7,1,16,25,10,7,1.2492001440922107,36.89741723042958
816,3688,0.998,0.728,0.0021134620926831493,0.29563554258865943,22,28,7,1,17,25,10,7,1.2353088682592706,36.10921470001234
816,3689,0.998,0.7,0.0027786850867045354,0.2968357745534539,22,28,7,1,18,25,10,7,1.2190176372801174,35.04592750208645
816,3690,0.997,0.667,0.003658025364882689,0.29878909779334006,22,28,7,1,19,25,10,7,1.1995407454521918,33.78280049855468
816,3691,0.995,0.625,0.0048828800806723915,0.3020893025052632,22,28,7,1,20,25,10,7,1.1750106382497139,32.13460215794979
816,3692,0.993,0.572,0.006653321065030027,0.3076622065643254,22,28,7,1,21,25,10,7,1.1459637865133434,29.94332892253236
816,3693,0.989,0.5,0.009299543434977742,0.3161589904399278,22,28,7,1,22,25,10,7,1.1082062082482664,26.819389124986376
816,3694,0.98,0.667,0.01319646711941147,0.3261759611013354,22,28,7,1,23,25,10,7,1.1854488601369526,34.23968261857017
816,3695,0.96,0.834,0.014821246152536993,0.33116344406201514,22,28,7,1,24,25,10,7,1.27167448665136,40.982478956340714
816,3696,0.998,0.778,0.001880989792195975,0.29488930552272463,22,28,7,1,10,26,10,7,1.2654200883501099,37.93852205534109
816,3697,0.998,0.765,0.002302601922427927,0.29532634579307615,22,28,7,1,11,26,10,7,1.2574692839190944,37.47135820620178
816,3698,0.997,0.75,0.0028300259021248886,0.2958891204458294,22,28,7,1,12,26,10,7,1.2476012984924312,36.952562227091214
816,3699,0.996,0.733,0.0034940539291198336,0.29661959477599,22,28,7,1,13,26,10,7,1.236650718675245,36.35097868688472
816,3700,0.995,0.714,0.0043172478092005084,0.2975790370726056,22,28,7,1,14,26,10,7,1.224671792767352,35.662765673806405
816,3701,0.994,0.692,0.005379062556509773,0.2988628868670934,22,28,7,1,15,26,10,7,1.211156472137271,34.84475052683647
816,3702,0.992,0.667,0.006801576953441302,0.3006276169590746,22,28,7,1,16,26,10,7,1.1953882214577822,33.91605898783147
816,3703,0.99,0.637,0.008795496040759465,0.3031348297214521,22,28,7,1,17,26,10,7,1.1772293744211448,32.75862065840027
816,3704,0.987,0.6,0.01171555676399072,0.30682205660960427,22,28,7,1,18,26,10,7,1.1550623359801842,31.295532393347273
816,3705,0.982,0.556,0.01610169056266808,0.31242176582386194,22,28,7,1,19,26,10,7,1.1284768495631623,29.5181680305652
816,3706,0.976,0.5,0.02243691169158346,0.321109765171289,22,28,7,1,20,26,10,7,1.0966202624427475,27.12584024629924
816,3707,0.965,0.429,0.03166302290889522,0.334481324575165,22,28,7,1,21,26,10,7,1.0560615512364797,23.967997654449015
816,3708,0.948,0.333,0.04535957936596535,0.3536782115152779,22,28,7,1,22,26,10,7,1.0047850516403993,19.35463210645967
816,3709,0.918,0.5,0.0635106978848754,0.37567672825662757,22,28,7,1,23,26,10,7,1.045334396257963,28.575464538533055
816,3710,0.862,0.667,0.08198888460254294,0.3932013021734744,22,28,7,1,24,26,10,7,1.0899233918032956,37.73205571349228
816,3711,0.781,0.834,0.08245098702825304,0.3942233518276399,22,28,7,1,25,26,10,7,1.1425922282249255,46.879620355372744
816,3712,0.992,0.722,0.005538139835181588,0.29926207270623906,22,28,7,1,10,27,10,7,1.2269262406518169,36.047973496696684
816,3713,0.99,0.706,0.006679382632505004,0.300500859690256,22,28,7,1,11,27,10,7,1.2159506568936091,35.49385693664634
816,3714,0.988,0.688,0.00813077201300716,0.30205744084596975,22,28,7,1,12,27,10,7,1.2039468426803568,34.85166609290659
816,3715,0.985,0.667,0.010007449755823905,0.3040333069115716,22,28,7,1,13,27,10,7,1.1895856421460373,34.104182293121426
816,3716,0.982,0.643,0.012483761759196188,0.3065798317816326,22,28,7,1,14,27,10,7,1.1737857555789302,33.21622381993183
816,3717,0.978,0.615,0.015843924721964053,0.3099339551223611,22,28,7,1,15,27,10,7,1.155296065950196,32.16309208453011
816,3718,0.972,0.584,0.02047581265808396,0.31447740261501456,22,28,7,1,16,27,10,7,1.13394885246205,30.998418221440385
816,3719,0.964,0.545,0.026918934932789962,0.3208305847856874,22,28,7,1,17,27,10,7,1.1073937872319854,29.48176408742857
816,3720,0.954,0.5,0.03621210008632969,0.33000154149157057,22,28,7,1,18,27,10,7,1.0770868117287482,27.659438772164748
816,3721,0.94,0.444,0.05024927868396789,0.34360830451705693,22,28,7,1,19,27,10,7,1.039584532397438,25.283259664695187
816,3722,0.92,0.375,0.0718965324625398,0.3640502813969374,22,28,7,1,20,27,10,7,0.9934913185327792,22.176236341492775
816,3723,0.891,0.286,0.10440966759489945,0.3939829426440581,22,28,7,1,21,27,10,7,0.9357761484457702,17.795988923930377
816,3724,0.847,0.167,0.1511212662639032,0.4334097194626283,22,28,7,1,22,27,10,7,0.863306434587395,11.153742639616443
816,3725,0.776,0.334,0.2095052847276182,0.47576675403586965,22,28,7,1,23,27,10,7,0.8448266094294142,23.287642010970572
816,3726,0.668,0.5,0.267915653307647,0.511960233234952,22,28,7,1,24,27,10,7,0.8344003835090202,36.814964029394545
816,3727,0.55,0.667,0.2971786488387357,0.5272740665941288,22,28,7,1,25,27,10,7,0.8645166279488209,50.49142747435632
816,3728,0.483,0.834,0.2258994393064342,0.48598065055533635,22,28,7,1,26,27,10,7,0.9637660504500042,59.92329357412094
816,3729,0.977,0.667,0.012893150473104797,0.3089148668810858,22,28,7,1,10,28,10,7,1.1829699911663019,34.32143742924617
816,3730,0.972,0.647,0.01562991329607366,0.311772114018678,22,28,7,1,11,28,10,7,1.1676442095090438,33.649239186444056
816,3731,0.966,0.625,0.019157910848068727,0.31532265165802675,22,28,7,1,12,28,10,7,1.1505568217172066,32.9027835600022
816,3732,0.96,0.6,0.023736971896372916,0.31979363401241434,22,28,7,1,13,28,10,7,1.1320777358467924,32.005383208083494
816,3733,0.951,0.572,0.02974862473669937,0.32552744772775444,22,28,7,1,14,28,10,7,1.1097679937716711,31.025736179755473
816,3734,0.94,0.539,0.037816713224764764,0.3330561141270213,22,28,7,1,15,28,10,7,1.0835686411113972,29.83014281066349
816,3735,0.926,0.5,0.04909824860780099,0.343218474369812,22,28,7,1,16,28,10,7,1.0523668561865678,28.367130046472838
816,3736,0.907,0.455,0.06546443970103422,0.35733579922796643,22,28,7,1,17,28,10,7,1.0147285351265136,26.640805799545568
816,3737,0.884,0.4,0.08987278851426428,0.3774510376582696,22,28,7,1,18,28,10,7,0.9702865556112792,24.34621386616491
816,3738,0.852,0.333,0.12638545481324015,0.40652788678547847,22,28,7,1,19,28,10,7,0.91476390396648255,21.347798297832465
816,3739,0.809,0.25,0.18036466818689878,0.4480482871835083,22,28,7,1,20,28,10,7,0.84674730587112,17.172377359960052
816,3740,0.75,0.143,0.25344232286662816,0.5037050217851873,22,28,7,1,21,28,10,7,0.7635109691418978,10.794828889288102
816,3741,0.666,0,0.3422717865229803,0.5693541308275869,22,28,7,1,22,28,10,7,0.666,0
816,3742,0.544,0.167,0.4470627452460407,0.6365779383967545,22,28,7,1,23,28,10,7,0.5690562362368065,17.065716196737732
816,3743,0.394,0.333,0.5541540076083493,0.6965936863721797,22,28,7,1,24,28,10,7,0.5158730463980455,40.20374830738059
816,3744,0.299,0.5,0.5984490043220685,0.7162981990619548,22,28,7,1,25,28,10,7,0.5825813247950882,59.12057631770123
816,3745,0.331,0.667,0.49845202336993577,0.6452648611673791,22,28,7,1,26,28,10,7,0.7446139939592863,63.6070077036499
816,3746,0.446,0.834,0.24591857916367776,0.4973215754319721,22,28,7,1,27,28,10,7,0.9457652985809957,61.86336804608776
816,3747,0.946,0.684,0.02614800603073153,0.3262404256593918,22,28,7,1,10,29,10,7,1.1673782591773756,35.868599745758985
816,3748,0.936,0.667,0.03169003940516646,0.3317998729038012,22,28,7,1,11,29,10,7,1.1493411155962359,35.47393213458609
816,3749,0.924,0.647,0.038735504493641715,0.3386706119785182,22,28,7,1,12,29,10,7,1.1280004432623243,35.00034262997853
816,3750,0.91,0.625,0.04790107574256797,0.34729123164493325,22,28,7,1,13,29,10,7,1.1039587854625734,34.48179297817163
816,3751,0.892,0.6,0.060148484989562156,0.35831680628482754,22,28,7,1,14,29,10,7,1.0750181393818432,33.92658126828837
816,3752,0.87,0.572,0.07696275497721161,0.3727412972336781,22,28,7,1,15,29,10,7,1.0411935458885633,33.323770249985905
816,3753,0.842,0.539,0.10069285574496756,0.3920727432136626,22,28,7,1,16,29,10,7,0.9997424668383353,32.62503559454504
816,3754,0.808,0.5,0.13460942068752646,0.41855065322869267,22,28,7,1,17,29,10,7,0.9501915596341614,31.749714313727363
816,3755,0.764,0.454,0.1836744729465679,0.45531092303404075,22,28,7,1,18,29,10,7,0.8887136771761758,30.720510762823462
816,3756,0.708,0.4,0.2530113066544273,0.5061328892030144,22,28,7,1,19,29,10,7,0.8131814065754331,29.46522138476669
816,3757,0.635,0.333,0.34461752942129165,0.5739591694404531,22,28,7,1,20,29,10,7,0.717017433539799,27.672941253976422
816,3758,0.541,0.25,0.457392811637238,0.6580111590106797,22,28,7,1,21,29,10,7,0.5959706368605756,24.80199901266939
816,3759,0.415,0.143,0.5921846180233712,0.7525848393192744,22,28,7,1,22,29,10,7,0.43894646598417897,19.01284054661472
816,3760,0.253,0.286,0.7484758711091859,0.8459463908265784,22,28,7,1,23,29,10,7,0.38184420906961514,48.50353164478446
816,3761,0.136,0.429,0.850351996183917,0.8651019404746219,22,28,7,1,24,29,10,7,0.4500411092333677,72.41053538922938
816,3762,0.249,0.572,0.6777872140284885,0.7297971704154012,22,28,7,1,25,29,10,7,0.6238469363553851,66.47580026870907
816,3763,0.572,0.714,0.3676680871204153,0.5348837293231511,22,28,7,1,26,29,10,7,0.9148661104227218,51.30106865228866
816,3764,0.902,0.857,0.08241943466809798,0.34779814680218657,22,28,7,1,27,29,10,7,1.2442077800753377,43.534537908662756
816,3765,1,1,0,0.2928932188134524,22,28,7,1,28,29,10,7,1.4142135623730951,45
816,3766,0.893,0.7,0.04688353592829686,0.35096971951385514,22,28,7,1,10,30,10,7,1.1346580982833552,38.091995305346025
816,3767,0.875,0.684,0.056598618880951745,0.3600474339989749,22,28,7,1,11,30,10,7,1.110621897857232,38.015247855210674
816,3768,0.854,0.667,0.06908934320169802,0.37119525776255524,22,28,7,1,12,30,10,7,1.0836074012297996,37.990919914382765
816,3769,0.829,0.647,0.08544363898576879,0.3850901259437739,22,28,7,1,13,30,10,7,1.051594028130628,37.970556172154076
816,3770,0.799,0.625,0.1073046846838277,0.40271278024214885,22,28,7,1,14,30,10,7,1.0144091876555534,38.03350520273004
816,3771,0.762,0.6,0.13695581573460913,0.42548096389734336,22,28,7,1,15,30,10,7,0.9698680322600596,38.216951144798855
816,3772,0.718,0.572,0.17770938060728025,0.4553920172052255,22,28,7,1,16,30,10,7,0.9179912853616857,38.54283846862262
816,3773,0.665,0.539,0.23411092008608492,0.495078923305345,22,28,7,1,17,30,10,7,0.8560058411015664,39.025676713519374
816,3774,0.6,0.5,0.3104950551583028,0.5475148759869904,22,28,7,1,18,30,10,7,0.7810249675906654,39.8055710922652
816,3775,0.521,0.455,0.408666414140721,0.614826876919746,22,28,7,1,19,30,10,7,0.6917123679680739,41.13138003645224
816,3776,0.427,0.4,0.5265220733677501,0.6956263789176675,22,28,7,1,20,30,10,7,0.5850888821367228,43.130064384639226
816,3777,0.317,0.333,0.658753570659483,0.7803617265234415,22,28,7,1,21,30,10,7,0.459758632327877,46.41007289976608
816,3778,0.195,0.25,0.7972007871803909,0.8380270377123098,22,28,7,1,22,30,10,7,0.3170567772497538,52.04576912486749
816,3779,0.113,0.375,0.8440949167447992,0.8049408573910023,22,28,7,1,23,30,10,7,0.3916554608326048,73.2306949308921
816,3780,0.326,0.5,0.6495826458662752,0.685231978341873,22,28,7,1,24,30,10,7,0.596888599321515,56.895649592920066
816,3781,0.598,0.625,0.3827757824142224,0.5319129982256621,22,28,7,1,25,30,10,7,0.8650023121356382,46.26470547258515
816,3782,0.85,0.75,0.14211245198285405,0.38885819418061995,22,28,7,1,26,30,10,7,1.1335784048754634,41.423665625002656
816,3783,0.99,0.875,0.010724730761721868,0.3040575446875937,22,28,7,1,27,30,10,7,1.3212588694120468,41.47148382414328
816,3784,1,1,0,0.2928932188134524,22,28,7,1,28,30,10,7,1.4142135623730951,45
816,3786,0.816,0.714,0.07576245690324546,0.3803649172237714,22,28,7,1,10,31,10,7,1.0842748728989342,41.18592516570965
816,3787,0.789,0.7,0.09110671096959966,0.39313285491039307,22,28,7,1,11,31,10,7,1.0547611103941974,41.579405870734895
816,3788,0.758,0.684,0.11069305537702412,0.4086581801120144,22,28,7,1,12,31,10,7,1.0209897159129468,42.06229428388462
816,3789,0.721,0.667,0.13606063796992018,0.42777101838553666,22,28,7,1,13,31,10,7,0.9822066992237428,42.77203709880855
816,3790,0.679,0.647,0.1691861803959338,0.4516016816805998,22,28,7,1,14,31,10,7,0.9378965827851171,43.617564751877
816,3791,0.629,0.625,0.2127952748622387,0.48163191493135726,22,28,7,1,15,31,10,7,0.8867164146445018,44.81723896271024
816,3792,0.573,0.6,0.2702811259981861,0.5196277044065427,22,28,7,1,16,31,10,7,0.8296559527900706,46.318595842828564
816,3793,0.508,0.572,0.34434446163814714,0.567225540033797,22,28,7,1,17,31,10,7,0.7650150325320412,48.39133941979635
816,3794,0.436,0.539,0.4352745541788726,0.6247225382940671,22,28,7,1,18,31,10,7,0.693265461421525,51.0304180784662
816,3795,0.359,0.5,0.5384626634963279,0.6883548872456455,22,28,7,1,19,31,10,7,0.6155331022780173,54.321652965892106
816,3796,0.282,0.455,0.6431272734586901,0.7452630637127264,22,28,7,1,20,31,10,7,0.535302718095098,58.21018405412417
816,3797,0.215,0.4,0.7293936376525292,0.7685330523249357,22,28,7,1,21,31,10,7,0.4541200281863816,61.741970385293115
816,3798,0.172,0.333,0.7197129008625323,0.7329394836223087,22,28,7,1,22,31,10,7,0.37479727853867884,62.68289944366509
816,3799,0.344,0.444,0.5588620461647953,0.6464711585783722,22,28,7,1,23,31,10,7,0.5616689416373314,52.23237870827766
816,3800,0.586,0.556,0.3619883753145501,0.5339779722387404,22,28,7,1,24,31,10,7,0.8077945283300699,43.49520301889153
816,3801,0.805,0.667,0.17384724001673657,0.421000187616138,22,28,7,1,25,31,10,7,1.045425272317443,39.644174957144806
816,3802,0.954,0.778,0.04336636432375229,0.33438471129709346,22,28,7,1,26,31,10,7,1.231015840677934,39.19771273488518
816,3803,0.999,0.889,0.0011210174091452751,0.29604292177625,22,28,7,1,27,31,10,7,1.3372815709490653,41.66556206288983
816,3804,1,1,0,0.2928932188134524,22,28,7,1,28,31,10,7,1.4142135623730951,45
816,3807,0.722,0.727,0.11159721819172486,0.4112921688813024,22,28,7,1,10,32,10,7,1.0246038258761285,45.197707219141805
816,3808,0.687,0.714,0.13309674004203165,0.4272963908482581,22,28,7,1,11,32,10,7,0.9908405522585357,46.10406464562587
816,3809,0.648,0.7,0.16004334397549413,0.44646148430293575,22,28,7,1,12,32,10,7,0.9538888824176535,47.20912759530028
816,3810,0.604,0.684,0.19396481594476345,0.46957695255810583,22,28,7,1,13,32,10,7,0.9125086300961762,48.55417823553209
816,3811,0.555,0.667,0.23674118731928995,0.49757763886798323,22,28,7,1,14,32,10,7,0.8677061714658943,50.23670112930562
816,3812,0.502,0.647,0.2904493712653574,0.5313994897946284,22,28,7,1,15,32,10,7,0.8189096409250535,52.19251696827199
816,3813,0.446,0.625,0.35616373784440647,0.57153353893196,22,28,7,1,16,32,10,7,0.7678157331026761,54.48834602736236
816,3814,0.389,0.6,0.43276695508931284,0.6169676127188233,22,28,7,1,17,32,10,7,0.7150671297158051,57.043313957078354
816,3815,0.334,0.571,0.5145984670565904,0.6631594808089565,22,28,7,1,18,32,10,7,0.661511148810056,59.674982502014075
816,3816,0.287,0.539,0.5898803733549037,0.6993750921915607,22,28,7,1,19,32,10,7,0.6106471976518029,61.966148108536196
816,3817,0.254,0.5,0.6385707915196733,0.7091114126951468,22,28,7,1,20,32,10,7,0.560817260790001,63.06943046734729
816,3818,0.233,0.454,0.6211635298860498,0.6806037035757224,22,28,7,1,21,32,10,7,0.5102989319996662,62.832386153263236
816,3819,0.339,0.4,0.49413669483783806,0.6177456693067267,22,28,7,1,22,32,10,7,0.5243290951301482,49.71872396484131
816,3820,0.561,0.5,0.33937134501779165,0.5338424832411803,22,28,7,1,23,32,10,7,0.7514792079625358,41.709519992015146
816,3821,0.761,0.6,0.18929891343110694,0.44396223189519013,22,28,7,1,24,32,10,7,0.969082555822774,38.25352750548875
816,3822,0.911,0.7,0.07267741905990832,0.3646575140183963,22,28,7,1,25,32,10,7,1.1488781484561363,37.53818510098475
816,3823,0.986,0.8,0.011975902679869588,0.3122879312631288,22,28,7,1,26,32,10,7,1.269722804394723,39.05445928855698
816,3824,1,0.9,1.3952091821523016e-4,0.2939623972888046,22,28,7,1,27,32,10,7,1.3453624047073711,41.98721249581666
816,3825,1,1,0,0.2928932188134524,22,28,7,1,28,32,10,7,1.4142135623730951,45
816,3829,0.624,0.739,0.1511112707761827,0.44103152225869857,22,28,7,1,10,33,10,7,0.9672109387305337,49.822777620897774
816,3830,0.585,0.727,0.17795730470860893,0.4593012144266897,22,28,7,1,11,33,10,7,0.9331420041987177,51.177174905164975
816,3831,0.544,0.715,0.2106133148584709,0.48067767814769324,22,28,7,1,12,33,10,7,0.8984213933338854,52.73470142618454
816,3832,0.5,0.7,0.2501760795433837,0.5056489978094021,22,28,7,1,13,33,10,7,0.8602325267042626,54.46232220802562
816,3833,0.455,0.684,0.297645539734128,0.5345426704887202,22,28,7,1,14,33,10,7,0.8215114119718606,56.367963290956055
816,3834,0.41,0.667,0.3530310771742926,0.5671416921878538,22,28,7,1,15,33,10,7,0.7829361404354764,58.42126309959623
816,3835,0.368,0.647,0.41439999806211447,0.6019222460956948,22,28,7,1,16,33,10,7,0.7443339304371392,60.36969101396134
816,3836,0.333,0.625,0.4764028678761115,0.6348536094703273,22,28,7,1,17,33,10,7,0.7081765316642454,61.951308967552144
816,3837,0.306,0.6,0.5289274093791188,0.6583535498746346,22,28,7,1,18,33,10,7,0.6735250552132415,62.97841840882297
816,3838,0.289,0.572,0.556365382370231,0.6625289301487483,22,28,7,1,19,33,10,7,0.6408626998039438,63.1950516364746
816,3839,0.278,0.539,0.536578158292879,0.6406292402716549,22,28,7,1,20,33,10,7,0.6064692902365296,62.71667653224438
816,3840,0.334,0.5,0.44692091592861316,0.5939851888422929,22,28,7,1,21,33,10,7,0.601295268566118,56.2570766038544
816,3841,0.531,0.455,0.3193282132590112,0.5300435605760001,22,28,7,1,22,33,10,7,0.699275339190508,40.59240744490309
816,3842,0.719,0.545,0.19591918373631845,0.45828295846293354,22,28,7,1,23,33,10,7,0.9022117268136123,37.1620261117464
816,3843,0.868,0.637,0.09401560359105021,0.38921602087066776,22,28,7,1,24,33,10,7,1.0766582559011006,36.27386422370128
816,3844,0.961,0.728,0.028701553824176496,0.3342211464999506,22,28,7,1,25,33,10,7,1.2056139514786646,37.145538785063124
816,3845,0.996,0.819,0.003257270517964317,0.30247912728028503,22,28,7,1,26,33,10,7,1.2894871073415197,39.43009027476639
816,3846,1,0.91,2.2305296003222175e-5,0.293313289823809,22,28,7,1,27,33,10,7,1.3520724832641184,42.3021943666837
816,3847,1,1,1.1102230246251565e-16,0.29289321881345254,22,28,7,1,28,33,10,7,1.4142135623730951,45
816,3852,0.537,0.75,0.18998908296396433,0.4674125643622329,22,28,7,1,10,34,10,7,0.9224256067564474,54.39733647462998
816,3853,0.5,0.739,0.2201320719289217,0.4865921581195487,22,28,7,1,11,34,10,7,0.8922561291467825,55.91811167836447
816,3854,0.462,0.727,0.25538420138333695,0.5082762260167393,22,28,7,1,12,34,10,7,0.8613785462849652,57.56451872372338
816,3855,0.426,0.714,0.2959745444511681,0.5324154089164694,22,28,7,1,13,34,10,7,0.8314276877756718,59.1780644147069
816,3856,0.393,0.7,0.34134583636571214,0.5584510443000807,22,28,7,1,14,34,10,7,0.8027758093017003,60.688901081772606
816,3857,0.364,0.684,0.389373076403459,0.5848306804890948,22,28,7,1,15,34,10,7,0.7748238509493626,61.979710844586116
816,3858,0.342,0.667,0.43542574392356215,0.6083785131970869,22,28,7,1,16,34,10,7,0.7495685425629868,62.85380631119272
816,3859,0.326,0.647,0.47175920168510765,0.6239573591240337,22,28,7,1,17,34,10,7,0.7244894754239015,63.25811055878258
816,3860,0.315,0.625,0.48722819105792614,0.6254286331956072,22,28,7,1,18,34,10,7,0.6998928489418934,63.25189583707854
816,3861,0.312,0.6,0.46854610048812784,0.6084571975504866,22,28,7,1,19,34,10,7,0.6762721345730578,62.52556837372287
816,3862,0.354,0.572,0.40437285259979217,0.5731288072619154,22,28,7,1,20,34,10,7,0.6726812023536854,58.24741720412862
816,3863,0.498,0.539,0.30249528914907264,0.5236067633026088,22,28,7,1,21,34,10,7,0.7338426261808454,47.264131212429454
816,3864,0.677,0.5,0.1981285024856534,0.46602486015219413,22,28,7,1,22,34,10,7,0.8416228371426241,36.44781184875369
816,3865,0.824,0.584,0.10910263275995236,0.40736790462968475,22,28,7,1,23,34,10,7,1.0099663360726434,35.3266445675965
816,3866,0.928,0.667,0.04522262272565947,0.3553326718172197,22,28,7,1,24,34,10,7,1.1428355087238058,35.706691400602885
816,3867,0.982,0.75,0.011240969034458481,0.3174585733133397,22,28,7,1,25,34,10,7,1.2356471988395392,37.37068969901024
816,3868,0.999,0.833,9.624675455983667e-4,0.297957354860949,22,28,7,1,26,34,10,7,1.3007267199531192,39.822490802231016
816,3869,1,0.917,4.6366981303336274e-6,0.2930825225849353,22,28,7,1,27,34,10,7,1.3567936468011634,42.52082345847564
816,3870,1,1,1.1102230246251565e-16,0.29289321881345254,22,28,7,1,28,34,10,7,1.4142135623730951,45
816,3876,0.469,0.76,0.22408642882921204,0.4888137414863427,22,28,7,1,10,35,10,7,0.8930627077646899,58.32104618781835
816,3877,0.439,0.75,0.2547560661287622,0.5073465909882432,22,28,7,1,11,35,10,7,0.869034521753883,59.65813889320318
816,3878,0.411,0.739,0.28881086730341266,0.5272837713752587,22,28,7,1,12,35,10,7,0.8456015610203188,60.91907117063045
816,3879,0.387,0.727,0.32542823369435436,0.5479532504171686,22,28,7,1,13,35,10,7,0.8235884894776031,61.97252795200987
816,3880,0.368,0.714,0.3625994742729187,0.5679758747891174,22,28,7,1,14,35,10,7,0.8032558745505692,62.733142526108686
816,3881,0.354,0.7,0.3965973088207264,0.5849574629023904,22,28,7,1,15,35,10,7,0.7844208054354499,63.17362438864726
816,3882,0.344,0.684,0.4216380943312005,0.5954162647790746,22,28,7,1,16,35,10,7,0.7656317652762326,63.30108042279502
816,3883,0.337,0.667,0.4300593902006815,0.5954003512114044,22,28,7,1,17,35,10,7,0.747300475043339,63.194932000338255
816,3884,0.339,0.647,0.41334891072990254,0.5819719854740828,22,28,7,1,18,35,10,7,0.7304313793916579,62.34740696713933
816,3885,0.374,0.625,0.36509190256396884,0.554698270666099,22,28,7,1,19,35,10,7,0.7283549958639675,59.103697851069526
816,3886,0.475,0.6,0.2873733090393109,0.5158457959949637,22,28,7,1,20,35,10,7,0.7652613932506983,51.63251461513847
816,3887,0.635,0.572,0.19871513595897627,0.4693834838751295,22,28,7,1,21,35,10,7,0.8546396901618832,42.012128035867754
816,3888,0.782,0.539,0.12013192945685602,0.42007799996451645,22,28,7,1,22,35,10,7,0.9497604961252074,34.57687646911135
816,3889,0.892,0.615,0.059802687958538825,0.373214027216878,22,28,7,1,23,35,10,7,1.0834615821523161,34.58478295244584
816,3890,0.961,0.692,0.021789741400530027,0.33433151935694316,22,28,7,1,24,35,10,7,1.1842233741993102,35.757028384310146
816,3891,0.992,0.769,0.0045734925376078595,0.30808711099517094,22,28,7,1,25,35,10,7,1.255159352432989,37.78290051265945
816,3892,0.999,0.846,3.178379335266879e-4,0.2957523730450944,22,28,7,1,26,35,10,7,1.3090901420452299,40.25948942610883
816,3893,1,0.923,1.1817300735739167e-6,0.2929879939335629,22,28,7,1,27,35,10,7,1.3608559806239602,42.707010169212275
816,3894,1,1,0,0.2928932188134524,22,28,7,1,28,35,10,7,1.4142135623730951,45
816,3967,1,1,0,0.29289321881345254,22,28,7,1,10,22,1,10,1.4142135623730951,45
816,3968,1,1,0,0.2928932188134524,22,28,7,1,11,22,1,10,1.4142135623730951,45
816,3969,1,1,0,0.2928932188134524,22,28,7,1,12,22,1,10,1.4142135623730951,45
816,3970,1,1,0,0.2928932188134524,22,28,7,1,13,22,1,10,1.4142135623730951,45
816,3971,1,1,0,0.2928932188134524,22,28,7,1,14,22,1,10,1.4142135623730951,45
816,3972,1,1,0,0.2928932188134524,22,28,7,1,15,22,1,10,1.4142135623730951,45
816,3973,1,1,0,0.2928932188134524,22,28,7,1,16,22,1,10,1.4142135623730951,45
816,3974,1,1,0,0.2928932188134524,22,28,7,1,17,22,1,10,1.4142135623730951,45
816,3975,1,1,0,0.2928932188134524,22,28,7,1,18,22,1,10,1.4142135623730951,45
816,3976,1,1,0,0.2928932188134524,22,28,7,1,19,22,1,10,1.4142135623730951,45
816,3977,1,1,0,0.2928932188134524,22,28,7,1,20,22,1,10,1.4142135623730951,45
816,3978,1,1,0,0.2928932188134524,22,28,7,1,21,22,1,10,1.4142135623730951,45
816,3979,1,0.945,6.225020499073253e-12,0.2928932188876292,22,28,7,1,10,23,1,10,1.3758724504836921,43.38024250274473
816,3980,1,0.942,1.0462630761765013e-11,0.2928932189153556,22,28,7,1,11,23,1,10,1.3738136700440857,43.289306039103366
816,3981,1,0.938,1.9477752744023746e-11,0.2928932189630451,22,28,7,1,12,23,1,10,1.3710740315533658,43.16763304046667
816,3982,1,0.934,3.869815579093938e-11,0.29289321904404053,22,28,7,1,13,23,1,10,1.3683406008739198,43.045473375173806
816,3983,1,0.929,8.006573182228749e-11,0.2928932191820298,22,28,7,1,14,23,1,10,1.3649325990685401,42.8920866639288
816,3984,1,0.923,1.8951473723660683e-10,0.29289321946791425,22,28,7,1,15,23,1,10,1.3608559806239602,42.707010169212275
816,3985,1,0.917,4.974209932839813e-10,0.2928932201046732,22,28,7,1,16,23,1,10,1.3567936468011634,42.52082345847564
816,3986,1,0.91,1.4949778082140597e-9,0.29289322174433496,22,28,7,1,17,23,1,10,1.3520724832641184,42.3021943666837
816,3987,1,0.9,5.3758358875555246e-09,0.2928932269471213,22,28,7,1,18,23,1,10,1.3453624047073711,41.98721249581666
816,3988,1,0.889,2.1129682337139855e-8,0.2928932463388949,22,28,7,1,19,23,1,10,1.3380287739805896,41.63709543013025
816,3989,1,0.875,8.810001117520727e-8,0.2928933400402406,22,28,7,1,20,23,1,10,1.3287682265918312,41.18592516570965
816,3990,1,0.857,4.2073172346057675e-7,0.29289423291179784,22,28,7,1,21,23,1,10,1.3169848138835922,40.59657583596283
816,3991,1,0.834,2.286698176812152e-6,0.2929272525121126,22,28,7,1,22,23,1,10,1.3021351696348578,39.82810630428432
816,3992,1,0.889,4.087642002659209e-9,0.29289324882267553,22,28,7,1,10,24,1,10,1.3380287739805896,41.63709543013025
816,3993,1,0.883,6.4951563016890645e-9,0.2928932588355433,22,28,7,1,11,24,1,10,1.3340498491435768,41.4445038973404
816,3994,1,0.875,1.1220124385147301e-8,0.2928932753128738,22,28,7,1,12,24,1,10,1.3287682265918312,41.18592516570965
816,3995,1,0.867,2.0387277310796037e-8,0.29289330185669993,22,28,7,1,13,24,1,10,1.323513883569039,40.92528797789907
816,3996,1,0.857,3.822541660980505e-8,0.2928933449123903,22,28,7,1,14,24,1,10,1.3169848138835922,40.59657583596283
816,3997,1,0.846,8.030082532251015e-8,0.29289342818334785,22,28,7,1,15,24,1,10,1.30985342691463,40.23122105657414
816,3998,1,0.833,1.8361990228310532e-7,0.2928935981402623,22,28,7,1,16,24,1,10,1.3014949097096,39.79429794346564
816,3999,1,0.819,4.6352303961771923e-7,0.29289398775951514,22,28,7,1,17,24,1,10,1.2925792045364184,39.31747620953449
816,4000,1,0.8,1.311646005253131e-6,0.2928950336545474,22,28,7,1,18,24,1,10,1.2806248474865698,38.659808254090095
816,4001,1,0.778,3.7972297877164607e-6,0.29289801349217615,22,28,7,1,19,24,1,10,1.266998026833507,37.88291605856699
816,4002,1,0.75,1.107185030146951e-5,0.2929079312369238,22,28,7,1,20,24,1,10,1.25,36.86989764584402
816,4003,1,0.714,3.635695422943286e-5,0.292956189932118,22,28,7,1,21,24,1,10,1.2287375635179385,35.52683658500573
816,4004,1,0.667,1.3392460966354935e-4,0.29336249828230265,22,28,7,1,22,24,1,10,1.202035357217083,33.70328759485296
816,4005,0.999,0.834,5.277205768832172e-4,0.29687002614595703,22,28,7,1,23,24,1,10,1.3013673578202274,39.85630524032165
816,4006,1,0.834,1.3854160207937838e-7,0.29289399126062643,22,28,7,1,10,25,1,10,1.3021351696348578,39.82810630428432
816,4007,1,0.824,2.0914503007229968e-7,0.29289422324192127,22,28,7,1,11,25,1,10,1.2957530628943155,39.48852258397938
816,4008,1,0.813,3.3737408566825167e-7,0.2928945909899119,22,28,7,1,12,25,1,10,1.2887858627405873,39.111110804715416
816,4009,1,0.8,5.683583319537888e-7,0.2928951587919212,22,28,7,1,13,25,1,10,1.2806248474865698,38.659808254090095
816,4010,1,0.786,9.86073365849549e-7,0.29289604496412425,22,28,7,1,14,25,1,10,1.2719260984821406,38.1673468344621
816,4011,1,0.769,1.8764965840079029e-6,0.29289766739452217,22,28,7,1,15,25,1,10,1.2614915774590014,37.560284279318815
816,4012,1,0.75,3.8462429963193046e-6,0.29290076098338347,22,28,7,1,16,25,1,10,1.25,36.86989764584402
816,4013,1,0.728,8.542951694501255e-6,0.2929072463743949,22,28,7,1,17,25,1,10,1.2369252200517216,36.05461816646104
816,4014,1,0.7,2.0872853858877605e-5,0.29292254562448494,22,28,7,1,18,25,1,10,1.2206555615733703,34.99202019855866
816,4015,1,0.667,5.125717578968736e-5,0.2929585666813248,22,28,7,1,19,25,1,10,1.202035357217083,33.70328759485296
816,4016,1,0.625,1.2830745775260777e-4,0.2930532110845361,22,28,7,1,20,25,1,10,1.1792476415070754,32.005383208083494
816,4017,1,0.572,3.501240488776869e-4,0.2933728677172073,22,28,7,1,21,25,1,10,1.15203472169896,29.7695564803922
816,4018,0.999,0.5,0.0010157986562047139,0.2948587472498695,22,28,7,1,22,25,1,10,1.1171396510732219,26.587987836986883
816,4019,0.996,0.667,0.0030380317651177435,0.3022325690135391,22,28,7,1,23,25,1,10,1.198709722993853,33.80937832428409
816,4020,0.98,0.834,0.00678350926464677,0.3144442786018089,22,28,7,1,24,25,1,10,1.2868395393365872,40.39846147854908
816,4021,1,0.778,1.3618865282172266e-6,0.2928996305834145,22,28,7,1,10,26,1,10,1.266998026833507,37.88291605856699
816,4022,1,0.765,1.9728392235407455e-6,0.2929013761100693,22,28,7,1,11,26,1,10,1.2590571869458511,37.41598861857788
816,4023,1,0.75,3.0351207263024094e-6,0.2929040567133976,22,28,7,1,12,26,1,10,1.25,36.86989764584402
816,4024,1,0.733,4.83250525440404e-6,0.29290805531743125,22,28,7,1,13,26,1,10,1.2398745904324355,36.24141615772501
816,4025,1,0.714,7.921453376136256e-6,0.2929141053255696,22,28,7,1,14,26,1,10,1.2287375635179385,35.52683658500573
816,4026,1,0.692,1.4073517693002913e-5,0.2929246958448166,22,28,7,1,15,26,1,10,1.216085523308291,34.68323429289684
816,4027,1,0.667,2.687253501720832e-5,0.29294380921929397,22,28,7,1,16,26,1,10,1.202035357217083,33.70328759485296
816,4028,1,0.637,5.522043727557158e-5,0.2929810861144222,22,28,7,1,17,26,1,10,1.1856512978106168,32.49713642883802
816,4029,1,0.6,1.2230255667999845e-4,0.2930603063027609,22,28,7,1,18,26,1,10,1.16619037896906,30.96375653207352
816,4030,1,0.556,2.686210631311914e-4,0.29322209802587995,22,28,7,1,19,26,1,10,1.1441748118185437,29.074059371508735
816,4031,1,0.5,5.917818535055019e-4,0.29358335573429817,22,28,7,1,20,26,1,10,1.118033988749895,26.56505117707799
816,4032,0.999,0.429,0.001346886026236671,0.29455656868597624,22,28,7,1,21,26,1,10,1.0872175495272325,23.24010918718762
816,4033,0.997,0.333,0.0032649089462325476,0.29785066271064675,22,28,7,1,22,26,1,10,1.051141284509366,18.46942281365542
816,4034,0.989,0.5,0.008333381371587012,0.3096055272762732,22,28,7,1,23,26,1,10,1.1082062082482664,26.819389124986376
816,4035,0.961,0.667,0.022468326769860214,0.3327221826848621,22,28,7,1,24,26,1,10,1.1697905795483223,34.763303755868506
816,4036,0.874,0.834,0.04055599815653632,0.35635460470338864,22,28,7,1,25,26,1,10,1.2080695344225845,43.658423696453625
816,4037,1,0.722,7.029146217640836e-6,0.2929228476167417,22,28,7,1,10,27,1,10,1.2334034214319336,35.82928433102471
816,4038,1,0.706,9.853686554484042e-6,0.29293021025514876,22,28,7,1,11,27,1,10,1.2241062045427267,35.222091694589956
816,4039,1,0.688,1.4551642369298179e-5,0.2929412160851982,22,28,7,1,12,27,1,10,1.2138138242745466,34.52797165613836
816,4040,1,0.667,2.222508766014375e-5,0.29295717792402665,22,28,7,1,13,27,1,10,1.202035357217083,33.70328759485296
816,4041,1,0.643,3.500869472750079e-5,0.29298072614907367,22,28,7,1,14,27,1,10,1.1888856126642293,32.741017526902965
816,4042,1,0.615,5.937016071688728e-5,0.2930204368606464,22,28,7,1,15,27,1,10,1.1739782791857778,31.591515701040688
816,4043,1,0.584,1.0704053964738502e-4,0.2930889201293433,22,28,7,1,16,27,1,10,1.1580397229801749,30.284928349402225
816,4044,1,0.545,2.0606446713111737e-4,0.29321470749745093,22,28,7,1,17,27,1,10,1.1388700540447976,28.590384060790605
816,4045,1,0.5,4.189543021100306e-4,0.2934600323424871,22,28,7,1,18,27,1,10,1.118033988749895,26.56505117707799
816,4046,0.999,0.444,8.261539178686661e-4,0.29390972100576906,22,28,7,1,19,27,1,10,1.0932232159993678,23.962488974578186
816,4047,0.998,0.375,0.0016117054615635285,0.2948043323630849,22,28,7,1,20,27,1,10,1.06612804109075,20.593785325781784
816,4048,0.996,0.286,0.0032771857189587417,0.29688356259393334,22,28,7,1,21,27,1,10,1.0362490048246127,16.021344662793172
816,4049,0.991,0.167,0.007121628532317903,0.3027147384314427,22,28,7,1,22,27,1,10,1.0049726364434008,9.565422632431304
816,4050,0.977,0.334,0.018261076965526035,0.3200514706495087,22,28,7,1,23,27,1,10,1.0325139224242934,18.87365219059477
816,4051,0.934,0.5,0.04813742937355925,0.35669422388625793,22,28,7,1,24,27,1,10,1.0594130450395636,28.161564144837747
816,4052,0.821,0.667,0.10530412623667962,0.4070559720127459,22,28,7,1,25,27,1,10,1.0577948761456542,39.091231483126236
816,4053,0.622,0.834,0.14281165483758684,0.43560570503695717,22,28,7,1,26,27,1,10,1.0404037677748001,53.28430054265461
816,4054,1,0.667,2.446908091235933e-5,0.29299107734781293,22,28,7,1,10,28,1,10,1.202035357217083,33.70328759485296
816,4055,1,0.647,3.3466147987937234e-5,0.2930134212048635,22,28,7,1,11,28,1,10,1.191053735143801,32.902867180587094
816,4056,1,0.625,4.7992883050906876e-5,0.29304606289337565,22,28,7,1,12,28,1,10,1.1792476415070754,32.005383208083494
816,4057,1,0.6,7.084812336166646e-5,0.2930923223685278,22,28,7,1,13,28,1,10,1.16619037896906,30.96375653207352
816,4058,1,0.572,1.0762701180255796e-4,0.293159159789364,22,28,7,1,14,28,1,10,1.15203472169896,29.7695564803922
816,4059,1,0.539,1.7512796897478644e-4,0.2932683710436941,22,28,7,1,15,28,1,10,1.1360110034678361,28.324667435553074
816,4060,1,0.5,3.008796869937713e-4,0.293449633054669,22,28,7,1,16,28,1,10,1.118033988749895,26.56505117707799
816,4061,0.999,0.455,5.442097259429346e-4,0.29376611510421047,22,28,7,1,17,28,1,10,1.0977367626166121,24.4871512284394
816,4062,0.999,0.4,0.0010180485107962323,0.29434098263115815,22,28,7,1,18,28,1,10,1.0761045488241372,21.821183697650596
816,4063,0.998,0.333,0.001836948096539448,0.2953111412060977,22,28,7,1,19,28,1,10,1.0520898250624802,18.4521702770211
816,4064,0.996,0.25,0.0033219761871577935,0.2970879744717496,22,28,7,1,20,28,1,10,1.0268962946666036,14.090372671957846
816,4065,0.992,0.143,0.0062519692999540855,0.3008292496206537,22,28,7,1,21,28,1,10,1.0022539598325366,8.202863993553624
816,4066,0.982,0,0.013345093871057423,0.3101608850452269,22,28,7,1,22,28,1,10,0.982,0
816,4067,0.959,0.167,0.03272218315134234,0.3351429557717094,22,28,7,1,23,28,1,10,0.9734320726172936,9.878413275007038
816,4068,0.9,0.333,0.08539806881603695,0.38906510783420345,22,28,7,1,24,28,1,10,0.9596296160498592,20.304473709960437
816,4069,0.762,0.5,0.18669096114907613,0.4662408553856501,22,28,7,1,25,28,1,10,0.9113967302991601,33.27160305309256
816,4070,0.544,0.667,0.28181152367222273,0.5283769825943261,22,28,7,1,26,28,1,10,0.8607119146381094,50.79958348617704
816,4071,0.438,0.834,0.24223678836293316,0.49617966829935556,22,28,7,1,27,28,1,10,0.9420191080864548,62.29244939987769
816,4072,1,0.684,6.58242898645689e-5,0.2931516293314249,22,28,7,1,10,29,1,10,1.2115510719734435,34.37212791915244
816,4073,1,0.667,8.795347921741747e-5,0.2932061588480597,22,28,7,1,11,29,1,10,1.202035357217083,33.70328759485296
816,4074,1,0.647,1.2266148367812146e-4,0.29328426604904567,22,28,7,1,12,29,1,10,1.191053735143801,32.902867180587094
816,4075,1,0.625,1.7593214819577874e-4,0.29339285069239174,22,28,7,1,13,29,1,10,1.1792476415070754,32.005383208083494
816,4076,1,0.6,2.5943087917568164e-4,0.293547003569925,22,28,7,1,14,29,1,10,1.16619037896906,30.96375653207352
816,4077,1,0.572,4.064541743208361e-4,0.2937921376326612,22,28,7,1,15,29,1,10,1.15203472169896,29.7695564803922
816,4078,0.999,0.539,6.670227311529331e-4,0.2941858232259843,22,28,7,1,16,29,1,10,1.1351308294641635,28.348616191222078
816,4079,0.999,0.5,0.0011381648707644576,0.29484397307018606,22,28,7,1,17,29,1,10,1.1171396510732219,26.587987836986883
816,4080,0.998,0.454,0.001991640844600906,0.29597072071042774,22,28,7,1,18,29,1,10,1.096412331196617,24.46125423022692
816,4081,0.996,0.4,0.00338982734204496,0.2977551486075588,22,28,7,1,19,29,1,10,1.073320082733944,21.880711552685682
816,4082,0.992,0.333,0.005798903178926174,0.3008331767389494,22,28,7,1,20,29,1,10,1.0464000191131495,18.556154582461648
816,4083,0.985,0.25,0.010604307365472243,0.306888846548272,22,28,7,1,21,29,1,10,1.0162307808760764,14.241358747447775
816,4084,0.969,0.143,0.022268790614102474,0.320868838138353,22,28,7,1,22,29,1,10,0.9794947677246673,8.394822524285413
816,4085,0.935,0.286,0.05262768117702965,0.3557753214067292,22,28,7,1,23,29,1,10,0.9777632637811671,17.007946955407323
816,4086,0.858,0.429,0.13328430922027512,0.42969395258404164,22,28,7,1,24,29,1,10,0.9592731623474098,26.56505117707799
816,4087,0.698,0.572,0.27114761840681423,0.5322035087275967,22,28,7,1,25,29,1,10,0.9024344851566788,39.334078442029
816,4088,0.465,0.714,0.4200037503321217,0.6226307497381065,22,28,7,1,26,29,1,10,0.8520686592053482,56.92539080771568
816,4089,0.375,0.857,0.4064088371724456,0.5728226347841201,22,28,7,1,27,29,1,10,0.9354539005210252,66.36711515179152
816,4090,1,1,0,0.2928932188134524,22,28,7,1,28,29,1,10,1.4142135623730951,45
816,4091,1,0.7,1.4693346182215183e-4,0.29346768644417554,22,28,7,1,10,30,1,10,1.2206555615733703,34.99202019855866
816,4092,1,0.684,1.9248277877692566e-4,0.29358026269596815,22,28,7,1,11,30,1,10,1.2115510719734435,34.37212791915244
816,4093,1,0.667,2.622972483165009e-4,0.293738785498205,22,28,7,1,12,30,1,10,1.202035357217083,33.70328759485296
816,4094,1,0.647,3.6653062924485447e-4,0.2939556021528772,22,28,7,1,13,30,1,10,1.191053735143801,32.902867180587094
816,4095,0.999,0.625,5.255462216084972e-4,0.29425876682463126,22,28,7,1,14,30,1,10,1.178399762389657,32.03115264932201
816,4096,0.999,0.6,7.956457466467004e-4,0.2947295207689883,22,28,7,1,15,30,1,10,1.165332999618564,30.98905268032532
816,4097,0.998,0.572,0.0012513574712199604,0.29546411600748035,22,28,7,1,16,30,1,10,1.1502990915409783,29.819018559228233
816,4098,0.997,0.539,0.0020390484734278402,0.29664679271549044,22,28,7,1,17,30,1,10,1.1333710778028527,28.39662527294926
816,4099,0.996,0.5,0.003405935909645108,0.2985736049908354,22,28,7,1,18,30,1,10,1.1144577156626445,26.65701864145414
816,4100,0.992,0.455,0.005543488564254351,0.30147819863782643,22,28,7,1,19,30,1,10,1.0913702396528868,24.639473099228063
816,4101,0.986,0.4,0.009198044662353078,0.30627134552189295,22,28,7,1,20,30,1,10,1.064046991443517,22.081386634218237
816,4102,0.974,0.333,0.016569945171484357,0.3152546679733621,22,28,7,1,21,30,1,10,1.0293517377456551,18.874999920678473
816,4103,0.952,0.25,0.03377126667430275,0.33488385387530406,22,28,7,1,22,30,1,10,0.9842784158966404,14.713934242817857
816,4104,0.905,0.375,0.07800966297990353,0.3812730677211136,22,28,7,1,23,30,1,10,0.9796172722037929,22.50738810094131
816,4105,0.81,0.5,0.1875286515916348,0.4752717398548627,22,28,7,1,24,30,1,10,0.9518928511129812,31.686367687856603
816,4106,0.629,0.625,0.3554344506918852,0.5986919879692221,22,28,7,1,25,30,1,10,0.8867164146445018,44.81723896271024
816,4107,0.387,0.75,0.5460622269964353,0.6974534780807112,22,28,7,1,26,30,1,10,0.8439603071235044,62.706265956520745
816,4108,0.352,0.875,0.4345504757684724,0.5741976724287847,22,28,7,1,27,30,1,10,0.9431484506693525,68.08578148534161
816,4109,1,1,0,0.2928932188134524,22,28,7,1,28,30,1,10,1.4142135623730951,45
816,4111,1,0.714,2.8618397310486987e-4,0.294001944303946,22,28,7,1,10,31,1,10,1.2287375635179385,35.52683658500573
816,4112,1,0.7,3.6827567249519966e-4,0.2942045387642337,22,28,7,1,11,31,1,10,1.2206555615733703,34.99202019855866
816,4113,0.999,0.684,4.911902350454023e-4,0.29448558940672687,22,28,7,1,12,31,1,10,1.210725815368616,34.39884513634789
816,4114,0.999,0.667,6.703067158203568e-4,0.2948646346958924,22,28,7,1,13,31,1,10,1.2012035630982785,33.729755198814786
816,4115,0.999,0.647,9.377679389547255e-4,0.2953875901400036,22,28,7,1,14,31,1,10,1.1902142664243274,32.92901710399405
816,4116,0.998,0.625,0.0013751667369090725,0.29618265906730623,22,28,7,1,15,31,1,10,1.1775521219886618,32.056959195154654
816,4117,0.997,0.6,0.0020925294947665707,0.2973921939979953,22,28,7,1,16,31,1,10,1.1636189238749943,31.039756784569477
816,4118,0.995,0.572,0.0032995266898302456,0.2992765453111226,22,28,7,1,17,31,1,10,1.1476972597335937,29.893492085296447
816,4119,0.992,0.539,0.005308104720293416,0.30222123535154477,22,28,7,1,18,31,1,10,1.1289751990190042,28.517302464807685
816,4120,0.987,0.5,0.00837259926387357,0.3064917206689225,22,28,7,1,19,31,1,10,1.1064217098376188,26.86611757901638
816,4121,0.977,0.455,0.01366470342393078,0.31330655840784105,22,28,7,1,20,31,1,10,1.0777541463617757,24.971930431658304
816,4122,0.96,0.4,0.024202556427652566,0.32562411799182367,22,28,7,1,21,31,1,10,1.04,22.61986494804043
816,4123,0.929,0.333,0.04792827791362497,0.35142755928516733,22,28,7,1,22,31,1,10,0.9868789186115995,19.720215429860325
816,4124,0.87,0.444,0.10778099606920233,0.40952352233476563,22,28,7,1,23,31,1,10,0.9767476644456335,27.037258448483403
816,4125,0.758,0.556,0.24389240063282125,0.5207305404018241,22,28,7,1,24,31,1,10,0.9400531899844817,36.26039106916883
816,4126,0.56,0.667,0.4354555354097034,0.6568695459530367,22,28,7,1,25,31,1,10,0.8709127396013909,49.98384554430477
816,4127,0.322,0.778,0.6442222041531942,0.7364605844884313,22,28,7,1,26,31,1,10,0.8420023752935618,67.51622928416505
816,4128,0.41,0.889,0.4231860098485627,0.5463126683141452,22,28,7,1,27,31,1,10,0.9789897854421158,65.24120979942315
816,4129,1,1,0,0.2928932188134524,22,28,7,1,28,31,1,10,1.4142135623730951,45
816,4132,1,0.727,5.02021781965567e-4,0.29480111525343433,22,28,7,1,10,32,1,10,1.236336928187458,36.01715173092213
816,4133,0.999,0.714,6.3559148095782e-4,0.2951273752678607,22,28,7,1,11,32,1,10,1.227923857574239,35.553950378731706
816,4134,0.999,0.7,8.317969203704978e-4,0.29557406631691485,22,28,7,1,12,32,1,10,1.219836464449231,35.01895575443812
816,4135,0.998,0.684,0.0011118712314345247,0.29616919351354365,22,28,7,1,13,32,1,10,1.2099008223817356,34.42559879461285
816,4136,0.998,0.667,0.001520027759332021,0.2969805435239574,22,28,7,1,14,32,1,10,1.2003720256653767,33.75625947840964
816,4137,0.997,0.647,0.002175093778566395,0.2981910042438731,22,28,7,1,15,32,1,10,1.188536074336829,32.98142774239591
816,4138,0.995,0.625,0.0032314961665840247,0.2999913809745782,22,28,7,1,16,32,1,10,1.1750106382497139,32.13460215794979
816,4139,0.992,0.6,0.00495175864941344,0.3027168010174597,22,28,7,1,17,32,1,10,1.159337741988934,31.167172646102262
816,4140,0.987,0.571,0.007731091199502882,0.3068290644528755,22,28,7,1,18,32,1,10,1.1402675124724022,30.050273074299074
816,4141,0.979,0.539,0.011968097768637942,0.3126131523042377,22,28,7,1,19,32,1,10,1.1175696846282115,28.835500847743084
816,4142,0.966,0.5,0.01924225625818643,0.3216076146672838,22,28,7,1,20,32,1,10,1.0877297458468256,27.366009073418645
816,4143,0.943,0.454,0.03338268497405816,0.33741331541667274,22,28,7,1,21,32,1,10,1.046596866037731,25.708126921789695
816,4144,0.902,0.4,0.06457603128278888,0.3694077148068333,22,28,7,1,22,32,1,10,0.9867137376159308,23.915322259969987
816,4145,0.83,0.5,0.14054139123380172,0.43830022761527554,22,28,7,1,23,32,1,10,0.9689685237405805,31.06516488549865
816,4146,0.703,0.6,0.298892943295209,0.5622573689934309,22,28,7,1,24,32,1,10,0.9242342776590793,40.48026160930493
816,4147,0.495,0.7,0.5055806467335703,0.7016144486433946,22,28,7,1,25,32,1,10,0.8573359901462203,54.73423234065436
816,4148,0.277,0.8,0.7059912529789882,0.741870532260801,22,28,7,1,26,32,1,10,0.8465984880685768,70.90158842888182
816,4149,0.507,0.9,0.40686445448889463,0.5160577688786552,22,28,7,1,27,32,1,10,1.0329806387343377,60.605989047390636
816,4150,1,1,1.1102230246251565e-16,0.2928932188134524,22,28,7,1,28,32,1,10,1.4142135623730951,45
816,4154,0.999,0.739,8.114054036852947e-4,0.29588981555208227,22,28,7,1,10,33,1,10,1.2426270558779895,36.49180447648103
816,4155,0.999,0.727,0.001013074574931938,0.29637101499296536,22,28,7,1,11,33,1,10,1.2355282271158357,36.04442062634799
816,4156,0.998,0.715,0.0013027271646618432,0.2970222147709741,22,28,7,1,12,33,1,10,1.2276925510892374,35.61905608141482
816,4157,0.997,0.7,0.0017094032027297201,0.2978805747648934,22,28,7,1,13,33,1,10,1.2181990806103902,35.07293550251782
816,4158,0.996,0.684,0.0022961789262772037,0.2990383813338314,22,28,7,1,14,33,1,10,1.2082516294216201,34.47921568612564
816,4159,0.994,0.667,0.0032264689698371374,0.30073675009818424,22,28,7,1,15,33,1,10,1.1970484534888302,33.862644653218624
816,4160,0.992,0.647,0.00468873825196825,0.30321266104919364,22,28,7,1,16,33,1,10,1.1843449666376769,33.11310376903397
816,4161,0.987,0.625,0.007020518737649639,0.3068678716542125,22,28,7,1,17,33,1,10,1.168243981366906,32.34330013826957
816,4162,0.98,0.6,0.010731169623357517,0.3122225304886662,22,28,7,1,18,33,1,10,1.1490865937778578,31.476839349583983
816,4163,0.969,0.572,0.016354546884143062,0.3195731274530508,22,28,7,1,19,33,1,10,1.1252310873771663,30.5533228214728
816,4164,0.951,0.539,0.025889951436704806,0.33077329939289557,22,28,7,1,20,33,1,10,1.0931248785019945,29.543342452118427
816,4165,0.922,0.5,0.04392547026003768,0.35001435469094155,22,28,7,1,21,33,1,10,1.0488488928344255,28.470948075573304
816,4166,0.872,0.455,0.08319884082750528,0.38784183147991025,22,28,7,1,22,33,1,10,0.9835695196578633,27.55505706109951
816,4167,0.788,0.545,0.17475179139218244,0.4659486771446629,22,28,7,1,23,33,1,10,0.958106987762849,34.66867848812573
816,4168,0.648,0.637,0.34958835691398904,0.5977884459088636,22,28,7,1,24,33,1,10,0.9086655050127082,44.509542271944206
816,4169,0.438,0.728,0.5616771153818039,0.7310919798407709,22,28,7,1,25,33,1,10,0.8496046139234414,58.966850147581674
816,4170,0.254,0.819,0.7343763636611149,0.7265056002185899,22,28,7,1,26,33,1,10,0.8574829444367975,72.76954336228611
816,4171,0.574,0.91,0.3833760369516347,0.4899755931816462,22,28,7,1,27,33,1,10,1.0759070591830875,57.757532160876686
816,4172,1,1,0,0.2928932188134524,22,28,7,1,28,33,1,10,1.4142135623730951,45
816,4177,0.999,0.75,0.001229343422869067,0.2972716620726651,22,28,7,1,10,34,1,10,1.2492001440922107,36.89741723042958
816,4178,0.998,0.739,0.001514268079308545,0.2979340414151659,22,28,7,1,11,34,1,10,1.241823256345282,36.51924336361008
816,4179,0.997,0.727,0.0019187956568337272,0.2988212134299787,22,28,7,1,12,34,1,10,1.233911666206297,36.09906561782913
816,4180,0.996,0.714,0.002481890362900474,0.29997964413843503,22,28,7,1,13,34,1,10,1.225484394025481,35.635507713146325
816,4181,0.994,0.7,0.0032891906527616754,0.3015273117542492,22,28,7,1,14,34,1,10,1.2157450390604108,35.15417763214743
816,4182,0.991,0.684,0.004543020143770504,0.3037633426999694,22,28,7,1,15,34,1,10,1.204133298268925,34.613900051020025
816,4183,0.987,0.667,0.006486066917577915,0.3069654691860737,22,28,7,1,16,34,1,10,1.191242208788792,34.05024579585459
816,4184,0.981,0.647,0.00952431562595113,0.3115904141498709,22,28,7,1,17,34,1,10,1.175146799340406,33.40609265755563
816,4185,0.972,0.625,0.014319217856930244,0.3181988810128107,22,28,7,1,18,34,1,10,1.1555989788849763,32.74118434201937
816,4186,0.957,0.6,0.02149769855212058,0.3270955903569862,22,28,7,1,19,34,1,10,1.1295348600198225,32.08603599759541
816,4187,0.934,0.572,0.03346868778651502,0.3404319561443795,22,28,7,1,20,34,1,10,1.0952351345715676,31.484123560142976
816,4188,0.897,0.539,0.0556476384788106,0.3629152306732427,22,28,7,1,21,34,1,10,1.0464845913820233,31.001315215328997
816,4189,0.838,0.5,0.10319011486595997,0.40598847796771975,22,28,7,1,22,34,1,10,0.9758299032105954,30.822783018100026
816,4190,0.744,0.584,0.2086709560383042,0.49142461413146943,22,28,7,1,23,34,1,10,0.9458287371400808,38.13000769178574
816,4191,0.596,0.667,0.3940329868657617,0.626482434520198,22,28,7,1,24,34,1,10,0.8944858858584634,48.2175164416689
816,4192,0.391,0.75,0.6027013919183302,0.745896643269603,22,28,7,1,25,34,1,10,0.8458019862828415,62.465467087168136
816,4193,0.249,0.833,0.7362935811930542,0.7022872517055523,22,28,7,1,26,34,1,10,0.8694193464606133,73.35756548801083
816,4194,0.623,0.917,0.35167450556666047,0.46847980550459944,22,28,7,1,27,34,1,10,1.108610842451038,55.808230940319795
816,4195,1,1,0,0.2928932188134524,22,28,7,1,28,34,1,10,1.4142135623730951,45
816,4201,0.998,0.76,0.0017661295172853864,0.29893371547238046,22,28,7,1,10,35,1,10,1.2544337367912264,37.29010788221107
816,4202,0.997,0.75,0.002151634744892772,0.2997972414766785,22,28,7,1,11,35,1,10,1.2476012984924312,36.952562227091214
816,4203,0.995,0.739,0.002694902129433685,0.3009432204759298,22,28,7,1,12,35,1,10,1.239413571008483,36.60177347659559
816,4204,0.994,0.727,0.003445779329618315,0.30242716537594583,22,28,7,1,13,35,1,10,1.231488936206899,36.181301974656336
816,4205,0.991,0.714,0.004508125866463097,0.3043927043317688,22,28,7,1,14,35,1,10,1.2214241687472864,35.772160019495
816,4206,0.987,0.7,0.006138060819143476,0.3071939423961275,22,28,7,1,15,35,1,10,1.2100285120607694,35.34502290434381
816,4207,0.982,0.684,0.008620044192194976,0.3111423649410757,22,28,7,1,16,35,1,10,1.1967372309742854,34.85866498321269
816,4208,0.974,0.667,0.012474549806352875,0.3167371480363109,22,28,7,1,17,35,1,10,1.180493540854841,34.40353541966217
816,4209,0.961,0.647,0.018471183298645832,0.32456440466338554,22,28,7,1,18,35,1,10,1.15850334483764,33.95068813950308
816,4210,0.943,0.625,0.02732442317234729,0.33493713209358456,22,28,7,1,19,35,1,10,1.1313151638690255,33.53555611464584
816,4211,0.914,0.6,0.0418150959846193,0.3502787941521618,22,28,7,1,20,35,1,10,1.0933416666349087,33.28310282603935
816,4212,0.87,0.572,0.06827161808517535,0.3757265912179186,22,28,7,1,21,35,1,10,1.0411935458885633,33.323770249985905
816,4213,0.803,0.539,0.12375895714177287,0.42333782774967377,22,28,7,1,22,35,1,10,0.9671246041746638,33.87081071038882
816,4214,0.7,0.615,0.2408693857941805,0.5141489220322999,22,28,7,1,23,35,1,10,0.9317859196188789,41.3016156283981
816,4215,0.549,0.692,0.43118840233277134,0.6482587717954813,22,28,7,1,24,35,1,10,0.88332610059932,51.573182492910625
816,4216,0.355,0.769,0.6296247300761013,0.7484940068880988,22,28,7,1,25,35,1,10,0.8469864225594175,65.22013478538733
816,4217,0.257,0.846,0.7154689483660028,0.6758762892579393,22,28,7,1,26,35,1,10,0.8841747564819977,73.10213615815088
816,4218,0.661,0.923,0.31472376442171757,0.4507643757760258,22,28,7,1,27,35,1,10,1.1352752970094964,54.39191989304211
816,4219,1,1,0,0.2928932188134524,22,28,7,1,28,35,1,10,1.4142135623730951,45
816,4292,1,1,1.1102230246251565e-16,0.29289321881345254,22,28,7,1,10,22,4,10,1.4142135623730951,45
816,4293,1,1,0,0.2928932188134524,22,28,7,1,11,22,4,10,1.4142135623730951,45
816,4294,1,1,0,0.2928932188134524,22,28,7,1,12,22,4,10,1.4142135623730951,45
816,4295,1,1,0,0.2928932188134524,22,28,7,1,13,22,4,10,1.4142135623730951,45
816,4296,1,1,0,0.2928932188134524,22,28,7,1,14,22,4,10,1.4142135623730951,45
816,4297,1,1,0,0.2928932188134524,22,28,7,1,15,22,4,10,1.4142135623730951,45
816,4298,1,1,0,0.2928932188134524,22,28,7,1,16,22,4,10,1.4142135623730951,45
816,4299,1,1,0,0.2928932188134524,22,28,7,1,17,22,4,10,1.4142135623730951,45
816,4300,1,1,0,0.2928932188134524,22,28,7,1,18,22,4,10,1.4142135623730951,45
816,4301,1,1,0,0.2928932188134524,22,28,7,1,19,22,4,10,1.4142135623730951,45
816,4302,1,1,0,0.2928932188134524,22,28,7,1,20,22,4,10,1.4142135623730951,45
816,4303,1,1,0,0.2928932188134524,22,28,7,1,21,22,4,10,1.4142135623730951,45
816,4304,1,0.945,1.5012713294737523e-10,0.2928932193810191,22,28,7,1,10,23,4,10,1.3758724504836921,43.38024250274473
816,4305,1,0.942,2.551380218207555e-10,0.2928932196283591,22,28,7,1,11,23,4,10,1.3738136700440857,43.289306039103366
816,4306,1,0.938,4.4969850065967876e-10,0.2928932200307436,22,28,7,1,12,23,4,10,1.3710740315533658,43.16763304046667
816,4307,1,0.934,8.344646085234331e-10,0.29289322072896085,22,28,7,1,13,23,4,10,1.3683406008739198,43.045473375173806
816,4308,1,0.929,1.6716904527314114e-9,0.29289322204556956,22,28,7,1,14,23,4,10,1.3649325990685401,42.8920866639288
816,4309,1,0.923,3.6126799329849746e-9,0.29289322473195756,22,28,7,1,15,23,4,10,1.3608559806239602,42.707010169212275
816,4310,1,0.917,8.480538160604567e-9,0.29289323080624075,22,28,7,1,16,23,4,10,1.3567936468011634,42.52082345847564
816,4311,1,0.91,2.132141974087176e-8,0.29289324642395653,22,28,7,1,17,23,4,10,1.3520724832641184,42.3021943666837
816,4312,1,0.9,5.682625314751277e-8,0.2928932914910408,22,28,7,1,18,23,4,10,1.3453624047073711,41.98721249581666
816,4313,1,0.889,1.491763308436589e-7,0.29289344114391613,22,28,7,1,19,23,4,10,1.3380287739805896,41.63709543013025
816,4314,1,0.875,4.2363809571455135e-7,0.29289414818783743,22,28,7,1,20,23,4,10,1.3287682265918312,41.18592516570965
816,4315,1,0.857,1.2591091735902893e-6,0.29289957280740353,22,28,7,1,21,23,4,10,1.3169848138835922,40.59657583596283
816,4316,1,0.834,3.9693226189241315e-6,0.293007862155377,22,28,7,1,22,23,4,10,1.3021351696348578,39.82810630428432
816,4317,1,0.889,7.984740113542443e-8,0.29289343238162013,22,28,7,1,10,24,4,10,1.3380287739805896,41.63709543013025
816,4318,1,0.883,1.2692289352855823e-7,0.2928935149001304,22,28,7,1,11,24,4,10,1.3340498491435768,41.4445038973404
816,4319,1,0.875,2.0768763053791162e-7,0.2928936438948917,22,28,7,1,12,24,4,10,1.3287682265918312,41.18592516570965
816,4320,1,0.867,3.558193110153596e-7,0.29289385739692986,22,28,7,1,13,24,4,10,1.323513883569039,40.92528797789907
816,4321,1,0.857,6.441467385043254e-7,0.2928942354783255,22,28,7,1,14,24,4,10,1.3169848138835922,40.59657583596283
816,4322,1,0.846,1.225690620332287e-6,0.292894948171155,22,28,7,1,15,24,4,10,1.30985342691463,40.23122105657414
816,4323,1,0.833,2.4595482430722626e-6,0.2928963980361726,22,28,7,1,16,24,4,10,1.3014949097096,39.79429794346564
816,4324,1,0.819,5.127347757483136e-6,0.2928995917283649,22,28,7,1,17,24,4,10,1.2925792045364184,39.31747620953449
816,4325,1,0.8,1.079226647204834e-5,0.2929069766650444,22,28,7,1,18,24,4,10,1.2806248474865698,38.659808254090095
816,4326,1,0.778,2.317731812795376e-5,0.2929257332465509,22,28,7,1,19,24,4,10,1.266998026833507,37.88291605856699
816,4327,1,0.75,5.2080633100248797e-5,0.29298438860439324,22,28,7,1,20,24,4,10,1.25,36.86989764584402
816,4328,1,0.714,1.2415060798220967e-4,0.293214335926951,22,28,7,1,21,24,4,10,1.2287375635179385,35.52683658500573
816,4329,1,0.667,3.1891046640930565e-4,0.2944155216458173,22,28,7,1,22,24,4,10,1.202035357217083,33.70328759485296
816,4330,0.999,0.834,7.846067993936279e-4,0.29912966386209217,22,28,7,1,23,24,4,10,1.3013673578202274,39.85630524032165
816,4331,1,0.834,2.201785997524297e-6,0.2928983636477176,22,28,7,1,10,25,4,10,1.3021351696348578,39.82810630428432
816,4332,1,0.824,3.3062707907038913e-6,0.29290014878884685,22,28,7,1,11,25,4,10,1.2957530628943155,39.48852258397938
816,4333,1,0.813,5.120687002646562e-6,0.2929028496869356,22,28,7,1,12,25,4,10,1.2887858627405873,39.111110804715416
816,4334,1,0.8,8.222930732215694e-6,0.29290714607313995,22,28,7,1,13,25,4,10,1.2806248474865698,38.659808254090095
816,4335,1,0.786,1.3827965999801961e-5,0.2929143657352644,22,28,7,1,14,25,4,10,1.2719260984821406,38.1673468344621
816,4336,1,0.769,2.4402625973585224e-5,0.292927097984211,22,28,7,1,15,25,4,10,1.2614915774590014,37.560284279318815
816,4337,1,0.75,4.479191494566326e-5,0.2929507724638508,22,28,7,1,16,25,4,10,1.25,36.86989764584402
816,4338,1,0.728,8.466710934229571e-5,0.2929967131795512,22,28,7,1,17,25,4,10,1.2369252200517216,36.05461816646104
816,4339,1,0.7,1.615300875326131e-4,0.29308736120805534,22,28,7,1,18,25,4,10,1.2206555615733703,34.99202019855866
816,4340,1,0.667,3.122713319405612e-4,0.293279945008705,22,28,7,1,19,25,4,10,1.202035357217083,33.70328759485296
816,4341,1,0.625,6.23003631078145e-4,0.2937484535601357,22,28,7,1,20,25,4,10,1.1792476415070754,32.005383208083494
816,4342,0.999,0.572,0.0012699542788080498,0.29505779865890647,22,28,7,1,21,25,4,10,1.1511667993822614,29.79426887614514
816,4343,0.997,0.5,0.0026911160944168566,0.29922291683492697,22,28,7,1,22,25,4,10,1.1153515140976857,26.633971488078767
816,4344,0.993,0.667,0.005476847702492016,0.3098300912092231,22,28,7,1,23,25,4,10,1.1962182075190129,33.88933328707825
816,4345,0.975,0.834,0.00998467557919791,0.3213847260596009,22,28,7,1,24,25,4,10,1.2830358529674843,40.54317061775787
816,4346,1,0.778,1.874823387848501e-5,0.29293332135522854,22,28,7,1,10,26,4,10,1.266998026833507,37.88291605856699
816,4347,1,0.765,2.720366870001545e-5,0.29294593455942863,22,28,7,1,11,26,4,10,1.2590571869458511,37.41598861857788
816,4348,1,0.75,4.062274628580109e-5,0.2929644887005851,22,28,7,1,12,26,4,10,1.25,36.86989764584402
816,4349,1,0.733,6.283469329548819e-5,0.2929929878349138,22,28,7,1,13,26,4,10,1.2398745904324355,36.24141615772501
816,4350,1,0.714,1.0105335500754098e-4,0.2930387178046113,22,28,7,1,14,26,4,10,1.2287375635179385,35.52683658500573
816,4351,1,0.692,1.689167537649583e-4,0.29311473645585107,22,28,7,1,15,26,4,10,1.216085523308291,34.68323429289684
816,4352,1,0.667,2.9080430186123607e-4,0.29324535705625276,22,28,7,1,16,26,4,10,1.202035357217083,33.70328759485296
816,4353,1,0.637,5.070609726942621e-4,0.293473833706829,22,28,7,1,17,26,4,10,1.1856512978106168,32.49713642883802
816,4354,0.999,0.6,8.714669000399189e-4,0.2938754245575529,22,28,7,1,18,26,4,10,1.165332999618564,30.98905268032532
816,4355,0.999,0.556,0.0015031625285564232,0.2946287965770795,22,28,7,1,19,26,4,10,1.1433009227670552,29.098411924676718
816,4356,0.997,0.5,0.002660427977462798,0.29619065027376623,22,28,7,1,20,26,4,10,1.1153515140976857,26.633971488078767
816,4357,0.995,0.429,0.004808899848878667,0.29977226971611004,22,28,7,1,21,26,4,10,1.0835432617113172,23.323568991053932
816,4358,0.989,0.333,0.009395032685363125,0.30856977706918043,22,28,7,1,22,26,4,10,1.043556419174354,18.6085718657605
816,4359,0.975,0.5,0.020058081451854504,0.327105587296605,22,28,7,1,23,26,4,10,1.0957303500405564,27.14968169778317
816,4360,0.937,0.667,0.03962796882282471,0.3541272893342319,22,28,7,1,24,26,4,10,1.1501556416415997,35.44502247834184
816,4361,0.845,0.834,0.057852149457001234,0.3737489409681477,22,28,7,1,25,26,4,10,1.1872577647671965,44.624630996102134
816,4362,1,0.722,8.745351217509523e-5,0.29306858144345793,22,28,7,1,10,27,4,10,1.2334034214319336,35.82928433102471
816,4363,1,0.706,1.2321596455144856e-4,0.2931190507895982,22,28,7,1,11,27,4,10,1.2241062045427267,35.222091694589956
816,4364,1,0.688,1.7850017948140007e-4,0.29319149590099625,22,28,7,1,12,27,4,10,1.2138138242745466,34.52797165613836
816,4365,1,0.667,2.666721319758425e-4,0.2932993691302138,22,28,7,1,13,27,4,10,1.202035357217083,33.70328759485296
816,4366,1,0.643,4.108840110291778e-4,0.29346554282631054,22,28,7,1,14,27,4,10,1.1888856126642293,32.741017526902965
816,4367,0.999,0.615,6.493623587749964e-4,0.29372778537282185,22,28,7,1,15,27,4,10,1.173126591634509,31.617101137014032
816,4368,0.999,0.584,0.0010364505700799498,0.2941491846686334,22,28,7,1,16,27,4,10,1.1571763046312347,30.30989800225055
816,4369,0.998,0.545,0.00165680492342557,0.2948291800047498,22,28,7,1,17,27,4,10,1.1371143302236588,28.638608909671174
816,4370,0.997,0.5,0.0026367167250531676,0.2959322368535452,22,28,7,1,18,27,4,10,1.1153515140976857,26.633971488078767
816,4371,0.995,0.444,0.004227342300509251,0.2978387249546801,22,28,7,1,19,27,4,10,1.0895691809150991,24.047917340329747
816,4372,0.992,0.375,0.007015363542272834,0.30142606831228114,22,28,7,1,20,27,4,10,1.0605135548402953,20.70780501348848
816,4373,0.985,0.286,0.012700319331818366,0.30878818851743317,22,28,7,1,21,27,4,10,1.025680749551243,16.19093677680995
816,4374,0.97,0.167,0.025014975518618865,0.32474892951381007,22,28,7,1,22,27,4,10,0.984270796071894,9.768560304764877
816,4375,0.941,0.334,0.05163926711190314,0.3567697881367602,22,28,7,1,23,27,4,10,0.9985174009500284,19.541888225936617
816,4376,0.873,0.5,0.10372557138339122,0.40533686673952285,22,28,7,1,24,27,4,10,1.0060462216021686,29.801392958570784
816,4377,0.736,0.667,0.17837052066559111,0.45810450719766704,22,28,7,1,25,27,4,10,0.9932698525577025,42.184443315788776
816,4378,0.561,0.834,0.1923931527655891,0.46642717191667227,22,28,7,1,26,27,4,10,1.005125365315193,56.07278242302353
816,4379,1,0.667,2.7898780867752215e-4,0.29344620770758634,22,28,7,1,10,28,4,10,1.202035357217083,33.70328759485296
816,4380,1,0.647,3.8304026325797214e-4,0.29359311487391515,22,28,7,1,11,28,4,10,1.191053735143801,32.902867180587094
816,4381,0.999,0.625,5.378338344266265e-4,0.2937994970442137,22,28,7,1,12,28,4,10,1.178399762389657,32.03115264932201
816,4382,0.999,0.6,7.743010813660023e-4,0.2940984440740658,22,28,7,1,13,28,4,10,1.165332999618564,30.98905268032532
816,4383,0.999,0.572,0.001137424752939209,0.2945427488355654,22,28,7,1,14,28,4,10,1.1511667993822614,29.79426887614514
816,4384,0.998,0.539,0.0016999284153556005,0.2952133154033497,22,28,7,1,15,28,4,10,1.1342508540882834,28.372602110971446
816,4385,0.997,0.5,0.0025732829073014107,0.29623389864859695,22,28,7,1,16,28,4,10,1.1153515140976857,26.633971488078767
816,4386,0.995,0.455,0.003897115382668681,0.29778652549782025,22,28,7,1,17,28,4,10,1.0940978018440581,24.57397523691099
816,4387,0.992,0.4,0.005893019318220838,0.3001772741803477,22,28,7,1,18,28,4,10,1.0696092744549293,21.96056402009647
816,4388,0.987,0.333,0.009209743694186479,0.30410694743687583,22,28,7,1,19,28,4,10,1.0416611733188486,18.643675693781283
816,4389,0.979,0.25,0.015381658993589009,0.3111029216095915,22,28,7,1,20,28,4,10,1.010416250859021,14.325057961166493
816,4390,0.964,0.143,0.027655764149179363,0.3246266218548598,22,28,7,1,21,28,4,10,0.9745486134616373,8.43773890472095
816,4391,0.936,0,0.05341358613892144,0.3521805975377468,22,28,7,1,22,28,4,10,0.936,0
816,4392,0.884,0.167,0.10960206875533185,0.4051187920379554,22,28,7,1,23,28,4,10,0.8996360375173952,10.697901426915188
816,4393,0.78,0.333,0.21027614276785944,0.4817187652875009,22,28,7,1,24,28,4,10,0.8481090731739639,23.118754365345705
816,4394,0.599,0.5,0.33574826469544305,0.5631309109092624,22,28,7,1,25,28,4,10,0.780257008940003,39.85258107475304
816,4395,0.413,0.667,0.4161624981015938,0.6041127530703561,22,28,7,1,26,28,4,10,0.7845113128566089,58.23460581740546
816,4396,0.415,0.834,0.28718989082760427,0.5204847199542577,22,28,7,1,27,28,4,10,0.9315476369998477,63.544974188424945
816,4397,0.999,0.684,6.859575249082983e-4,0.2942950353140833,22,28,7,1,10,29,4,10,1.210725815368616,34.39884513634789
816,4398,0.999,0.667,9.174391171197227e-4,0.2946409841669756,22,28,7,1,11,29,4,10,1.2012035630982785,33.729755198814786
816,4399,0.998,0.647,0.0012493551693666394,0.2951176353372552,22,28,7,1,12,29,4,10,1.1893750459800307,32.955203935520316
816,4400,0.998,0.625,0.001736701416989006,0.2957911392518179,22,28,7,1,13,29,4,10,1.1775521219886618,32.056959195154654
816,4401,0.996,0.6,0.0024682536108975306,0.2967610918862096,22,28,7,1,14,29,4,10,1.1627622284886967,31.065164885498643
816,4402,0.995,0.572,0.003559329884766038,0.29817078560533783,22,28,7,1,15,29,4,10,1.1476972597335937,29.893492085296447
816,4403,0.992,0.539,0.005180065363394215,0.3002264972056484,22,28,7,1,16,29,4,10,1.1289751990190042,28.517302464807685
816,4404,0.988,0.5,0.00758246945190677,0.30322625156203364,22,28,7,1,17,29,4,10,1.1073138669772,26.842734525620685
816,4405,0.982,0.454,0.011330873225407379,0.307695337850577,22,28,7,1,18,29,4,10,1.0818687535925973,24.812129446529372
816,4406,0.972,0.4,0.017704708703200067,0.31481779173893565,22,28,7,1,19,29,4,10,1.0510870563373902,22.36827502739018
816,4407,0.956,0.333,0.029289474530081017,0.32707930879878677,22,28,7,1,20,29,4,10,1.0123364065368783,19.20457404612612
816,4408,0.929,0.25,0.051848629751723774,0.3498897802994082,22,28,7,1,21,29,4,10,0.9620504144794076,15.061852607539972
816,4409,0.883,0.143,0.09961804447102396,0.39415933174806406,22,28,7,1,22,29,4,10,0.8945043320185766,9.199064643630217
816,4410,0.804,0.286,0.1952654961454644,0.4734800945105726,22,28,7,1,23,29,4,10,0.853353385181075,19.581560776788514
816,4411,0.662,0.429,0.339068451419849,0.5799993338828234,22,28,7,1,24,29,4,10,0.7888504294224603,32.944700349583414
816,4412,0.444,0.572,0.5182739881107397,0.6941372398629355,22,28,7,1,25,29,4,10,0.7240994406847722,52.18053549772016
816,4413,0.276,0.714,0.6331022095213528,0.7274645769114514,22,28,7,1,26,29,4,10,0.7654880795936668,68.86576011963278
816,4414,0.457,0.857,0.33136197818978064,0.5321054057414463,22,28,7,1,27,29,4,10,0.9712352958989907,61.930983222189745
816,4415,1,1,0,0.2928932188134524,22,28,7,1,28,29,4,10,1.4142135623730951,45
816,4416,0.998,0.7,0.0014006017597916198,0.2958873992195282,22,28,7,1,10,30,4,10,1.2190176372801174,35.04592750208645
816,4417,0.997,0.684,0.0018311928056961024,0.2965763093888787,22,28,7,1,11,30,4,10,1.209076093552428,34.45238895686392
816,4418,0.996,0.667,0.002441656838144901,0.29750856140914317,22,28,7,1,12,30,4,10,1.198709722993853,33.80937832428409
816,4419,0.994,0.647,0.0033204675246130133,0.29879633140571493,22,28,7,1,13,30,4,10,1.1860206574929462,33.06032168933993
816,4420,0.992,0.625,0.0045983455486166,0.30060009258853426,22,28,7,1,14,30,4,10,1.1724713216108955,32.2125815798382
816,4421,0.989,0.6,0.00645395920052938,0.30313963059782945,22,28,7,1,15,30,4,10,1.1567718011777433,31.244074640000616
816,4422,0.984,0.572,0.009189531386873284,0.3067210318769722,22,28,7,1,16,30,4,10,1.1381739761565453,30.169471716253696
816,4423,0.976,0.539,0.013313619429878076,0.31179412785092053,22,28,7,1,17,30,4,10,1.1149425994193602,28.909855072950265
816,4424,0.965,0.5,0.019783915953252018,0.31918710485438617,22,28,7,1,18,30,4,10,1.0868417548106992,27.390241970032857
816,4425,0.948,0.455,0.030599689419849252,0.3307184440547911,22,28,7,1,19,30,4,10,1.0515364948493229,25.639040948465418
816,4426,0.921,0.4,0.04984474583719223,0.35007307965829826,22,28,7,1,20,30,4,10,1.0041120455407355,23.475813908290753
816,4427,0.879,0.333,0.08769938520568143,0.3848678691678654,22,28,7,1,21,30,4,10,0.9399627652199847,20.748671320746226
816,4428,0.811,0.25,0.16369033534104704,0.4488395531361642,22,28,7,1,22,30,4,10,0.8486583529312606,17.132511057427777
816,4429,0.702,0.375,0.29770975611185824,0.5539770780868231,22,28,7,1,23,30,4,10,0.7958825290204579,28.110599422147253
816,4430,0.526,0.5,0.47996986145948817,0.684604425485922,22,28,7,1,24,30,4,10,0.7257244656203896,43.54837084739169
816,4431,0.289,0.625,0.6994190205964983,0.8058970117694004,22,28,7,1,25,30,4,10,0.6885826021618612,65.18417879528246
816,4432,0.222,0.75,0.7027894049239973,0.7161032915078789,22,28,7,1,26,30,4,10,0.7821662227429665,73.51124629410876
816,4433,0.704,0.875,0.2436371050215711,0.44432043165979207,22,28,7,1,27,30,4,10,1.123049865322106,51.18083802103445
816,4434,1,1,0,0.2928932188134524,22,28,7,1,28,30,4,10,1.4142135623730951,45
816,4436,0.996,0.714,0.002518056648509792,0.2984360217466492,22,28,7,1,10,31,4,10,1.225484394025481,35.635507713146325
816,4437,0.994,0.7,0.003245462248509412,0.2996273861577,22,28,7,1,11,31,4,10,1.2157450390604108,35.15417763214743
816,4438,0.992,0.684,0.004253955562845135,0.3012126760194067,22,28,7,1,12,31,4,10,1.2049564307476017,34.58688953755296
816,4439,0.989,0.667,0.005683070433695647,0.3033576855516392,22,28,7,1,13,31,4,10,1.1928998281498746,33.996459148250494
816,4440,0.985,0.647,0.007718928035544748,0.3062895089688855,22,28,7,1,14,31,4,10,1.1784880143641683,33.29902214907473
816,4441,0.979,0.625,0.01068131311599052,0.3103085112452679,22,28,7,1,15,31,4,10,1.1614930047141911,32.554426988587885
816,4442,0.97,0.6,0.015053545117558631,0.31582862557327385,22,28,7,1,16,31,4,10,1.1405700329221349,31.739140795815157
816,4443,0.958,0.572,0.021608795258930225,0.3234777673869881,22,28,7,1,17,31,4,10,1.115772378220576,30.840464236487616
816,4444,0.94,0.539,0.03175520678934185,0.3344423147113902,22,28,7,1,18,31,4,10,1.0835686411113972,29.83014281066349
816,4445,0.913,0.5,0.04836478275134104,0.3512396990516934,22,28,7,1,19,31,4,10,1.0409462041815611,28.70710199931541
816,4446,0.873,0.455,0.07810828750920606,0.3787657317400376,22,28,7,1,20,31,4,10,0.9844561950640567,27.528133494738466
816,4447,0.812,0.4,0.13484220431915983,0.4264504563794034,22,28,7,1,21,31,4,10,0.9051762259361433,26.22535685976535
816,4448,0.722,0.333,0.2406932825538206,0.5087572730767359,22,28,7,1,22,31,4,10,0.7950930763124529,24.760041540848768
816,4449,0.586,0.444,0.4049332777676682,0.6314962515768123,22,28,7,1,23,31,4,10,0.7352088138753506,37.15045145125331
816,4450,0.39,0.556,0.61104416855769494,0.766414173946798,22,28,7,1,24,31,4,10,0.6791435783396617,54.952688354659834
816,4451,0.183,0.667,0.8133437073207854,0.8183612136255093,22,28,7,1,25,31,4,10,0.6916487547881511,74.65769529345768
816,4452,0.371,0.778,0.6015548013894755,0.6295305655619365,22,28,7,1,26,31,4,10,0.8619309717140927,64.50521771190147
816,4453,0.824,0.889,0.16081253872302637,0.38827436727540754,22,28,7,1,27,31,4,10,1.2121456183148953,47.17305300085741
816,4454,1,1,0,0.2928932188134524,22,28,7,1,28,31,4,10,1.4142135623730951,45
816,4457,0.992,0.727,0.0041390972882104915,0.3020282685096829,22,28,7,1,10,32,4,10,1.229875196920403,36.2363061360952
816,4458,0.989,0.714,0.005266925056314764,0.3038658977926868,22,28,7,1,11,32,4,10,1.2198020331184893,35.82707553239412
816,4459,0.985,0.7,0.006815599149733509,0.30627337670320975,22,28,7,1,12,32,4,10,1.2083976994350825,35.399881570121316
816,4460,0.98,0.684,0.008979583967069216,0.3094706286644161,22,28,7,1,13,32,4,10,1.1950966488113002,34.91346831534622
816,4461,0.973,0.667,0.01207367735956466,0.3137485008531029,22,28,7,1,14,32,4,10,1.1796685975306793,34.43097799398074
816,4462,0.964,0.647,0.016549156661656017,0.31948353811818575,22,28,7,1,15,32,4,10,1.16099310936801,33.868004157390175
816,4463,0.95,0.625,0.02307847952912201,0.3271972244486421,22,28,7,1,16,32,4,10,1.1371565415544158,33.340707346477004
816,4464,0.931,0.6,0.0327208453086173,0.33770616311721136,22,28,7,1,17,32,4,10,1.1075924340658887,32.800497556108674
816,4465,0.904,0.571,0.04735968454820716,0.3525651580680168,22,28,7,1,18,32,4,10,1.0692319673485262,32.278028856756755
816,4466,0.866,0.539,0.07135259283508166,0.3749451824096921,22,28,7,1,19,32,4,10,1.0200377443996864,31.898210514700402
816,4467,0.811,0.5,0.11367218098333753,0.410710419777055,22,28,7,1,20,32,4,10,0.9527439320195118,31.654779231610704
816,4468,0.733,0.454,0.1904703628436416,0.47013627148334913,22,28,7,1,21,32,4,10,0.8622093713246222,31.772932956017346
816,4469,0.624,0.4,0.32137053885827416,0.5655676647773094,22,28,7,1,22,32,4,10,0.7411990286016301,32.66091272167381
816,4470,0.474,0.5,0.5014763735628645,0.6922441738874718,22,28,7,1,23,32,4,10,0.6889673432028546,46.529092999311196
816,4471,0.285,0.6,0.7026102219007575,0.7978128469027521,22,28,7,1,24,32,4,10,0.6642476947645358,64.59228189105153
816,4472,0.17,0.7,0.7958834534951793,0.7529485709769657,22,28,7,1,25,32,4,10,0.7203471385380801,76.34958086524301
816,4473,0.516,0.8,0.45356295309908834,0.5520761879471469,22,28,7,1,26,32,4,10,0.9519747895821612,57.17798392376576
816,4474,0.891,0.9,0.10084736145599116,0.3569344182787293,22,28,7,1,27,32,4,10,1.2664442348560003,45.287916066557095
816,4475,1,1,0,0.2928932188134524,22,28,7,1,28,32,4,10,1.4142135623730951,45
816,4479,0.986,0.739,0.006351275861471106,0.30662996042714863,22,28,7,1,10,33,4,10,1.2322000649245235,36.851298140081816
816,4480,0.981,0.727,0.00799632772359149,0.3092219079196623,22,28,7,1,11,33,4,10,1.221020065355193,36.541424212071234
816,4481,0.975,0.715,0.010246866047605163,0.31256976161429195,22,28,7,1,12,33,4,10,1.2090698904529877,36.25383773744479
816,4482,0.967,0.7,0.013392670164205644,0.3169426383816152,22,28,7,1,13,33,4,10,1.1937709160471284,35.900339777748066
816,4483,0.957,0.684,0.01785177231344881,0.32268699840367376,22,28,7,1,14,33,4,10,1.1763099081449582,35.554664384869255
816,4484,0.942,0.667,0.0242161607125575,0.3302467898679705,22,28,7,1,15,33,4,10,1.1542326455268885,35.3010866339214
816,4485,0.923,0.647,0.033350724957103894,0.3402447290380305,22,28,7,1,16,33,4,10,1.1271814405853213,35.029498354098486
816,4486,0.896,0.625,0.04657065932628224,0.35367961860112596,22,28,7,1,17,33,4,10,1.0924472527312246,34.897494063900595
816,4487,0.859,0.6,0.0665514477592789,0.3724399225383883,22,28,7,1,18,33,4,10,1.0477981675876324,34.933783695261674
816,4488,0.809,0.572,0.09900518928334467,0.4002086042580091,22,28,7,1,19,33,4,10,0.9907900887675452,35.26205784126688
816,4489,0.741,0.539,0.1544523937280584,0.4433771761483507,22,28,7,1,20,33,4,10,0.9162979864651019,36.03197065537483
816,4490,0.649,0.5,0.24935337463186236,0.5117667742726387,22,28,7,1,21,33,4,10,0.8192685762312626,37.61123232720902
816,4491,0.529,0.455,0.3954663165340009,0.6127230600120868,22,28,7,1,22,33,4,10,0.6977578376485641,40.699266502673495
816,4492,0.381,0.545,0.5732629494407537,0.7269042273822994,22,28,7,1,23,33,4,10,0.6649706760451923,55.04327348892823
816,4493,0.23,0.637,0.7387580409204844,0.7771525602074915,22,28,7,1,24,33,4,10,0.6772510612763926,70.14699594544959
816,4494,0.236,0.728,0.650088687589028,0.6793502782477092,22,28,7,1,25,33,4,10,0.7652973278406243,72.03855923581291
816,4495,0.624,0.819,0.33006315189344415,0.4947289672096512,22,28,7,1,26,33,4,10,1.0296295450306385,52.69605172201657
816,4496,0.93,0.91,0.062038004731622465,0.3381485871750155,22,28,7,1,27,33,4,10,1.3011533345459327,44.377244312793685
816,4497,1,1,0,0.2928932188134524,22,28,7,1,28,33,4,10,1.4142135623730951,45
816,4502,0.977,0.75,0.009219459737769164,0.31212218555215687,22,28,7,1,10,34,4,10,1.231677311636453,37.51186636099653
816,4503,0.97,0.739,0.011525270574556767,0.3155341435468664,22,28,7,1,11,34,4,10,1.219434705099047,37.30216857432764
816,4504,0.961,0.727,0.01466776499997624,0.31988505192750083,22,28,7,1,12,34,4,10,1.205010373399333,37.10763810513703
816,4505,0.95,0.714,0.01902193392871432,0.32548537280007817,22,28,7,1,13,34,4,10,1.1884006058564596,36.927752671128275
816,4506,0.935,0.7,0.025113432619403464,0.33272697041953403,22,28,7,1,14,34,4,10,1.1680004280821132,36.82084305208247
816,4507,0.915,0.684,0.03367130288045683,0.3421105993227995,22,28,7,1,15,34,4,10,1.1424014180663469,36.779620757032916
816,4508,0.889,0.667,0.04571014517359473,0.35434858112282064,22,28,7,1,16,34,4,10,1.1114000179953212,36.880208205299596
816,4509,0.853,0.647,0.06293021481704086,0.3705986675651529,22,28,7,1,17,34,4,10,1.07061571070109,37.18029580587484
816,4510,0.807,0.625,0.08881110394911962,0.3930097838948743,22,28,7,1,18,34,4,10,1.0207222932805964,37.75682788902394
816,4511,0.746,0.6,0.13001494404574998,0.4255626948360026,22,28,7,1,19,34,4,10,0.9573484214224203,38.809356441759135
816,4512,0.667,0.572,0.1974794888992799,0.4746094282669261,22,28,7,1,20,34,4,10,0.8786768461726985,40.61544000442898
816,4513,0.567,0.539,0.30553938886285836,0.548127327101438,22,28,7,1,21,34,4,10,0.7823106799731165,43.549783709066574
816,4514,0.448,0.5,0.45491362912802735,0.6460894844321265,22,28,7,1,22,34,4,10,0.6713449188010586,48.139660147820265
816,4515,0.32,0.584,0.6136124072927628,0.7335873411864687,22,28,7,1,23,34,4,10,0.6659249206930162,61.27967320213052
816,4516,0.22,0.667,0.7180519135728991,0.7319394883194179,22,28,7,1,24,34,4,10,0.702345356644436,71.74563160418225
816,4517,0.346,0.75,0.5201258504040254,0.6162118980500331,22,28,7,1,25,34,4,10,0.8259636795888787,65.23454922974189
816,4518,0.706,0.833,0.23972425998375357,0.4527504184380782,22,28,7,1,26,34,4,10,1.0919363534565556,49.71742300256913
816,4519,0.954,0.917,0.038411029031209964,0.3260399896947861,22,28,7,1,27,34,4,10,1.3232554553070999,43.86709376957577
816,4520,1,1,0,0.2928932188134524,22,28,7,1,28,34,4,10,1.4142135623730951,45
816,4526,0.965,0.76,0.01281098499989286,0.3183412299596259,22,28,7,1,10,35,4,10,1.228342378980714,38.22272242019553
816,4527,0.955,0.75,0.015917781877604398,0.32259902373948335,22,28,7,1,11,35,4,10,1.2143002099975113,38.14397594479468
816,4528,0.943,0.739,0.020117064098064796,0.327966374545816,22,28,7,1,12,35,4,10,1.1980692801336656,38.08470372296127
816,4529,0.928,0.727,0.02586581676977462,0.3347862336354992,22,28,7,1,13,35,4,10,1.1788608908603253,38.075332632684876
816,4530,0.908,0.714,0.03379505312149389,0.3434852813354592,22,28,7,1,14,35,4,10,1.1551017271219015,38.17951415972078
816,4531,0.882,0.7,0.04472327412272559,0.35460930832648174,22,28,7,1,15,35,4,10,1.126021314185482,38.437301491062534
816,4532,0.848,0.684,0.059847189518654864,0.3689431010471125,22,28,7,1,16,35,4,10,1.0894769387187597,38.88977861121536
816,4533,0.805,0.667,0.08133471715353113,0.38776487491677947,22,28,7,1,17,35,4,10,1.045425272317443,39.644174957144806
816,4534,0.75,0.647,0.11317642473578593,0.41338089690189284,22,28,7,1,18,35,4,10,0.9905094648714873,40.783245150960866
816,4535,0.681,0.625,0.16248524829487832,0.44980770155066707,22,28,7,1,19,35,4,10,0.9243300276416427,42.54471716201256
816,4536,0.596,0.6,0.2396003036867932,0.5027407575525372,22,28,7,1,20,35,4,10,0.8457044400971299,45.191623966174284
816,4537,0.496,0.572,0.35403487084589025,0.5770665401435804,22,28,7,1,21,35,4,10,0.757099729229908,49.07036637322481
816,4538,0.387,0.539,0.49553395459470906,0.6641917344991259,22,28,7,1,22,35,4,10,0.66354351778915,54.321793247846585
816,4539,0.289,0.615,0.6229671582608589,0.7188102359701547,22,28,7,1,23,35,4,10,0.6795189474915324,64.830290971616
816,4540,0.238,0.692,0.6364879247197709,0.6824558999975523,22,28,7,1,24,35,4,10,0.7317841211723578,71.0203367551166
816,4541,0.442,0.769,0.4127112105238778,0.5646350107125839,22,28,7,1,25,35,4,10,0.8869751969474682,60.110898055161535
816,4542,0.768,0.846,0.1740874148616196,0.4214364637315484,22,28,7,1,26,35,4,10,1.1426022930136277,47.76678840116952
816,4543,0.968,0.923,0.023977451393075278,0.3178527870582718,22,28,7,1,27,35,4,10,1.3375174765213351,43.63679346930954
816,4544,1,1,0,0.2928932188134524,22,28,7,1,28,35,4,10,1.4142135623730951,45
816,4617,1,1,0,0.2928932188134524,22,28,7,1,10,22,7,10,1.4142135623730951,45
816,4618,1,1,0,0.2928932188134524,22,28,7,1,11,22,7,10,1.4142135623730951,45
816,4619,1,1,0,0.2928932188134524,22,28,7,1,12,22,7,10,1.4142135623730951,45
816,4620,1,1,0,0.2928932188134524,22,28,7,1,13,22,7,10,1.4142135623730951,45
816,4621,1,1,0,0.2928932188134524,22,28,7,1,14,22,7,10,1.4142135623730951,45
816,4622,1,1,0,0.2928932188134524,22,28,7,1,15,22,7,10,1.4142135623730951,45
816,4623,1,1,0,0.2928932188134524,22,28,7,1,16,22,7,10,1.4142135623730951,45
816,4624,1,1,0,0.2928932188134524,22,28,7,1,17,22,7,10,1.4142135623730951,45
816,4625,1,1,0,0.2928932188134524,22,28,7,1,18,22,7,10,1.4142135623730951,45
816,4626,1,1,0,0.2928932188134524,22,28,7,1,19,22,7,10,1.4142135623730951,45
816,4627,1,1,0,0.2928932188134524,22,28,7,1,20,22,7,10,1.4142135623730951,45
816,4628,1,1,0,0.2928932188134524,22,28,7,1,21,22,7,10,1.4142135623730951,45
816,4629,1,0.945,1.012174899450713e-9,0.2928932210409525,22,28,7,1,10,23,7,10,1.3758724504836921,43.38024250274473
816,4630,1,0.942,1.6743179065414893e-9,0.29289322206904433,22,28,7,1,11,23,7,10,1.3738136700440857,43.289306039103366
816,4631,1,0.938,2.8849217459381293e-9,0.2928932237892292,22,28,7,1,12,23,7,10,1.3710740315533658,43.16763304046667
816,4632,1,0.934,5.219348175877769e-9,0.2928932268402451,22,28,7,1,13,23,7,10,1.3683406008739198,43.045473375173806
816,4633,1,0.929,9.94959181710442e-9,0.29289323260972155,22,28,7,1,14,23,7,10,1.3649325990685401,42.8920866639288
816,4634,1,0.923,1.97000328272523e-8,0.2928932443867517,22,28,7,1,15,23,7,10,1.3608559806239602,42.707010169212275
816,4635,1,0.917,4.101350992158359e-8,0.29289327060366743,22,28,7,1,16,23,7,10,1.3567936468011634,42.52082345847564
816,4636,1,0.91,8.754030056401518e-8,0.2928933339766716,22,28,7,1,17,23,7,10,1.3520724832641184,42.3021943666837
816,4637,1,0.9,1.8421248770827958e-7,0.29289350253888824,22,28,7,1,18,23,7,10,1.3453624047073711,41.98721249581666
816,4638,1,0.889,4.0584465044180007e-7,0.2928940518558546,22,28,7,1,19,23,7,10,1.3380287739805896,41.63709543013025
816,4639,1,0.875,9.247648409260734e-7,0.29289644530107906,22,28,7,1,20,23,7,10,1.3287682265918312,41.18592516570965
816,4640,1,0.857,2.182140181994363e-6,0.29291236845497703,22,28,7,1,21,23,7,10,1.3169848138835922,40.59657583596283
816,4641,1,0.834,5.140209019538489e-6,0.29310358471985243,22,28,7,1,22,23,7,10,1.3021351696348578,39.82810630428432
816,4642,1,0.889,4.6411221532594027e-7,0.2928940095497714,22,28,7,1,10,24,7,10,1.3380287739805896,41.63709543013025
816,4643,1,0.883,7.15088963154642e-7,0.29289433349660554,22,28,7,1,11,24,7,10,1.3340498491435768,41.4445038973404
816,4644,1,0.875,1.1362450351715125e-6,0.2928948507032585,22,28,7,1,12,24,7,10,1.3287682265918312,41.18592516570965
816,4645,1,0.867,1.8706241736721196e-6,0.29289571517102864,22,28,7,1,13,24,7,10,1.323513883569039,40.92528797789907
816,4646,1,0.857,3.1704857844649936e-6,0.2928972307780978,22,28,7,1,14,24,7,10,1.3169848138835922,40.59657583596283
816,4647,1,0.846,5.5162087486682054e-6,0.2929000269042442,22,28,7,1,15,24,7,10,1.30985342691463,40.23122105657414
816,4648,1,0.833,9.786339979944714e-6,0.29290543515389644,22,28,7,1,16,24,7,10,1.3014949097096,39.79429794346564
816,4649,1,0.819,1.7656240974828208e-5,0.29291631057274625,22,28,7,1,17,24,7,10,1.2925792045364184,39.31747620953449
816,4650,1,0.8,3.2040681651746006e-5,0.29293968543200166,22,28,7,1,18,24,7,10,1.2806248474865698,38.659808254090095
816,4651,1,0.778,5.969460888932687e-5,0.2929967101090295,22,28,7,1,19,24,7,10,1.266998026833507,37.88291605856699
816,4652,1,0.75,1.1578384706911748e-4,0.2931564103289699,22,28,7,1,20,24,7,10,1.25,36.86989764584402
816,4653,1,0.714,2.3453492126146447e-4,0.29369434792128346,22,28,7,1,21,24,7,10,1.2287375635179385,35.52683658500573
816,4654,1,0.667,4.898278635332431e-4,0.29567606768186094,22,28,7,1,22,24,7,10,1.202035357217083,33.70328759485296
816,4655,0.998,0.834,9.530907665213917e-4,0.3005863698476854,22,28,7,1,23,24,7,10,1.30059986160233,39.88453746411934
816,4656,1,0.834,1.126124882588897e-5,0.29291130980296964,22,28,7,1,10,25,7,10,1.3021351696348578,39.82810630428432
816,4657,1,0.824,1.657440000901733e-5,0.2929179554009028,22,28,7,1,11,25,7,10,1.2957530628943155,39.48852258397938
816,4658,1,0.813,2.5105313301909682e-5,0.2929281323758599,22,28,7,1,12,25,7,10,1.2887858627405873,39.111110804715416
816,4659,1,0.8,3.902925887155906e-5,0.2929442617284571,22,28,7,1,13,25,7,10,1.2806248474865698,38.659808254090095
816,4660,1,0.786,6.226984311852313e-5,0.2929706704101488,22,28,7,1,14,25,7,10,1.2719260984821406,38.1673468344621
816,4661,1,0.769,1.016143707350814e-4,0.29301519947932386,22,28,7,1,15,25,7,10,1.2614915774590014,37.560284279318815
816,4662,1,0.75,1.6823917705699465e-4,0.2930919468482389,22,28,7,1,16,25,7,10,1.25,36.86989764584402
816,4663,1,0.728,2.798567768450555e-4,0.29322715545819544,22,28,7,1,17,25,7,10,1.2369252200517216,36.05461816646104
816,4664,1,0.7,4.7020846865242216e-4,0.29347849261683234,22,28,7,1,18,25,7,10,1.2206555615733703,34.99202019855866
816,4665,0.999,0.667,7.949783973636437e-4,0.29398656972205506,22,28,7,1,19,25,7,10,1.2012035630982785,33.729755198814786
816,4666,0.999,0.625,0.0013759534611295088,0.29510460314055365,22,28,7,1,20,25,7,10,1.178399762389657,32.03115264932201
816,4667,0.998,0.572,0.002443695089609177,0.2977997469768032,22,28,7,1,21,25,7,10,1.1502990915409783,29.819018559228233
816,4668,0.996,0.5,0.004269506435379267,0.3042687533560575,22,28,7,1,22,25,7,10,1.1144577156626445,26.65701864145414
816,4669,0.989,0.667,0.007510907603782813,0.315470202557541,22,28,7,1,23,25,7,10,1.1928998281498746,33.996459148250494
816,4670,0.97,0.834,0.011685048314636348,0.3249893257822486,22,28,7,1,24,25,7,10,1.2792403996122073,40.68873938220026
816,4671,1,0.778,9.01341950273471e-5,0.29302744659438185,22,28,7,1,10,26,7,10,1.266998026833507,37.88291605856699
816,4672,1,0.765,1.2872606656133545e-4,0.29307185189204654,22,28,7,1,11,26,7,10,1.2590571869458511,37.41598861857788
816,4673,1,0.75,1.8820931029195354e-4,0.29313723146365767,22,28,7,1,12,26,7,10,1.25,36.86989764584402
816,4674,1,0.733,2.8108641734148065e-4,0.29323580360460944,22,28,7,1,13,26,7,10,1.2398745904324355,36.24141615772501
816,4675,1,0.714,4.2645576311484135e-4,0.29338732200496376,22,28,7,1,14,26,7,10,1.2287375635179385,35.52683658500573
816,4676,0.999,0.692,6.523183893853979e-4,0.29362350933552406,22,28,7,1,15,26,7,10,1.2152633459460547,34.71006265905596
816,4677,0.999,0.667,9.927162038163573e-4,0.2939952098853885,22,28,7,1,16,26,7,10,1.2012035630982785,33.729755198814786
816,4678,0.999,0.637,0.0015116333326574694,0.29459115468472985,22,28,7,1,17,26,7,10,1.1848080013234212,32.52311750405272
816,4679,0.998,0.6,0.0023204598530378595,0.2955931290323177,22,28,7,1,18,26,7,10,1.1644758477529709,31.01438607369365
816,4680,0.996,0.556,0.0036053396519356573,0.2973870154767373,22,28,7,1,19,26,7,10,1.1406804986498191,29.171693403747582
816,4681,0.994,0.5,0.005718925627080762,0.30080321677076904,22,28,7,1,20,26,7,10,1.112670661067326,26.70322401094096
816,4682,0.989,0.429,0.009683377291209716,0.30764209015618893,22,28,7,1,21,26,7,10,1.0780361775005511,23.449824964670608
816,4683,0.98,0.333,0.01757343545490464,0.32093120925845764,22,28,7,1,22,26,7,10,1.0350309174126153,18.76755120073466
816,4684,0.96,0.5,0.03158169071986516,0.3429594916300849,22,28,7,1,23,26,7,10,1.0824047302187847,27.512002623851455
816,4685,0.914,0.667,0.05263820385396911,0.36768075571642833,22,28,7,1,24,26,7,10,1.1314967962835778,36.12044636937298
816,4686,0.821,0.834,0.06607143371926905,0.3814126490105918,22,28,7,1,25,26,7,10,1.1702978253419083,45.450048226622364
816,4687,1,0.722,3.94731711402585e-4,0.29345537272463074,22,28,7,1,10,27,7,10,1.2334034214319336,35.82928433102471
816,4688,0.999,0.706,5.456010348192653e-4,0.29362385498743415,22,28,7,1,11,27,7,10,1.2232894179220222,35.249105081031196
816,4689,0.999,0.688,7.65265104252677e-4,0.2938631406654789,22,28,7,1,12,27,7,10,1.2129901071319584,34.55474494650793
816,4690,0.999,0.667,0.0010839228490179265,0.2942081451305376,22,28,7,1,13,27,7,10,1.2012035630982785,33.729755198814786
816,4691,0.998,0.643,0.0015482112227231948,0.2947106356246504,22,28,7,1,14,27,7,10,1.1872038578104436,32.79322086692087
816,4692,0.998,0.615,0.002225496538688976,0.2954470944822931,22,28,7,1,15,27,7,10,1.1722751383527674,31.6427237448101
816,4693,0.996,0.584,0.003195845365893679,0.2965346994286566,22,28,7,1,16,27,7,10,1.1545873721810749,30.38503096646576
816,4694,0.995,0.545,0.004594558072118393,0.2981775916158561,22,28,7,1,17,27,7,10,1.1344822607692022,28.711225969940553
816,4695,0.992,0.5,0.006733086618316508,0.30077790194567666,22,28,7,1,18,27,7,10,1.1108843324126954,26.749578009339476
816,4696,0.987,0.444,0.010325799877911157,0.3051286344733606,22,28,7,1,19,27,7,10,1.0822684509861682,24.22050368761949
816,4697,0.979,0.375,0.01686305081246997,0.3128181342932368,22,28,7,1,20,27,7,10,1.0483634865827787,20.95903445552186
816,4698,0.966,0.286,0.028655541361102266,0.3269769079897068,22,28,7,1,21,27,7,10,1.007448261698833,16.492243839564217
816,4699,0.943,0.167,0.050923829239524654,0.35270474981404376,22,28,7,1,22,27,7,10,0.957673221929067,10.042637297524767
816,4700,0.898,0.334,0.0918732674525744,0.39384259621970386,22,28,7,1,23,27,7,10,0.9581022909898504,20.40206230796242
816,4701,0.81,0.5,0.15635385326515905,0.44293859820952464,22,28,7,1,24,27,7,10,0.9518928511129812,31.686367687856603
816,4702,0.666,0.667,0.2212795894598275,0.4847959197051894,22,28,7,1,25,27,7,10,0.9425736045529814,45.04298257221662
816,4703,0.527,0.834,0.20454649576683315,0.4739311111915193,22,28,7,1,26,27,7,10,0.9865520766791787,57.7114337687463
816,4704,0.999,0.667,0.0011595756234710208,0.29460316823977173,22,28,7,1,10,28,7,10,1.2012035630982785,33.729755198814786
816,4705,0.998,0.647,0.0015463302819219704,0.2950708167594085,22,28,7,1,11,28,7,10,1.1893750459800307,32.955203935520316
816,4706,0.997,0.625,0.0020913501061256,0.29571436504454396,22,28,7,1,12,28,7,10,1.1767047208199686,32.082802915284425
816,4707,0.996,0.6,0.0028564835033152436,0.2966081960514244,22,28,7,1,13,28,7,10,1.1627622284886967,31.065164885498643
816,4708,0.995,0.572,0.003928219330262994,0.29785658799463777,22,28,7,1,14,28,7,10,1.1476972597335937,29.893492085296447
816,4709,0.992,0.539,0.005415740866782537,0.2996091378774165,22,28,7,1,15,28,7,10,1.1289751990190042,28.517302464807685
816,4710,0.989,0.5,0.007545437568720503,0.3020986716522438,22,28,7,1,16,28,7,10,1.1082062082482664,26.819389124986376
816,4711,0.984,0.455,0.010759212125891482,0.3057393699304033,22,28,7,1,17,28,7,10,1.0841037773202342,24.815744451652193
816,4712,0.977,0.4,0.0159323936860013,0.31132600790564535,22,28,7,1,18,28,7,10,1.055712555575617,22.265006380022147
816,4713,0.966,0.333,0.024623198459864715,0.32037242809443134,22,28,7,1,19,28,7,10,1.0217852024765284,19.02012213832116
816,4714,0.948,0.25,0.03966058574127351,0.3358090743959248,22,28,7,1,20,28,7,10,0.9804101182668404,14.773308332455345
816,4715,0.92,0.143,0.06787705434817137,0.36308434847539517,22,28,7,1,21,28,7,10,0.9310472598101559,8.83505814179971
816,4716,0.873,0,0.12048888975936856,0.4100181225790187,22,28,7,1,22,28,7,10,0.873,0
816,4717,0.793,0.167,0.2078854040113235,0.4782931321250221,22,28,7,1,23,28,7,10,0.8103937314663782,11.89229933479391
816,4718,0.656,0.333,0.32114102787168985,0.5547978056279189,22,28,7,1,24,28,7,10,0.7356799575902555,26.91334949773674
816,4719,0.471,0.5,0.438029611416477,0.6229887020868585,22,28,7,1,25,28,7,10,0.6869068350220429,46.710693960896634
816,4720,0.36,0.667,0.4627966567762549,0.6279496695657525,22,28,7,1,26,28,7,10,0.757950526089929,61.64292635608554
816,4721,0.418,0.834,0.2743964679359905,0.513872044189905,22,28,7,1,27,28,7,10,0.9328879889890318,63.380015206472535
816,4722,0.996,0.684,0.0026408225170280186,0.2970894222807462,22,28,7,1,10,29,7,10,1.2082516294216201,34.47921568612564
816,4723,0.994,0.667,0.0034436719116525127,0.2981426366039449,22,28,7,1,11,29,7,10,1.1970484534888302,33.862644653218624
816,4724,0.993,0.647,0.00454363985193551,0.2995535363336177,22,28,7,1,12,29,7,10,1.1851826863399584,33.086694072475595
816,4725,0.99,0.625,0.0060422780984624724,0.30145533820657,22,28,7,1,13,29,7,10,1.1707796547600235,32.26475572111064
816,4726,0.986,0.6,0.00812797004569199,0.3040310458459584,22,28,7,1,14,29,7,10,1.1542079535335044,31.321318419101328
816,4727,0.981,0.572,0.011097811277553382,0.3075465826777224,22,28,7,1,15,29,7,10,1.1355813489134101,30.245541668063535
816,4728,0.974,0.539,0.0154473943580693,0.3124304083904269,22,28,7,1,16,29,7,10,1.1131922565307395,28.959619471778478
816,4729,0.964,0.5,0.022075955851029727,0.3194514060108403,22,28,7,1,17,29,7,10,1.0859539585083706,27.414514493072488
816,4730,0.949,0.454,0.03249136211907655,0.3300452549156925,22,28,7,1,18,29,7,10,1.0520061786890798,25.566373856728266
816,4731,0.927,0.4,0.049819134700319845,0.34686511866366754,22,28,7,1,19,29,7,10,1.0096182446845938,23.340171680899847
816,4732,0.894,0.333,0.08078216920413683,0.37480273437380784,22,28,7,1,20,29,7,10,0.9540047169694708,20.42951812416385
816,4733,0.844,0.25,0.13677022721026966,0.4219852304081776,22,28,7,1,21,29,7,10,0.8802476924139023,16.499738517515166
816,4734,0.767,0.143,0.2313007167386626,0.4968655186434412,22,28,7,1,22,29,7,10,0.7802166365824302,10.561010691196383
816,4735,0.646,0.286,0.3624472897721349,0.5955007157782092,22,28,7,1,23,29,7,10,0.7064785913246062,23.88014384657524
816,4736,0.461,0.429,0.5275945525495112,0.7044585491403423,22,28,7,1,24,29,7,10,0.629731688896152,42.94081407161082
816,4737,0.266,0.572,0.69088188902583,0.7911580912835872,22,28,7,1,25,29,7,10,0.630824856834288,65.05992518044678
816,4738,0.259,0.714,0.6301891473900156,0.6996684250276473,22,28,7,1,26,29,7,10,0.7595241931630617,70.06200825579447
816,4739,0.681,0.857,0.2153576731505229,0.45000806146023664,22,28,7,1,27,29,7,10,1.094627790621086,51.528206897672625
816,4740,1,1,0,0.2928932188134524,22,28,7,1,28,29,7,10,1.4142135623730951,45
816,4741,0.99,0.7,0.005128647437406264,0.3015628260833316,22,28,7,1,10,30,7,10,1.2124768039018314,35.26301172959725
816,4742,0.987,0.684,0.006576766805802103,0.303566566130835,22,28,7,1,11,30,7,10,1.200843453577526,34.72231221754552
816,4743,0.983,0.667,0.008545255620671877,0.30619034618963303,22,28,7,1,12,30,7,10,1.1879301326256524,34.1582691711514
816,4744,0.978,0.647,0.011264340860619004,0.30964394245278726,22,28,7,1,13,30,7,10,1.1726435946185867,33.486795745730525
816,4745,0.971,0.625,0.015073486698592098,0.31421699625322874,22,28,7,1,14,30,7,10,1.154757983302129,32.768019523880504
816,4746,0.961,0.6,0.02050421865269203,0.3203416964040128,22,28,7,1,15,30,7,10,1.1329258581213513,31.978579420970217
816,4747,0.948,0.572,0.028396261834054082,0.3287298766211024,22,28,7,1,16,30,7,10,1.1071982658945958,31.105753216606644
816,4748,0.929,0.539,0.04015909028490683,0.3406453330355046,22,28,7,1,17,30,7,10,1.074040036497709,30.122039428458724
816,4749,0.902,0.5,0.05879591772135684,0.3583659625315514,22,28,7,1,18,30,7,10,1.0313117860278724,29.00064312471946
816,4750,0.865,0.455,0.09016656055456573,0.3859112188863707,22,28,7,1,19,30,7,10,0.9773689170420758,27.74488899790805
816,4751,0.812,0.4,0.14420472424562514,0.43007422777805404,22,28,7,1,20,30,7,10,0.9051762259361433,26.22535685976535
816,4752,0.735,0.333,0.2351474815025173,0.5001435415316872,22,28,7,1,21,30,7,10,0.8069163525421951,24.37343693354553
816,4753,0.625,0.25,0.36834274828648605,0.6011641652323907,22,28,7,1,22,30,7,10,0.673145600891813,21.80140948635181
816,4754,0.467,0.375,0.5391948977610705,0.7224943486360766,22,28,7,1,23,30,7,10,0.5989273745622252,38.76438974331501
816,4755,0.258,0.5,0.7419900444356874,0.8368941275974277,22,28,7,1,24,30,7,10,0.562640204749003,62.706265956520745
816,4756,0.156,0.625,0.8241056363099873,0.7935735453263913,22,28,7,1,25,30,7,10,0.6441746657545607,75.98532873719616
816,4757,0.496,0.75,0.46552153538596,0.5743898506735792,22,28,7,1,26,30,7,10,0.8991751775933319,56.52200718538946
816,4758,0.89,0.875,0.10002275295130447,0.3559832251068771,22,28,7,1,27,30,7,10,1.2480885385260134,44.513078752186885
816,4759,1,1,0,0.2928932188134524,22,28,7,1,28,30,7,10,1.4142135623730951,45
816,4761,0.98,0.714,0.008942417358063892,0.30837673007860533,22,28,7,1,10,31,7,10,1.212516391641779,36.0760115563686
816,4762,0.975,0.7,0.01138892966421079,0.31167959667557044,22,28,7,1,11,31,7,10,1.2002603884157803,35.67640822186198
816,4763,0.968,0.684,0.014718010217196209,0.31592195639105913,22,28,7,1,12,31,7,10,1.185276339087219,35.245469602149285
816,4764,0.958,0.667,0.019294221144724788,0.32140043011335995,22,28,7,1,13,31,7,10,1.1673272891524467,34.84726311569354
816,4765,0.946,0.647,0.025656180055461775,0.32853071383971844,22,28,7,1,14,31,7,10,1.1460911831089182,34.36948708146715
816,4766,0.929,0.625,0.03457289388843365,0.3379456342800703,22,28,7,1,15,31,7,10,1.1196722734800573,33.9313413665365
816,4767,0.906,0.6,0.04733090837974363,0.35068987255821416,22,28,7,1,16,31,7,10,1.0866627811791476,33.5145832982414
816,4768,0.876,0.572,0.06653215620186903,0.36856962072647215,22,28,7,1,17,31,7,10,1.0462122155662301,33.14325272260476
816,4769,0.835,0.539,0.0969574360363945,0.3946878425898175,22,28,7,1,18,31,7,10,0.9938541140429011,32.8426059399264
816,4770,0.779,0.5,0.146578342069422,0.4341328508805634,22,28,7,1,19,31,7,10,0.9256570639281051,32.69431666107674
816,4771,0.704,0.455,0.22753073833327309,0.4943537539085493,22,28,7,1,20,31,7,10,0.8382368400398541,32.87486161342045
816,4772,0.603,0.4,0.3497611125798765,0.5824487549808588,22,28,7,1,21,31,7,10,0.7236083194657176,33.55830283796427
816,4773,0.469,0.333,0.5086840817928893,0.695147690037149,22,28,7,1,22,31,7,10,0.5751956188984753,35.37556405457749
816,4774,0.3,0.444,0.6928893750899866,0.804256353023501,22,28,7,1,23,31,7,10,0.5358507254823865,55.95406264339834
816,4775,0.144,0.556,0.8470977357791301,0.8157819079262283,22,28,7,1,24,31,7,10,0.5743448441485307,75.47985098146299
816,4776,0.337,0.667,0.637043519917424,0.6638194926397197,22,28,7,1,25,31,7,10,0.747300475043339,63.194932000338255
816,4777,0.701,0.778,0.28040450751108714,0.4653490731771597,22,28,7,1,26,31,7,10,1.0472272914701946,47.98025388314262
816,4778,0.962,0.889,0.03710493918665081,0.32135785589844035,22,28,7,1,27,31,7,10,1.3098721311639545,42.741531368233055
816,4779,1,1,0,0.2928932188134524,22,28,7,1,28,31,7,10,1.4142135623730951,45
816,4782,0.964,0.727,0.014497462977307363,0.3174737471805408,22,28,7,1,10,32,7,10,1.2074042405093663,37.021749613009376
816,4783,0.955,0.714,0.018368586790943997,0.32232773877258303,22,28,7,1,11,32,7,10,1.1924013586037212,36.78340626309897
816,4784,0.943,0.7,0.023589609101733577,0.32846226308596893,22,28,7,1,12,32,7,10,1.1744143221197534,36.58693373285446
816,4785,0.928,0.684,0.03067677918124989,0.33626210668824186,22,28,7,1,13,32,7,10,1.1528399715485234,36.39277518824111
816,4786,0.908,0.667,0.04034266856581148,0.346273756552266,22,28,7,1,14,32,7,10,1.1266556705577797,36.300315193095834
816,4787,0.882,0.647,0.05372628470765739,0.35933469373659654,22,28,7,1,15,32,7,10,1.093861508601523,36.26228553502152
816,4788,0.849,0.625,0.07296040700735096,0.3768071097859915,22,28,7,1,16,32,7,10,1.05424190772327,36.35902110028661
816,4789,0.805,0.6,0.1017250481108587,0.4009524520203357,22,28,7,1,17,32,7,10,1.0040044820617087,36.69869562693899
816,4790,0.749,0.571,0.14614445957355704,0.43540317719583743,22,28,7,1,18,32,7,10,0.9418290715411156,37.32007819738806
816,4791,0.676,0.539,0.21529331834995824,0.48545856416954103,22,28,7,1,19,32,7,10,0.8645790883429926,38.566661295758315
816,4792,0.584,0.5,0.3193188172433954,0.5570624624919054,22,28,7,1,20,32,7,10,0.7688016649305593,40.56896068708647
816,4793,0.47,0.454,0.4583691422023093,0.6509810980749258,22,28,7,1,21,32,7,10,0.6534646126608541,44.007964434011384
816,4794,0.339,0.4,0.6161736870911223,0.7486607287371561,22,28,7,1,22,32,7,10,0.5243290951301482,49.71872396484131
816,4795,0.209,0.5,0.7623338969864283,0.7905412308429602,22,28,7,1,23,32,7,10,0.5419234263251589,67.3150724488247
816,4796,0.193,0.6,0.6928319142143349,0.7122351539315244,22,28,7,1,24,32,7,10,0.6302769232646869,72.16874753611675
816,4797,0.524,0.7,0.42373474669794264,0.557446322730851,22,28,7,1,25,32,7,10,0.8744003659651567,53.1825229978214
816,4798,0.825,0.8,0.15591990550222423,0.40175604656251895,22,28,7,1,26,32,7,10,1.1491844934561204,44.11859600341787
816,4799,0.987,0.9,0.012953919293806515,0.307400191728216,22,28,7,1,27,32,7,10,1.3357278914509496,42.36025153203445
816,4800,1,1,0,0.2928932188134524,22,28,7,1,28,32,7,10,1.4142135623730951,45
816,4804,0.941,0.739,0.022100392541024028,0.3284983952757936,22,28,7,1,10,33,7,10,1.1964957166659644,38.14377876817436
816,4805,0.927,0.727,0.02781644336105704,0.3350317536187527,22,28,7,1,11,33,7,10,1.178073851674843,38.10532577626087
816,4806,0.909,0.715,0.03540694794735599,0.34317633517790935,22,28,7,1,12,33,7,10,1.1565059446453356,38.18783479069522
816,4807,0.886,0.7,0.04552638445344903,0.353397638835488,22,28,7,1,13,33,7,10,1.1291572078324612,38.31112455060879
816,4808,0.858,0.684,0.05916525581573984,0.3663602985746027,22,28,7,1,14,33,7,10,1.0972784514424767,38.561950485001574
816,4809,0.822,0.667,0.0780239560842848,0.38307480570163033,22,28,7,1,15,33,7,10,1.0585712068632889,39.05710221651674
816,4810,0.777,0.647,0.1048592716504827,0.40513531727571794,22,28,7,1,16,33,7,10,1.0111073137901831,39.783804936728856
816,4811,0.722,0.625,0.14413230447587566,0.43503753318845784,22,28,7,1,17,33,7,10,0.9549392650844346,40.881133233008875
816,4812,0.653,0.6,0.20230747792376336,0.47640075415452066,22,28,7,1,18,33,7,10,0.8867970455521376,42.57791921719952
816,4813,0.569,0.572,0.28750263219423366,0.5334830621862213,22,28,7,1,19,33,7,10,0.8068116260937245,45.150645874190104
816,4814,0.472,0.539,0.4031733173888423,0.6082240165754346,22,28,7,1,20,33,7,10,0.7164530689445052,48.791505594578034
816,4815,0.367,0.5,0.5380293425165203,0.6912892244366359,22,28,7,1,21,33,7,10,0.6202330207268878,53.72133094768745
816,4816,0.268,0.455,0.6631793087686693,0.7470478480894553,22,28,7,1,22,33,7,10,0.5280615494428657,59.501447433968096
816,4817,0.206,0.545,0.710737074011364,0.7227870948361578,22,28,7,1,23,33,7,10,0.5826328174759812,69.29432773332438
816,4818,0.359,0.637,0.5119347604808111,0.6196437634408793,22,28,7,1,24,33,7,10,0.7311976476986233,60.59529321027741
816,4819,0.663,0.728,0.275148880894985,0.483794581652382,22,28,7,1,25,33,7,10,0.9846588241619532,47.675426656029146
816,4820,0.899,0.819,0.08382187917058304,0.3642012657291668,22,28,7,1,26,33,7,10,1.216125815859527,42.333903587097225
816,4821,0.995,0.91,0.004518853606929385,0.3008808211838395,22,28,7,1,27,33,7,10,1.3483786560161801,42.445189954153264
816,4822,1,1,0,0.2928932188134524,22,28,7,1,28,33,7,10,1.4142135623730951,45
816,4827,0.909,0.75,0.03186873647844324,0.34095497149665377,22,28,7,1,10,34,7,10,1.178465527709657,39.52544402421319
816,4828,0.889,0.739,0.03974981655626464,0.34918094055127125,22,28,7,1,11,34,7,10,1.1560458468417245,39.73576787343399
816,4829,0.865,0.727,0.05004718692501409,0.3593138663052371,22,28,7,1,12,34,7,10,1.1299353963833507,40.04578995011528
816,4830,0.834,0.714,0.06360998353070824,0.3718833165568567,22,28,7,1,13,34,7,10,1.0978852399044263,40.56733153131014
816,4831,0.797,0.7,0.0817832066801667,0.3876408138286678,22,28,7,1,14,34,7,10,1.0607586907492204,41.29263055580429
816,4832,0.753,0.684,0.1066196413094953,0.40770255088582064,22,28,7,1,15,34,7,10,1.0172831464248289,42.2509570971444
816,4833,0.698,0.667,0.14128382919538274,0.4337446306540237,22,28,7,1,16,34,7,10,0.965449636179951,43.69900081096289
816,4834,0.634,0.647,0.19025386804220001,0.46816608221477485,22,28,7,1,17,34,7,10,0.9058504291548357,45.58143603833406
816,4835,0.559,0.625,0.25931419556971946,0.5138700160481593,22,28,7,1,18,34,7,10,0.8385141620747977,48.1905506323246
816,4836,0.476,0.6,0.35261625561482923,0.5727219637699142,22,28,7,1,19,34,7,10,0.7658824975151214,51.573860024285835
816,4837,0.389,0.572,0.4651782684895518,0.6407137753226453,22,28,7,1,20,34,7,10,0.691740558302027,55.78155814684011
816,4838,0.31,0.539,0.5757065061629112,0.6983669101978791,22,28,7,1,21,34,7,10,0.6217885492673535,60.09510696801099
816,4839,0.256,0.5,0.6446853698089916,0.7082464805455726,22,28,7,1,22,34,7,10,0.5617259118110896,62.88755357204426
816,4840,0.239,0.584,0.5634793092828145,0.6506476210278271,22,28,7,1,23,34,7,10,0.6310126781610651,67.74333639623472
816,4841,0.501,0.667,0.3675423248740921,0.5475469157153856,22,28,7,1,24,34,7,10,0.8342002157755655,53.08889225851973
816,4842,0.765,0.75,0.17540413864192583,0.4327657024402338,22,28,7,1,25,34,7,10,1.0713192801401457,44.432733590142064
816,4843,0.941,0.833,0.04442741282322249,0.34089637925515626,22,28,7,1,26,34,7,10,1.256729883467406,41.516168908999546
816,4844,0.998,0.917,0.0016507611531720867,0.29755983729873703,22,28,7,1,27,34,7,10,1.355320257356172,42.57796688844134
816,4845,1,1,0,0.2928932188134524,22,28,7,1,28,34,7,10,1.4142135623730951,45
816,4851,0.87,0.76,0.04366650605162348,0.3543223298011188,22,28,7,1,10,35,7,10,1.1552056094046634,41.13926737511673
816,4852,0.843,0.75,0.053911926105870145,0.364160362536752,22,28,7,1,11,35,7,10,1.1283390447910593,41.658841070192935
816,4853,0.812,0.739,0.06713725563287898,0.3761469149958001,22,28,7,1,12,35,7,10,1.0979367012719814,42.3052820684241
816,4854,0.775,0.727,0.08440718909197698,0.39084931203929685,22,28,7,1,13,35,7,10,1.0626165818393762,43.16959936475117
816,4855,0.73,0.714,0.10726072623511251,0.40905651403915966,22,28,7,1,14,35,7,10,1.0211248699351123,44.365169696625145
816,4856,0.678,0.7,0.13790609111867247,0.43189156890065405,22,28,7,1,15,35,7,10,0.974517316418749,45.91465897693888
816,4857,0.619,0.684,0.17944661542694074,0.4609126967799244,22,28,7,1,16,35,7,10,0.9225058265398652,47.85582580648367
816,4858,0.551,0.667,0.23575006181080504,0.4980278157493765,22,28,7,1,17,35,7,10,0.8651531656302254,50.440332031005504
816,4859,0.479,0.647,0.3104153503989163,0.5447074603646114,22,28,7,1,18,35,7,10,0.8050155278005512,53.485972184777864
816,4860,0.406,0.625,0.4020770997157527,0.5994249695695576,22,28,7,1,19,35,7,10,0.7452925600058007,56.992246680338575
816,4861,0.34,0.6,0.4981868965677885,0.6521580424301598,22,28,7,1,20,35,7,10,0.6896375859826667,60.4612177404419
816,4862,0.294,0.572,0.5708605979206791,0.6794551170529606,22,28,7,1,21,35,7,10,0.6431329567049102,62.79746993252501
816,4863,0.273,0.539,0.5735358003655385,0.6572311706802652,22,28,7,1,22,35,7,10,0.6041936775571224,63.13808215559732
816,4864,0.342,0.615,0.43350470546098263,0.5876185366875579,22,28,7,1,23,35,7,10,0.7036966676061497,60.921670941817915
816,4865,0.615,0.692,0.25909014055417967,0.4924528253979984,22,28,7,1,24,35,7,10,0.9257910131341738,48.37160022024352
816,4866,0.836,0.769,0.11051973774938861,0.3967959632887723,22,28,7,1,25,35,7,10,1.1358948014671078,42.60960142952793
816,4867,0.965,0.846,0.023481560330261053,0.3260157384429009,22,28,7,1,26,35,7,10,1.2833319913412897,41.240524557896066
816,4868,0.999,0.923,6.550724075712333e-4,0.2957743801802566,22,28,7,1,27,35,7,10,1.360121318118351,42.735581767640426
816,4869,1,1,0,0.2928932188134524,22,28,7,1,28,35,7,10,1.4142135623730951,45
816,4942,1,1,0,0.2928932188134524,22,28,7,1,10,22,10,10,1.4142135623730951,45
816,4943,1,1,0,0.2928932188134524,22,28,7,1,11,22,10,10,1.4142135623730951,45
816,4944,1,1,0,0.2928932188134524,22,28,7,1,12,22,10,10,1.4142135623730951,45
816,4945,1,1,0,0.2928932188134524,22,28,7,1,13,22,10,10,1.4142135623730951,45
816,4946,1,1,0,0.2928932188134524,22,28,7,1,14,22,10,10,1.4142135623730951,45
816,4947,1,1,0,0.2928932188134524,22,28,7,1,15,22,10,10,1.4142135623730951,45
816,4948,1,1,0,0.2928932188134524,22,28,7,1,16,22,10,10,1.4142135623730951,45
816,4949,1,1,0,0.2928932188134524,22,28,7,1,17,22,10,10,1.4142135623730951,45
816,4950,1,1,0,0.2928932188134524,22,28,7,1,18,22,10,10,1.4142135623730951,45
816,4951,1,1,0,0.2928932188134524,22,28,7,1,19,22,10,10,1.4142135623730951,45
816,4952,1,1,0,0.2928932188134524,22,28,7,1,20,22,10,10,1.4142135623730951,45
816,4953,1,1,0,0.2928932188134524,22,28,7,1,21,22,10,10,1.4142135623730951,45
816,4954,1,0.945,3.975512141707327e-9,0.2928932252551698,22,28,7,1,10,23,10,10,1.3758724504836921,43.38024250274473
816,4955,1,0.942,6.451950085306635e-9,0.29289322837564247,22,28,7,1,11,23,10,10,1.3738136700440857,43.289306039103366
816,4956,1,0.938,1.0789874660410703e-8,0.2928932336386362,22,28,7,1,12,23,10,10,1.3710740315533658,43.16763304046667
816,4957,1,0.934,1.8553082403727217e-8,0.29289324298191055,22,28,7,1,13,23,10,10,1.3683406008739198,43.045473375173806
816,4958,1,0.929,3.301089024354553e-8,0.2928932605611959,22,28,7,1,14,23,10,10,1.3649325990685401,42.8920866639288
816,4959,1,0.923,6.08996173490084e-8,0.29289329577467904,22,28,7,1,15,23,10,10,1.3608559806239602,42.707010169212275
816,4960,1,0.917,1.1197694516074108e-7,0.29289337081345834,22,28,7,1,16,23,10,10,1.3567936468011634,42.52082345847564
816,4961,1,0.91,2.07104839278216e-7,0.2928935426383463,22,28,7,1,17,23,10,10,1.3520724832641184,42.3021943666837
816,4962,1,0.9,3.916272419690614e-7,0.2928939899183216,22,28,7,1,18,23,10,10,1.3453624047073711,41.98721249581666
816,4963,1,0.889,7.56264934231865e-7,0.2928954012416112,22,28,7,1,19,23,10,10,1.3380287739805896,41.63709543013025
816,4964,1,0.875,1.494281656300167e-6,0.2929010150001836,22,28,7,1,20,23,10,10,1.3287682265918312,41.18592516570965
816,4965,1,0.857,3.0349678046270867e-6,0.2929340821489309,22,28,7,1,21,23,10,10,1.3169848138835922,40.59657583596283
816,4966,1,0.834,5.998952211427877e-6,0.2931978808726545,22,28,7,1,22,23,10,10,1.3021351696348578,39.82810630428432
816,4967,1,0.889,1.5895059044535031e-6,0.2928953917664162,22,28,7,1,10,24,10,10,1.3380287739805896,41.63709543013025
816,4968,1,0.883,2.3831429714071817e-6,0.29289631546766715,22,28,7,1,11,24,10,10,1.3340498491435768,41.4445038973404
816,4969,1,0.875,3.6505623178806346e-6,0.29289778568491054,22,28,7,1,12,24,10,10,1.3287682265918312,41.18592516570965
816,4970,1,0.867,5.6879708154600195e-6,0.2929002101495607,22,28,7,1,13,24,10,10,1.323513883569039,40.92528797789907
816,4971,1,0.857,9.016962289720709e-6,0.29290435182151187,22,28,7,1,14,24,10,10,1.3169848138835922,40.59657583596283
816,4972,1,0.846,1.4569933550645509e-5,0.29291165991350976,22,28,7,1,15,24,10,10,1.30985342691463,40.23122105657414
816,4973,1,0.833,2.3669805357839913e-5,0.29292497451794874,22,28,7,1,16,24,10,10,1.3014949097096,39.79429794346564
816,4974,1,0.819,3.870968924257756e-5,0.2929504837334187,22,28,7,1,17,24,10,10,1.2925792045364184,39.31747620953449
816,4975,1,0.8,6.430349429131788e-5,0.2930036380933898,22,28,7,1,18,24,10,10,1.2806248474865698,38.659808254090095
816,4976,1,0.778,1.0999568698932816e-4,0.2931256639553742,22,28,7,1,19,24,10,10,1.266998026833507,37.88291605856699
816,4977,1,0.75,1.9353050795878346e-4,0.293439298833591,22,28,7,1,20,24,10,10,1.25,36.86989764584402
816,4978,1,0.714,3.5171952689638797e-4,0.2943436732812661,22,28,7,1,21,24,10,10,1.2287375635179385,35.52683658500573
816,4979,0.999,0.667,6.297083430640837e-4,0.2969444455184168,22,28,7,1,22,24,10,10,1.2012035630982785,33.729755198814786
816,4980,0.998,0.834,0.0010742546367571437,0.3015537828833419,22,28,7,1,23,24,10,10,1.30059986160233,39.88453746411934
816,4981,1,0.834,3.575543632927669e-5,0.29294061462336585,22,28,7,1,10,25,10,10,1.3021351696348578,39.82810630428432
816,4982,1,0.824,5.143055891143611e-5,0.29295836645093154,22,28,7,1,11,25,10,10,1.2957530628943155,39.48852258397938
816,4983,1,0.813,7.523106478768415e-5,0.29298511476430844,22,28,7,1,12,25,10,10,1.2887858627405873,39.111110804715416
816,4984,1,0.8,1.1202717389657835e-4,0.29302628038146494,22,28,7,1,13,25,10,10,1.2806248474865698,38.659808254090095
816,4985,1,0.786,1.6885909894404083e-4,0.29309079048615383,22,28,7,1,14,25,10,10,1.2719260984821406,38.1673468344621
816,4986,1,0.769,2.5633732191554515e-4,0.29319350786408205,22,28,7,1,15,25,10,10,1.2614915774590014,37.560284279318815
816,4987,1,0.75,3.9081469095225696e-4,0.2933606672622181,22,28,7,1,16,25,10,10,1.25,36.86989764584402
816,4988,1,0.728,5.969690541776096e-4,0.2936439471154252,22,28,7,1,17,25,10,10,1.2369252200517216,36.05461816646104
816,4989,0.999,0.7,9.151565015733665e-4,0.29415218034495116,22,28,7,1,18,25,10,10,1.219836464449231,35.01895575443812
816,4990,0.999,0.667,0.001433930316161014,0.2951198803086301,22,28,7,1,19,25,10,10,1.2012035630982785,33.729755198814786
816,4991,0.998,0.625,0.002280466561575989,0.2970810679499535,22,28,7,1,20,25,10,10,1.1775521219886618,32.056959195154654
816,4992,0.997,0.572,0.0036105406101787363,0.30117907282471745,22,28,7,1,21,25,10,10,1.1494315986608339,29.843805604839616
816,4993,0.994,0.5,0.005715207816613277,0.3089950068909646,22,28,7,1,22,25,10,10,1.112670661067326,26.70322401094096
816,4994,0.986,0.667,0.009291914490720754,0.3196531470980424,22,28,7,1,23,25,10,10,1.1904137936028798,34.07719528013074
816,4995,0.965,0.834,0.012604480583561561,0.3270815518012353,22,28,7,1,24,25,10,10,1.2754532527693832,40.835173558319546
816,4996,1,0.778,2.729404812484848e-4,0.29322804203141883,22,28,7,1,10,26,10,10,1.266998026833507,37.88291605856699
816,4997,1,0.765,3.791370841528252e-4,0.29333828622510494,22,28,7,1,11,26,10,10,1.2590571869458511,37.41598861857788
816,4998,1,0.75,5.327286418137511e-4,0.2934959260463019,22,28,7,1,12,26,10,10,1.25,36.86989764584402
816,4999,0.999,0.733,7.505078092691075e-4,0.2937237442623355,22,28,7,1,13,26,10,10,1.2390681982845013,36.26875333399602
816,5000,0.999,0.714,0.0010566896344859078,0.29405581523515867,22,28,7,1,14,26,10,10,1.227923857574239,35.553950378731706
816,5001,0.999,0.692,0.001492526355722501,0.2945450119097204,22,28,7,1,15,26,10,10,1.2152633459460547,34.71006265905596
816,5002,0.998,0.667,0.002114376176493682,0.29528075971397116,22,28,7,1,16,26,10,10,1.2003720256653767,33.75625947840964
816,5003,0.997,0.637,0.0030121688047598516,0.29642758906369415,22,28,7,1,17,26,10,10,1.183122140778373,32.5751907392162
816,5004,0.996,0.6,0.0043135008865140545,0.29829476808436406,22,28,7,1,18,26,10,10,1.1627622284886967,31.065164885498643
816,5005,0.993,0.556,0.00633895462366274,0.30146842385857586,22,28,7,1,19,26,10,10,1.138061949104705,29.245312228206263
816,5006,0.989,0.5,0.009790848997817903,0.3070628465025318,22,28,7,1,20,26,10,10,1.1082062082482664,26.819389124986376
816,5007,0.983,0.429,0.01597302955800739,0.31694105167902786,22,28,7,1,21,26,10,10,1.072534381733285,23.577376877297006
816,5008,0.97,0.333,0.025975815996276186,0.33326512039333955,22,28,7,1,22,26,10,10,1.0255676476956554,18.947293355278845
816,5009,0.945,0.5,0.04229370551428835,0.3560046682945577,22,28,7,1,23,26,10,10,1.0691234727570058,27.883340620448212
816,5010,0.892,0.667,0.062181339392580304,0.3772415592352044,22,28,7,1,24,26,10,10,1.1138011492182973,36.78759096227244
816,5011,0.803,0.834,0.07049906810234052,0.3850021507401631,22,28,7,1,25,26,10,10,1.157741335532251,46.084885089468905
816,5012,0.999,0.722,0.001102453934842429,0.29423401842109387,22,28,7,1,10,27,10,10,1.232592795695318,35.85649474019722
816,5013,0.998,0.706,0.001464486356409278,0.2946240922712069,22,28,7,1,11,27,10,10,1.2224729035851878,35.27615455906439
816,5014,0.998,0.688,0.0019614219053850634,0.2951575317681062,22,28,7,1,12,27,10,10,1.2121666552087629,34.58155461812813
816,5015,0.997,0.667,0.0026339163823222433,0.2958912203031774,22,28,7,1,13,27,10,10,1.1995407454521918,33.78280049855468
816,5016,0.996,0.643,0.003546371173322904,0.2969072101154524,22,28,7,1,14,27,10,10,1.1855230912976769,32.84557227229177
816,5017,0.994,0.615,0.004774558326306022,0.29833232741799165,22,28,7,1,15,27,10,10,1.168871678158043,31.745587312332578
816,5018,0.992,0.584,0.006507158527665147,0.30038027784281707,22,28,7,1,16,27,10,10,1.1511385668111376,30.485733706331562
816,5019,0.989,0.545,0.009103482819450393,0.30342939339410246,22,28,7,1,17,27,10,10,1.1292236270996105,28.85747506609787
816,5020,0.983,0.5,0.01323680452499676,0.30815339417513066,22,28,7,1,18,27,10,10,1.1028549315299814,26.96002799066353
816,5021,0.976,0.444,0.020030786576289095,0.31576333023831604,22,28,7,1,19,27,10,10,1.0722462403757824,24.46164412209379
816,5022,0.963,0.375,0.031031066244459726,0.3284096784498368,22,28,7,1,20,27,10,10,1.033437951693279,21.276341570095685
816,5023,0.944,0.286,0.04997199912737249,0.34950292455926824,22,28,7,1,21,27,10,10,0.986373154541424,16.855029616882874
816,5024,0.911,0.167,0.08206589199397818,0.38268024230357667,22,28,7,1,22,27,10,10,0.9261803280139349,10.387843677028508
816,5025,0.853,0.334,0.132942276219414,0.4257117750102932,22,28,7,1,23,27,10,10,0.9160594958844103,21.383284319858177
816,5026,0.751,0.5,0.19837641047286758,0.4702752930089694,22,28,7,1,24,27,10,10,0.9022200396798998,33.65484110587907
816,5027,0.614,0.667,0.24684530586407027,0.49962857339361566,22,28,7,1,25,27,10,10,0.9065787334809923,47.36920012673137
816,5028,0.508,0.834,0.20569143573831483,0.47428130593964246,22,28,7,1,26,27,10,10,0.9765346896040099,58.653874781775166
816,5029,0.996,0.667,0.003011691993509591,0.2968207561418311,22,28,7,1,10,28,10,10,1.198709722993853,33.80937832428409
816,5030,0.994,0.647,0.0038910077708297353,0.2978430059101811,22,28,7,1,11,28,10,10,1.1860206574929462,33.06032168933993
816,5031,0.993,0.625,0.005047384039998493,0.29919526785505046,22,28,7,1,12,28,10,10,1.173317518832818,32.186550937754845
816,5032,0.99,0.6,0.0065901823740293075,0.3009945906897674,22,28,7,1,13,28,10,10,1.1576268828944842,31.218402764346376
816,5033,0.987,0.572,0.00870787286482122,0.3034127024019977,22,28,7,1,14,28,10,10,1.140768600549647,30.09374766650679
816,5034,0.983,0.539,0.011707279313951546,0.30672168811533806,22,28,7,1,15,28,10,10,1.121075376591601,28.736904193723348
816,5035,0.976,0.5,0.01612382256003131,0.31138062248049847,22,28,7,1,16,28,10,10,1.0966202624427475,27.12584024629924
816,5036,0.967,0.455,0.022817512338244916,0.3181840467100071,22,28,7,1,17,28,10,10,1.068697337883837,25.198270127896226
816,5037,0.954,0.4,0.03310680585022885,0.3285127262334805,22,28,7,1,18,28,10,10,1.0344641124756335,22.747681019876847
816,5038,0.936,0.333,0.04991912838614976,0.344773007787994,22,28,7,1,19,28,10,10,0.9934711873023797,19.583993770248192
816,5039,0.908,0.25,0.07864590470300614,0.3709655405773864,22,28,7,1,20,28,10,10,0.9417876618431567,15.393849132945379
816,5040,0.866,0.143,0.1269701885980693,0.4124398738280367,22,28,7,1,21,28,10,10,0.8777271785697421,9.376469821237865
816,5041,0.801,0,0.20188523074371678,0.47157617396285023,22,28,7,1,22,28,10,10,0.801,0
816,5042,0.697,0.167,0.29918714032228133,0.5405383311185251,22,28,7,1,23,28,10,10,0.7167272842581061,13.473967912732691
816,5043,0.541,0.333,0.41086509747431743,0.6089124359563733,22,28,7,1,24,28,10,10,0.6352715954613428,31.61341085502584
816,5044,0.387,0.5,0.5028501127149929,0.6588097247148572,22,28,7,1,25,28,10,10,0.6322728841252011,52.26012890906631
816,5045,0.348,0.667,0.46691912530959645,0.6289983820442786,22,28,7,1,26,28,10,10,0.7523250627222251,62.447188423282206
816,5046,0.431,0.834,0.2519413462778992,0.5008250340360314,22,28,7,1,27,28,10,10,0.9387848528816386,62.67068647067517
816,5047,0.989,0.684,0.006572794505210422,0.3022201233049081,22,28,7,1,10,29,10,10,1.2024878377763328,34.66803198402401
816,5048,0.985,0.667,0.008362541533469603,0.30442145885738103,22,28,7,1,11,29,10,10,1.1895856421460373,34.104182293121426
816,5049,0.981,0.647,0.010763578470420532,0.30726784819657715,22,28,7,1,12,29,10,10,1.175146799340406,33.40609265755563
816,5050,0.975,0.625,0.014034659179994358,0.3109798037027387,22,28,7,1,13,29,10,10,1.158123482190047,32.66091272167381
816,5051,0.968,0.6,0.018587066058073587,0.3158900506176162,22,28,7,1,14,29,10,10,1.138869615013062,31.7920715372209
816,5052,0.958,0.572,0.025034864417238234,0.3225326554081279,22,28,7,1,15,29,10,10,1.115772378220576,30.840464236487616
816,5053,0.944,0.539,0.034325886260620275,0.33179826974293414,22,28,7,1,16,29,10,10,1.0870404776272133,29.72526841106528
816,5054,0.925,0.5,0.048352280838508066,0.34518826888276366,22,28,7,1,17,29,10,10,1.0514870422406546,28.393019421382995
816,5055,0.9,0.454,0.07068291574180341,0.3652200199895632,22,28,7,1,18,29,10,10,1.0080257933207861,26.768407127129954
816,5056,0.864,0.4,0.10719235823606055,0.3959913327343242,22,28,7,1,19,29,10,10,0.9521008349959578,24.842389105455187
816,5057,0.813,0.333,0.1665050896588266,0.44334768948339653,22,28,7,1,20,29,10,10,0.878554494610323,22.27371656453851
816,5058,0.74,0.25,0.25599882655137707,0.5125118776170073,22,28,7,1,21,29,10,10,0.7810889834071404,18.666914274220215
816,5059,0.635,0.143,0.3733076102851356,0.6014912115362725,22,28,7,1,22,29,10,10,0.650902450448606,12.691118265088202
816,5060,0.482,0.286,0.5199835809298152,0.701233144681602,22,28,7,1,23,29,10,10,0.560464093408311,30.683240881066773
816,5061,0.292,0.429,0.6840809976203533,0.7988425110026629,22,28,7,1,24,29,10,10,0.5189460472920089,55.75873406936145
816,5062,0.201,0.572,0.748416274388747,0.7975503780581115,22,28,7,1,25,29,10,10,0.6062878854141818,70.63859610989728
816,5063,0.372,0.714,0.49395395185789026,0.6254632844687837,22,28,7,1,26,29,10,10,0.8050962675357525,62.48010756904983
816,5064,0.816,0.857,0.13265657937321296,0.38736807097193704,22,28,7,1,27,29,10,10,1.1833448356248486,46.403859440823624
816,5065,1,1,0,0.2928932188134524,22,28,7,1,28,29,10,10,1.4142135623730951,45
816,5066,0.974,0.7,0.01264324785516191,0.311561754143972,22,28,7,1,10,30,10,10,1.199448206468291,35.704267105964696
816,5067,0.968,0.684,0.016044714598739462,0.3155972731748996,22,28,7,1,11,30,10,10,1.185276339087219,35.245469602149285
816,5068,0.959,0.667,0.020611486547137625,0.32073310574681557,22,28,7,1,12,30,10,10,1.1681481070480746,34.8192373210297
816,5069,0.948,0.647,0.026795938393427643,0.32734389086253146,22,28,7,1,13,30,10,10,1.1477425669548027,34.31312418302919
816,5070,0.933,0.625,0.03525492774367234,0.3360016944555626,22,28,7,1,14,30,10,10,1.122993321440515,33.81742271648969
816,5071,0.914,0.6,0.04713370084337509,0.3476172336746366,22,28,7,1,15,30,10,10,1.0933416666349087,33.28310282603935
816,5072,0.889,0.572,0.0645743872213701,0.36366741386185775,22,28,7,1,16,30,10,10,1.0571210905095025,32.75802213634706
816,5073,0.856,0.539,0.09119342644353101,0.38653408926544686,22,28,7,1,17,30,10,10,1.011561663963201,32.197509171878075
816,5074,0.812,0.5,0.13258595948712226,0.4199387642234844,22,28,7,1,18,30,10,10,0.9535953020018503,31.623247170148556
816,5075,0.753,0.455,0.19714063719984765,0.4691819020357667,22,28,7,1,19,30,10,10,0.8797920208776617,31.142456239616266
816,5076,0.675,0.4,0.2926223845581847,0.5399394639380831,22,28,7,1,20,30,10,10,0.7846177413237608,30.650667957052864
816,5077,0.569,0.333,0.41914779335759667,0.6337646225390579,22,28,7,1,21,30,10,10,0.659279910205066,30.33776095799158
816,5078,0.428,0.25,0.5744753348847098,0.7430313139800093,22,28,7,1,22,30,10,10,0.49566520959211974,30.28971963408902
816,5079,0.247,0.375,0.7568988756145569,0.845780290592993,22,28,7,1,23,30,10,10,0.44903674682591405,56.62843568834745
816,5080,0.125,0.5,0.8685843573703507,0.8329413508983494,22,28,7,1,24,30,10,10,0.5153882032022076,75.96375653207353
816,5081,0.363,0.625,0.6117327628971565,0.6628336393347849,22,28,7,1,25,30,10,10,0.722768289287791,59.85198017652201
816,5082,0.711,0.75,0.2677218717676032,0.46044934838418106,22,28,7,1,26,30,10,10,1.0334510148042817,46.529092999311196
816,5083,0.968,0.875,0.03203050705453114,0.3166756951061195,22,28,7,1,27,30,10,10,1.3048559307448466,42.11123620535504
816,5084,1,1,0,0.2928932188134524,22,28,7,1,28,30,10,10,1.4142135623730951,45
816,5086,0.949,0.714,0.022265969644047146,0.32517376340161663,22,28,7,1,10,31,10,10,1.1876013640948715,36.95673860589006
816,5087,0.937,0.7,0.028127634770437004,0.3316059315990867,22,28,7,1,11,31,10,10,1.1696020690816171,36.762125273863084
816,5088,0.922,0.684,0.03587205797579662,0.3396917245270986,22,28,7,1,12,31,10,10,1.1480156793354348,36.5704450788274
816,5089,0.903,0.667,0.046206835858401574,0.34999049465851884,22,28,7,1,13,31,10,10,1.1226299479347592,36.45138968541112
816,5090,0.878,0.647,0.06039960323337579,0.3633495561908979,22,28,7,1,14,31,10,10,1.0906388036375747,36.3865777590948
816,5091,0.847,0.625,0.08051806063613398,0.3810814245922627,22,28,7,1,15,31,10,10,1.0526319394736225,36.42355916195708
816,5092,0.808,0.6,0.10988970778865936,0.40521538279424685,22,28,7,1,16,31,10,10,1.0064114466757619,36.596628909439175
816,5093,0.757,0.572,0.15342534377579153,0.4387867837762661,22,28,7,1,17,31,10,10,0.9488060918860081,37.07521469527413
816,5094,0.693,0.539,0.21830303359111813,0.48595917020890766,22,28,7,1,18,31,10,10,0.8779350773263362,37.874983651098205
816,5095,0.612,0.5,0.31156516395571154,0.551262807662636,22,28,7,1,19,31,10,10,0.7902809626961793,39.248597909634015
816,5096,0.511,0.455,0.43421962309334405,0.6364270653524633,22,28,7,1,20,31,10,10,0.6842119554640945,41.68221883166516
816,5097,0.388,0.4,0.5794811835928118,0.7338297009469917,22,28,7,1,21,31,10,10,0.5572647485710899,45.87245712290204
816,5098,0.25,0.333,0.7353055150050409,0.8138192567365995,22,28,7,1,22,31,10,10,0.41640004803073694,53.102582769570425
816,5099,0.133,0.444,0.841842917179676,0.8017049697406696,22,28,7,1,23,31,10,10,0.46349217900629136,73.32443659933996
816,5100,0.314,0.556,0.641749168473293,0.6789195041187023,22,28,7,1,24,31,10,10,0.6385389573080096,60.544488866498384
816,5101,0.619,0.667,0.3553802570184168,0.5163919960755362,22,28,7,1,25,31,10,10,0.9099725270578227,47.137574906277024
816,5102,0.879,0.778,0.1131950497754789,0.37382291378458044,22,28,7,1,26,31,10,10,1.173850501554606,41.511935459351555
816,5103,0.995,0.889,0.005349811100320512,0.3003852472822275,22,28,7,1,27,31,10,10,1.3342960690941124,41.779747207428215
816,5104,1,1,1.1102230246251565e-16,0.2928932188134524,22,28,7,1,28,31,10,10,1.4142135623730951,45
816,5107,0.911,0.727,0.03618568028014901,0.3425146106125796,22,28,7,1,10,32,10,10,1.1655256324937688,38.59071247951689
816,5108,0.892,0.714,0.045289359375836113,0.35167334216213164,22,28,7,1,11,32,10,10,1.142567284670798,38.675471397361214
816,5109,0.868,0.7,0.05722975258419094,0.36306249943308033,22,28,7,1,12,32,10,10,1.115089234097433,38.884496433714595
816,5110,0.839,0.684,0.07321451726384554,0.37741654885090115,22,28,7,1,13,32,10,10,1.0824864895230795,39.188855386472824
816,5111,0.803,0.667,0.09509468796305076,0.3958186912495246,22,28,7,1,14,32,10,10,1.0438860091025266,39.714212757611925
816,5112,0.758,0.647,0.12570321273128104,0.41986729003388024,22,28,7,1,15,32,10,10,0.9965806540365912,40.48281203083293
816,5113,0.704,0.625,0.16901701419059167,0.45184508155795544,22,28,7,1,16,32,10,10,0.9414037391045353,41.59815909613139
816,5114,0.638,0.6,0.23056124925422616,0.4947274186485259,22,28,7,1,17,32,10,10,0.8758104817824459,43.241877030326556
816,5115,0.56,0.571,0.3158135743865702,0.5515543356750885,22,28,7,1,18,32,10,10,0.7997755935260841,45.557235811841835
816,5116,0.469,0.539,0.42569601459332385,0.6230914591643077,22,28,7,1,19,32,10,10,0.714480230657224,48.97249594075067
816,5117,0.368,0.5,0.5518986413076781,0.7021771080830037,22,28,7,1,20,32,10,10,0.6208252572181644,53.64693170795307
816,5118,0.268,0.454,0.6757777067387382,0.7636094061373097,22,28,7,1,21,32,10,10,0.5272001517450464,59.4462908423528
816,5119,0.191,0.4,0.7591456057487991,0.7611163051972171,22,28,7,1,22,32,10,10,0.4432617736733002,64.47552464370563
816,5120,0.251,0.5,0.6223098421303551,0.679830358022919,22,28,7,1,23,32,10,10,0.5594649229397675,63.343348933715156
816,5121,0.531,0.6,0.4019376971049555,0.5558675487671103,22,28,7,1,24,32,10,10,0.8012246875876954,48.49117142935478
816,5122,0.785,0.7,0.1862861804453667,0.42896882260490077,22,28,7,1,25,32,10,10,1.0517723137637727,41.72401818676585
816,5123,0.953,0.8,0.04250690816506453,0.33451878947403146,22,28,7,1,26,32,10,10,1.244270468989761,40.01192462307134
816,5124,0.999,0.9,8.668472764806756e-4,0.29568389099598447,22,28,7,1,27,32,10,10,1.3446192769702507,42.015717856406624
816,5125,1,1,0,0.2928932188134524,22,28,7,1,28,32,10,10,1.4142135623730951,45
816,5129,0.858,0.739,0.05456762449304675,0.36255244272811427,22,28,7,1,10,33,10,10,1.1323802364930253,40.738496919900896
816,5130,0.831,0.727,0.06768875330061153,0.37449992223638773,22,28,7,1,11,33,10,10,1.1041240872293294,41.1810435282065
816,5131,0.798,0.715,0.08483111169655344,0.38919392814051534,22,28,7,1,12,33,10,10,1.071461151885592,41.86002124138336
816,5132,0.758,0.7,0.10754105465930297,0.4074851587731855,22,28,7,1,13,33,10,10,1.0317771077127074,42.72194518440124
816,5133,0.711,0.684,0.13810353112270923,0.4305666669671472,22,28,7,1,14,33,10,10,0.9865987026141886,43.89118787224008
816,5134,0.656,0.667,0.17952470739723603,0.46005606143529476,22,28,7,1,15,33,10,10,0.9355346065218539,45.4763711656329
816,5135,0.592,0.647,0.23573346920984706,0.4979381377290336,22,28,7,1,16,33,10,10,0.8769680723948848,47.54172754568844
816,5136,0.52,0.625,0.31056847847831237,0.5460397534550323,22,28,7,1,17,33,10,10,0.8130344396149526,50.23954368542925
816,5137,0.441,0.6,0.4044738104456168,0.6043327278708519,22,28,7,1,18,33,10,10,0.7446348098229091,53.68411357605482
816,5138,0.361,0.572,0.5100652235517109,0.6669876779151647,22,28,7,1,19,33,10,10,0.6763911590196903,57.74320298063503
816,5139,0.289,0.539,0.6094030310624325,0.7161583016638474,22,28,7,1,20,33,10,10,0.6115897317646856,61.80076488879339
816,5140,0.24,0.5,0.6703461865387623,0.7223403501603378,22,28,7,1,21,33,10,10,0.5546169849544819,64.35899417569472
816,5141,0.22,0.455,0.6030073335160321,0.6709845263890023,22,28,7,1,22,33,10,10,0.5053958844312051,64.19546760005288
816,5142,0.446,0.545,0.4254490333041009,0.5792659622095798,22,28,7,1,23,33,10,10,0.7042307860353736,50.70486871155075
816,5143,0.693,0.637,0.24057570764467617,0.4731412757734391,22,28,7,1,24,33,10,10,0.9412852915030596,42.58897025338877
816,5144,0.884,0.728,0.09233397143258726,0.3777464019540373,22,28,7,1,25,33,10,10,1.1451812083683526,39.472459848343824
816,5145,0.982,0.819,0.014958932253528845,0.31526703837768444,22,28,7,1,26,33,10,10,1.2787044224526636,39.82851923543105
816,5146,1,0.91,1.6116542840205472e-4,0.2940582692131384,22,28,7,1,27,33,10,10,1.3520724832641184,42.3021943666837
816,5147,1,1,0,0.2928932188134524,22,28,7,1,28,33,10,10,1.4142135623730951,45
816,5152,0.793,0.75,0.0771361792808627,0.3841050712462807,22,28,7,1,10,34,10,10,1.0914893494670483,43.403706396489156
816,5153,0.758,0.739,0.09480888350905925,0.3986494725062054,22,28,7,1,11,34,10,10,1.058624107037054,44.27283810166136
816,5154,0.716,0.727,0.11755364323655504,0.4163098056738257,22,28,7,1,12,34,10,10,1.0203847313636165,45.43675770409306
816,5155,0.669,0.714,0.14713447458331108,0.4379437982357701,22,28,7,1,13,34,10,10,0.978446217224023,46.86363033534172
816,5156,0.615,0.7,0.1857073908457071,0.46464728554947454,22,28,7,1,14,34,10,10,0.9317859196188789,48.6983843716019
816,5157,0.556,0.684,0.23591848457532028,0.4976691315393156,22,28,7,1,15,34,10,10,0.8814714969867149,50.893529232065084
816,5158,0.491,0.667,0.3002500565172965,0.5379994106957096,22,28,7,1,16,34,10,10,0.8282330589876258,53.64202880416609
816,5159,0.425,0.647,0.3786078781168474,0.5851970097655743,22,28,7,1,17,34,10,10,0.7741020604545631,56.699972959311914
816,5160,0.362,0.625,0.4653891626967095,0.6348701373560586,22,28,7,1,18,34,10,10,0.7222665712879144,59.920577338540625
816,5161,0.31,0.6,0.5460753504564475,0.6750813426635056,22,28,7,1,19,34,10,10,0.6753517601961218,62.676108698653465
816,5162,0.277,0.572,0.5959466663402151,0.6865713553872569,22,28,7,1,20,34,10,10,0.6355415013986104,64.16068342934173
816,5163,0.26,0.539,0.5733163262416563,0.6561028842321045,22,28,7,1,21,34,10,10,0.5984321181220139,64.24851133918006
816,5164,0.363,0.5,0.4373702493922801,0.5898002174350496,22,28,7,1,22,34,10,10,0.61787458274313245,54.02035036118859
816,5165,0.603,0.584,0.2787864761530382,0.5044120829839666,22,28,7,1,23,34,10,10,0.83944326788652,44.08295968727522
816,5166,0.805,0.667,0.13855428371322165,0.4176110038634794,22,28,7,1,24,34,10,10,1.045425272317443,39.644174957144806
816,5167,0.939,0.75,0.04400289847053662,0.34675559369634723,22,28,7,1,25,34,10,10,1.2017574630515093,38.61513319139876
816,5168,0.993,0.833,0.0051911519995259114,0.305383798289513,22,28,7,1,26,34,10,10,1.296124222441661,39.99234912509038
816,5169,1,0.917,3.5630864470337364e-5,0.2934317627156954,22,28,7,1,27,34,10,10,1.3567936468011634,42.52082345847564
816,5170,1,1,0,0.2928932188134524,22,28,7,1,28,34,10,10,1.4142135623730951,45
816,5176,0.72,0.76,0.10301465803341092,0.40602331718434703,22,28,7,1,10,35,10,10,1.046900186264192,46.548157698977974
816,5177,0.679,0.75,0.12519452240308415,0.42274366673564856,22,28,7,1,11,35,10,10,1.0117020312325167,47.84440718071519
816,5178,0.633,0.739,0.15319400292356133,0.44272041308197396,22,28,7,1,12,35,10,10,0.9730416229535096,49.41786568629994
816,5179,0.582,0.727,0.18851148910021442,0.4666678662191909,22,28,7,1,13,35,10,10,0.9312641945226928,51.320974648018044
816,5180,0.528,0.714,0.23285611279927432,0.4953255355765035,22,28,7,1,14,35,10,10,0.888020270038922,53.51723010830693
816,5181,0.471,0.7,0.28763676903504176,0.5291495986418682,22,28,7,1,15,35,10,10,0.8437067025927908,56.065080205975875
816,5182,0.416,0.684,0.3525406230707929,0.5675340259047233,22,28,7,1,16,35,10,10,0.8005697970820533,58.69257110580227
816,5183,0.366,0.667,0.4233081629079286,0.6072593450168533,22,28,7,1,17,35,10,10,0.7608186380472024,61.245294471963476
816,5184,0.328,0.647,0.4892646353086577,0.6404099911839222,22,28,7,1,18,35,10,10,0.7253916183690021,63.11703468998387
816,5185,0.304,0.625,0.5321729573919861,0.654261313370055,22,28,7,1,19,35,10,10,0.6950115106960459,64.06171162831693
816,5186,0.292,0.6,0.5263636781996209,0.6378300091615932,22,28,7,1,20,35,10,10,0.6672810502329585,64.04935722296229
816,5187,0.32,0.572,0.44262022385119715,0.5911796240936275,22,28,7,1,21,35,10,10,0.6554265786493556,60.775580809799095
816,5188,0.515,0.539,0.30573442428884146,0.5242196988703369,22,28,7,1,22,35,10,10,0.7454837355704014,46.30442231824601
816,5189,0.722,0.615,0.17716228187710792,0.4495794959562762,22,28,7,1,23,35,10,10,0.948424483024347,40.42437548555839
816,5190,0.878,0.692,0.07778795456706433,0.38005804055447834,22,28,7,1,24,35,10,10,1.1179212852432858,38.24358471054901
816,5191,0.968,0.769,0.020634814530190893,0.32778521092753166,22,28,7,1,25,35,10,10,1.2362786902636478,38.46438379124722
816,5192,0.997,0.846,0.001883374119743375,0.3001868627577041,22,28,7,1,26,35,10,10,1.3075645299563612,40.31612513989221
816,5193,1,0.923,9.442554723015917e-6,0.2931671192232772,22,28,7,1,27,35,10,10,1.3608559806239602,42.707010169212275
816,5194,1,1,0,0.2928932188134524,22,28,7,1,28,35,10,10,1.4142135623730951,45
