spA_par,spB_par,Dissimilarity,Exclusivity,D,I,a_A,b_A,alpha_A,gamma_A,a_B,b_B,alpha_B,gamma_B,ND_magnitude,ND_angle
550,550,0,0,1,1,24,31,4,1,24,31,4,1,0,0
550,551,0.094,0.143,0.9037557660017196,0.9264717963382055,24,31,4,1,25,31,4,1,0.1711286066091815,56.681374787391015
550,552,0.192,0.286,0.7903106787714412,0.8444323460974488,24,31,4,1,26,31,4,1,0.34447060832529675,56.125405641758725
550,553,0.296,0.429,0.654043163767971,0.7527854106331867,24,31,4,1,27,31,4,1,0.5212072524437855,55.39522925190368
550,554,0.409,0.572,0.4960664652501189,0.6487879378340227,24,31,4,1,28,31,4,1,0.7031820532408374,54.43390638318739
550,555,0.538,0.715,0.32448016923889766,0.5403167043035841,24,31,4,1,29,31,4,1,0.8948010952161379,53.04045771192887
550,556,0.7,0.857,0.13303522465884554,0.4233870148493103,24,31,4,1,30,31,4,1,1.1065482366349872,50.75795404320485
550,557,0.383,0.682,0.3414589598628054,0.5500492937916468,24,31,4,1,10,32,4,1,0.7821847607822593,60.682148797378694
550,558,0.37,0.667,0.3660774061825821,0.5636891557095263,24,31,4,1,11,32,4,1,0.7627509423134133,60.98187608159953
550,559,0.355,0.65,0.39355736038767253,0.5788921008299186,24,31,4,1,12,32,4,1,0.7406247362868729,61.35866976616367
550,560,0.34,0.632,0.424110378452519,0.5958212608653721,24,31,4,1,13,32,4,1,0.7176517261178991,61.720873443805395
550,561,0.324,0.611,0.45792360253198006,0.6146241594564367,24,31,4,1,14,32,4,1,0.6915901965759781,62.063966138341705
550,562,0.307,0.588,0.4950474725721098,0.6354056029716204,24,31,4,1,15,32,4,1,0.6633196816015637,62.43054041715114
550,563,0.29,0.563,0.5353078981315036,0.6581715020524909,24,31,4,1,16,32,4,1,0.6333000868466702,62.74710880994266
550,564,0.271,0.533,0.5781686463186432,0.6827166803740685,24,31,4,1,17,32,4,1,0.5979381238890861,63.04926877272793
550,565,0.252,0.5,0.6224728495861439,0.7084206231089887,24,31,4,1,18,32,4,1,0.5599142791535148,63.25189583707854
550,566,0.231,0.461,0.6662814930314771,0.7339202774828992,24,31,4,1,19,32,4,1,0.5156374695461919,63.38525605176255
550,567,0.208,0.417,0.7066676572696293,0.7567446358048072,24,31,4,1,20,32,4,1,0.46599678110476256,63.489935158740714
550,568,0.182,0.364,0.7396738815461887,0.7731903194371067,24,31,4,1,21,32,4,1,0.4069643719049617,63.43494882292201
550,569,0.158,0.3,0.7593392366417172,0.7788129176205163,24,31,4,1,22,32,4,1,0.3390634158973805,62.22571880056865
550,570,0.158,0.222,0.7535338565581398,0.7696508630016675,24,31,4,1,23,32,4,1,0.27248486196484384,54.5600964808863
550,571,0.234,0.125,0.7046024339354786,0.7432816468598111,24,31,4,1,24,32,4,1,0.2652941763401526,28.11059942214725
550,572,0.342,0.25,0.6291864551430035,0.699277157329599,24,31,4,1,25,32,4,1,0.42363191570041087,36.166585348781
550,573,0.455,0.375,0.5349597297245328,0.6394843105156629,24,31,4,1,26,32,4,1,0.5896185207403173,39.49452214202166
550,574,0.573,0.5,0.42292130236660097,0.5666219117492743,24,31,4,1,27,32,4,1,0.7604794540288382,41.10796212938299
550,575,0.698,0.625,0.297694805289346,0.4840488174757752,24,31,4,1,28,32,4,1,0.9369252905114687,41.841757437854064
550,576,0.829,0.75,0.16645293260936767,0.4000696651246405,24,31,4,1,29,32,4,1,1.1179181544281316,42.13578499532626
550,577,0.951,0.876,0.04855651342307665,0.32440257417451435,24,31,4,1,30,32,4,1,1.2929721574728514,42.649276374683694
550,578,1,1,0,0.2928932188134524,24,31,4,1,31,32,4,1,1.4142135623730951,45
550,579,0.355,0.696,0.36285674200845275,0.5606468412255337,24,31,4,1,10,33,4,1,0.7813072379032464,62.97580529534148
550,580,0.345,0.682,0.38487901427553195,0.5725015161010276,24,31,4,1,11,33,4,1,0.7642964084699078,63.16674350511332
550,581,0.336,0.667,0.4087116755971013,0.5852893469972487,24,31,4,1,12,33,4,1,0.7468500518845802,63.26340508546046
550,582,0.326,0.65,0.434260113086138,0.5989656989625924,24,31,4,1,13,33,4,1,0.7271698563609468,63.364474344916765
550,583,0.316,0.632,0.46128898866418144,0.61340510782164,24,31,4,1,14,33,4,1,0.7065974808899336,63.43494882292201
550,584,0.306,0.611,0.48938039509960396,0.628359726419794,24,31,4,1,15,33,4,1,0.6833425202634473,63.3974515903742
550,585,0.294,0.588,0.5177810700695098,0.643396985344882,24,31,4,1,16,33,4,1,0.657403985384938,63.43494882292201
550,586,0.281,0.563,0.5454175887412489,0.6578120501509266,24,31,4,1,17,33,4,1,0.6292296877929394,63.47567076312501
550,587,0.268,0.533,0.5706488236967509,0.6705274376562647,24,31,4,1,18,33,4,1,0.5965844449866256,63.30609796177502
550,588,0.254,0.5,0.591184126377424,0.6800291480416238,24,31,4,1,19,33,4,1,0.560817260790001,63.06943046734729
550,589,0.245,0.462,0.60393048755908,0.6844587673801004,24,31,4,1,20,33,4,1,0.5229426354773533,62.0628571734614
550,590,0.244,0.416,0.6049358016889657,0.6819381640920765,24,31,4,1,21,33,4,1,0.4822779281700542,59.606737354447
550,591,0.264,0.364,0.5892885793632345,0.670953131283724,24,31,4,1,22,33,4,1,0.4496576475497776,54.047571999900704
550,592,0.321,0.3,0.5513143941799132,0.6504813039370744,24,31,4,1,23,33,4,1,0.4393643135258029,43.063199613778956
550,593,0.419,0.222,0.49194746572208026,0.6198081530658268,24,31,4,1,24,33,4,1,0.47417823653137015,27.91611625979763
550,594,0.525,0.333,0.4212919575071127,0.5786552069040864,24,31,4,1,25,33,4,1,0.6217025012013383,32.38637254598126
550,595,0.632,0.445,0.3411425920841167,0.5278706276325682,24,31,4,1,26,33,4,1,0.7729482518254376,35.149909599355865
550,596,0.739,0.556,0.2530128616850986,0.4694962198253678,24,31,4,1,27,33,4,1,0.9248010596879742,36.95663427002491
550,597,0.841,0.667,0.1618409419065635,0.4072886800249831,24,31,4,1,28,33,4,1,1.0733918203526613,38.418055344821994
550,598,0.93,0.778,0.07645428266672727,0.3490670234510074,24,31,4,1,29,33,4,1,1.21251144324497,39.9144752938751
550,599,0.989,0.889,0.014158262310685066,0.3054036724985938,24,31,4,1,30,33,4,1,1.3298278084022759,41.951985091242996
550,600,1,1,0,0.2928932188134524,24,31,4,1,31,33,4,1,1.4142135623730951,45
550,602,0.354,0.708,0.36059328008626834,0.5583563943978074,24,31,4,1,10,34,4,1,0.7915680640349255,63.43494882292201
550,603,0.348,0.696,0.37814405325342826,0.5675677385412151,24,31,4,1,11,34,4,1,0.7781516561699268,63.43494882292201
550,604,0.341,0.682,0.3964125690356102,0.5770830533923623,24,31,4,1,12,34,4,1,0.7624991803274284,63.43494882292201
550,605,0.333,0.667,0.41509786635171997,0.5867242657624177,24,31,4,1,13,34,4,1,0.745505197835669,63.46931941238833
550,606,0.325,0.65,0.4337527983048747,0.5962231313574641,24,31,4,1,14,34,4,1,0.7267220926874317,63.43494882292201
550,607,0.317,0.632,0.4517101118533644,0.6051966503884221,24,31,4,1,15,34,4,1,0.7070452602203058,63.36246843209343
550,608,0.309,0.611,0.4680681750406813,0.6131197630802758,24,31,4,1,16,34,4,1,0.6846911712589844,63.172984314847035
550,609,0.303,0.588,0.4816375970406629,0.6193010177939577,24,31,4,1,17,34,4,1,0.6614778907869862,62.737671529854985
550,610,0.299,0.563,0.49083820014200674,0.6228770174582731,24,31,4,1,18,34,4,1,0.6374715679934282,62.02796694394
550,611,0.3,0.533,0.4936764048891479,0.6228508547993211,24,31,4,1,19,34,4,1,0.6116281550092344,60.62693764580431
550,612,0.311,0.5,0.4878104989022348,0.6182055525550031,24,31,4,1,20,34,4,1,0.5888301962365721,58.118387860263816
550,613,0.338,0.462,0.4706668749976384,0.6080647638238216,24,31,4,1,21,34,4,1,0.5724403899097268,53.810732985984906
550,614,0.387,0.416,0.43976517839192253,0.5917846173005813,24,31,4,1,22,34,4,1,0.5681769090697016,47.06831356542734
550,615,0.465,0.364,0.39428750260835965,0.5689086668264868,24,31,4,1,23,34,4,1,0.5905260366825498,38.053686676228736
550,616,0.561,0.3,0.3383326272684778,0.5390929031835046,24,31,4,1,24,34,4,1,0.6361768622010707,28.13606059022183
550,617,0.657,0.4,0.2771113971870178,0.5023411771275961,24,31,4,1,25,34,4,1,0.7691872333833941,31.33422575171465
550,618,0.75,0.5,0.21225151154834776,0.4595801110955883,24,31,4,1,26,34,4,1,0.9013878188659973,33.690067525979785
550,619,0.837,0.6,0.1461951872173506,0.4128804668435818,24,31,4,1,27,34,4,1,1.0298393078534147,35.63469053284697
550,620,0.912,0.7,0.08369338016243144,0.3659568599683777,24,31,4,1,28,34,4,1,1.1496712573601204,37.50782011747114
550,621,0.969,0.8,0.03250335464750287,0.32541342986559574,24,31,4,1,29,34,4,1,1.2565671490214918,39.54285537912188
550,622,0.997,0.9,0.004061034180679268,0.2989972090732522,24,31,4,1,30,34,4,1,1.3431340216076726,42.072823170724625
550,623,1,1,0,0.2928932188134524,24,31,4,1,31,34,4,1,1.4142135623730951,45
550,626,0.36,0.72,0.34836701796816016,0.5510263480251121,24,31,4,1,10,35,4,1,0.8049844718999243,63.43494882292201
550,627,0.355,0.708,0.3616051435812804,0.5578275121166942,24,31,4,1,11,35,4,1,0.7920157826710273,63.37024441280787
550,628,0.349,0.696,0.3747861428420186,0.5645129943251044,24,31,4,1,12,35,4,1,0.7785993835086179,63.36912946127993
550,629,0.344,0.682,0.3875219060431775,0.5708629687608452,24,31,4,1,13,35,4,1,0.7638455341232284,63.23367642070227
550,630,0.34,0.667,0.3993003247173409,0.5765862044186812,24,31,4,1,14,35,4,1,0.7486581329285084,62.990008464016164
550,631,0.337,0.65,0.40943505146626735,0.5813113326177606,24,31,4,1,15,35,4,1,0.7321673306014138,62.594997571858016
550,632,0.336,0.632,0.41705676899838373,0.5845811758553359,24,31,4,1,16,35,4,1,0.7157653246700346,62.00285263875737
550,633,0.339,0.611,0.4211109375828105,0.5858539780040785,24,31,4,1,17,35,4,1,0.6987431573904678,60.97725343420538
550,634,0.348,0.588,0.42031814778078924,0.584519106316403,24,31,4,1,18,35,4,1,0.6832627605833644,59.381394591090604
550,635,0.364,0.563,0.41321841496555467,0.5799355016902628,24,31,4,1,19,35,4,1,0.6704215092014874,57.11586049392633
550,636,0.393,0.533,0.39821236669116333,0.5714995782434986,24,31,4,1,20,35,4,1,0.6622220171513479,53.597318227814256
550,637,0.436,0.5,0.3738602341421857,0.5587172712391897,24,31,4,1,21,35,4,1,0.6633973168471515,48.91157181252866
550,638,0.499,0.462,0.3393302716417693,0.5412251692684082,24,31,4,1,22,35,4,1,0.6800330874303102,42.79511211360156
550,639,0.579,0.417,0.2957596562530872,0.5187559138887191,24,31,4,1,23,35,4,1,0.7135334610233777,35.76170706870689
550,640,0.666,0.364,0.24663246314112575,0.49114036022518537,24,31,4,1,24,35,4,1,0.7589808956752468,28.658657996983475
550,641,0.75,0.454,0.1952799392588902,0.45854853414683217,24,31,4,1,25,35,4,1,0.876707476870136,31.187917280045088
550,642,0.828,0.546,0.14332583408637378,0.42194855057031655,24,31,4,1,26,35,4,1,0.9918165152889924,33.40166838692688
550,643,0.895,0.637,0.09322860781253628,0.3833089103420555,24,31,4,1,27,35,4,1,1.0985417606991552,35.44066915745336
550,644,0.949,0.727,0.049225713821728134,0.3459628781837868,24,31,4,1,28,35,4,1,1.1954622536910147,37.454625973129716
550,645,0.984,0.819,0.01691869965004955,0.31526982214191757,24,31,4,1,29,35,4,1,1.2802409929384388,39.7711901905933
550,646,0.999,0.909,0.0016997639247742224,0.29675115117448114,24,31,4,1,30,35,4,1,1.3506598387454927,42.299370662604716
550,647,1,1,0,0.2928932188134524,24,31,4,1,31,35,4,1,1.4142135623730951,45
550,742,1,1,0,0.2928932188134524,24,31,4,1,10,24,7,1,1.4142135623730951,45
550,743,1,1,0,0.2928932188134524,24,31,4,1,11,24,7,1,1.4142135623730951,45
550,744,1,1,0,0.2928932188134524,24,31,4,1,12,24,7,1,1.4142135623730951,45
550,745,1,1,0,0.2928932188134524,24,31,4,1,13,24,7,1,1.4142135623730951,45
550,746,1,1,0,0.2928932188134524,24,31,4,1,14,24,7,1,1.4142135623730951,45
550,747,1,1,0,0.2928932188134524,24,31,4,1,15,24,7,1,1.4142135623730951,45
550,748,1,1,0,0.2928932188134524,24,31,4,1,16,24,7,1,1.4142135623730951,45
550,749,1,1,0,0.2928932188134524,24,31,4,1,17,24,7,1,1.4142135623730951,45
550,750,1,1,0,0.2928932188134524,24,31,4,1,18,24,7,1,1.4142135623730951,45
550,751,1,1,0,0.2928932188134524,24,31,4,1,19,24,7,1,1.4142135623730951,45
550,752,1,1,0,0.2928932188134524,24,31,4,1,20,24,7,1,1.4142135623730951,45
550,753,1,1,0,0.2928932188134524,24,31,4,1,21,24,7,1,1.4142135623730951,45
550,754,1,1,0,0.2928932188134524,24,31,4,1,22,24,7,1,1.4142135623730951,45
550,755,1,1,0,0.2928932188134524,24,31,4,1,23,24,7,1,1.4142135623730951,45
550,756,1,0.953,2.865647830868623e-4,0.2936759919394145,24,31,4,1,10,25,7,1,1.3813793830805496,43.62141221053497
550,757,1,0.95,2.874773441781109e-4,0.2937293379614948,24,31,4,1,11,25,7,1,1.379311422413372,43.53119928561418
550,758,1,0.948,2.8828202436792516e-4,0.2937913988386722,24,31,4,1,12,25,7,1,1.3779346864057092,43.470907000688804
550,759,1,0.945,2.8899296365680893e-4,0.293864503222687,24,31,4,1,13,25,7,1,1.3758724504836921,43.38024250274473
550,760,1,0.942,2.8958560924963184e-4,0.29395191979999524,24,31,4,1,14,25,7,1,1.3738136700440857,43.289306039103366
550,761,1,0.938,2.90190339297669e-4,0.2940583412099771,24,31,4,1,15,25,7,1,1.3710740315533658,43.16763304046667
550,762,1,0.934,2.9071655707424426e-4,0.29419064211403423,24,31,4,1,16,25,7,1,1.3683406008739198,43.045473375173806
550,763,1,0.929,2.910549643792004e-4,0.29435907321700727,24,31,4,1,17,25,7,1,1.3649325990685401,42.8920866639288
550,764,1,0.924,2.9133233696509997e-4,0.29457916924355043,24,31,4,1,18,25,7,1,1.3615344285033706,42.73793318624221
550,765,1,0.917,2.915983000679745e-4,0.2948748962724076,24,31,4,1,19,25,7,1,1.3567936468011634,42.52082345847564
550,766,1,0.909,2.917328232256988e-4,0.29528373726854096,24,31,4,1,20,25,7,1,1.35139964481274,42.270837050918736
550,767,0.999,0.9,2.917328232256988e-4,0.29586367352359577,24,31,4,1,21,25,7,1,1.3446192769702507,42.015717856406624
550,768,0.999,0.889,2.917328232256988e-4,0.29669577306575534,24,31,4,1,22,25,7,1,1.3372815709490653,41.66556206288983
550,769,0.999,0.876,2.917328232256988e-4,0.29781998322688086,24,31,4,1,23,25,7,1,1.3286749038045387,41.24677452634258
550,770,0.998,0.857,2.917328191068824e-4,0.29874542961102113,24,31,4,1,24,25,7,1,1.315466837286292,40.65326144924435
550,771,0.993,0.905,0.007066893198995339,0.3002690799310105,24,31,4,1,10,26,7,1,1.3435304239205006,42.34540551036303
550,772,0.993,0.9,0.007194101163843114,0.300758443725024,24,31,4,1,11,26,7,1,1.3401675268413273,42.18741324008184
550,773,0.993,0.895,0.007317969229259869,0.30132442216941613,24,31,4,1,12,26,7,1,1.3368148712518124,42.0286272861391
550,774,0.993,0.889,0.007439612777033866,0.30198572634294796,24,31,4,1,13,26,7,1,1.3328053121142638,41.83703149810487
550,775,0.992,0.883,0.0075530292048821,0.3027673722821147,24,31,4,1,14,26,7,1,1.3280636279937794,41.672949884046865
550,776,0.992,0.876,0.007663404089248371,0.30370295535086433,24,31,4,1,15,26,7,1,1.323419812455594,41.44658088021854
550,777,0.992,0.867,0.00776588521761612,0.30483732635331007,24,31,4,1,16,26,7,1,1.3174797911163572,41.153196412675015
550,778,0.991,0.857,0.007858831467739358,0.3062290023653771,24,31,4,1,17,26,7,1,1.3101641118577474,40.85269433259695
550,779,0.99,0.847,0.00794008939136892,0.30795044740881394,24,31,4,1,18,26,7,1,1.3028848759579643,40.548825997113426
550,780,0.99,0.834,0.008014660360756598,0.31008199906883394,24,31,4,1,19,26,7,1,1.2944713206556566,40.111599051875245
550,781,0.989,0.819,0.008071165474771491,0.3126902689291394,24,31,4,1,20,26,7,1,1.2840880032147328,39.62846833943509
550,782,0.987,0.8,0.00811336226134085,0.31577629401029383,24,31,4,1,21,26,7,1,1.2704995080675947,39.026045495288194
550,783,0.985,0.778,0.008139631437708572,0.31918149499694615,24,31,4,1,22,26,7,1,1.2551928138736295,38.303362812104716
550,784,0.981,0.75,0.008157566464953914,0.32243215228113964,24,31,4,1,23,26,7,1,1.2348526227854075,37.39885239945635
550,785,0.974,0.715,0.008173577392924347,0.32433230994398954,24,31,4,1,24,26,7,1,1.2082636301734815,36.28188016344343
550,786,0.959,0.857,0.007447295329696346,0.3218005412181034,24,31,4,1,25,26,7,1,1.2861298534751457,41.785222778941595
550,787,0.961,0.858,0.03676053604602503,0.32000637614693406,24,31,4,1,10,27,7,1,1.2882876231649514,41.75911487864652
550,788,0.96,0.85,0.03801292141306167,0.32173659935207366,24,31,4,1,11,27,7,1,1.2822246293064254,41.52221348020184
550,789,0.959,0.843,0.0392903490372839,0.32371357744572493,24,31,4,1,12,27,7,1,1.2768437649140947,41.31678540858201
550,790,0.957,0.834,0.040558444041144615,0.3259866900628544,24,31,4,1,13,27,7,1,1.2694112808699944,41.07128280744854
550,791,0.955,0.824,0.041818168238987985,0.32861606451008496,24,31,4,1,14,27,7,1,1.2613488811585793,40.78851898692195
550,792,0.954,0.813,0.04304065981652572,0.3316725182789959,24,31,4,1,15,27,7,1,1.2534292959716555,40.43767785854108
550,793,0.951,0.8,0.04420735027213363,0.3352337899679183,24,31,4,1,16,27,7,1,1.2427393129695383,40.07121003770485
550,794,0.949,0.786,0.04528678927416563,0.33937306034252923,24,31,4,1,17,27,7,1,1.2322325267578356,39.632922237643655
550,795,0.945,0.769,0.0462217148927101,0.3441344644532178,24,31,4,1,18,27,7,1,1.2183538073975064,39.13720083005644
550,796,0.941,0.75,0.04703816132970495,0.34949230533679976,24,31,4,1,19,27,7,1,1.2033208217262759,38.55570182574099
550,797,0.936,0.727,0.04771010091442185,0.3552994822537823,24,31,4,1,20,27,7,1,1.1851687643538367,37.83682321748832
550,798,0.929,0.7,0.048268044398672605,0.36124818638449696,24,31,4,1,21,27,7,1,1.163202905773537,36.99796571551633
550,799,0.92,0.667,0.04869006892718175,0.366863596496242,24,31,4,1,22,27,7,1,1.1363489780872775,35.942111871382345
550,800,0.905,0.625,0.04899816942020552,0.3714433820007258,24,31,4,1,23,27,7,1,1.099840897584737,34.62925847171537
550,801,0.882,0.572,0.049242342075889955,0.3736364917462154,24,31,4,1,24,27,7,1,1.0512411711876586,32.96446056371226
550,802,0.85,0.714,0.047165946057141084,0.37037068978746635,24,31,4,1,25,27,7,1,1.1100882847773865,40.0302592718897
550,803,0.821,0.858,0.03373698712849127,0.3553829537885943,24,31,4,1,26,27,7,1,1.1875205261383905,46.26241856773356
550,804,0.882,0.81,0.10210013300184384,0.358035343800049,24,31,4,1,10,28,7,1,1.1975074112505526,42.56335175318988
550,805,0.878,0.8,0.10722900934258472,0.36201402101965874,24,31,4,1,11,28,7,1,1.1878063815285722,42.338583960236235
550,806,0.874,0.79,0.11259387808111532,0.36649476687931193,24,31,4,1,12,28,7,1,1.178123932360259,42.11011808038827
550,807,0.869,0.778,0.1181152964491089,0.371552240346369,24,31,4,1,13,28,7,1,1.1663811555405033,41.8375106340744
550,808,0.864,0.765,0.12371794970571126,0.37726521600316876,24,31,4,1,14,28,7,1,1.154002166375783,41.52221348020184
550,809,0.858,0.75,0.12932282452207589,0.3837075124251834,24,31,4,1,15,28,7,1,1.1395893997400994,41.15754687208514
550,810,0.851,0.733,0.13483867109208858,0.39093012085024337,24,31,4,1,16,28,7,1,1.123160718686333,40.73962315343379
550,811,0.843,0.714,0.14010971941995365,0.39893150636833485,24,31,4,1,17,28,7,1,1.104737525387818,40.263768184162444
550,812,0.833,0.693,0.14506986740175287,0.40761756041216124,24,31,4,1,18,28,7,1,1.083576485532978,39.758180053020446
550,813,0.822,0.667,0.14948951188430915,0.4167632986413903,24,31,4,1,19,28,7,1,1.0585712068632889,39.05710221651674
550,814,0.807,0.637,0.1532837453401097,0.42599808171087983,24,31,4,1,20,28,7,1,1.0281138069299527,38.28555890267462
550,815,0.789,0.6,0.15656026011189772,0.43482509087397725,24,31,4,1,21,28,7,1,0.9912219731220652,37.251401435429955
550,816,0.766,0.556,0.1594783999525975,0.4426191160125461,24,31,4,1,22,28,7,1,0.9465157156645632,35.973967360943625
550,817,0.732,0.5,0.16198764327876647,0.448431645595751,24,31,4,1,23,28,7,1,0.8864671454712802,34.335424482548255
550,818,0.686,0.429,0.1637689084894971,0.4504702075723124,24,31,4,1,24,28,7,1,0.8090964095829372,32.020395857946426
550,819,0.647,0.572,0.15705884491466948,0.44570786129742346,24,31,4,1,25,28,7,1,0.8635930754701545,41.479267007556416
550,820,0.624,0.715,0.13290079450212622,0.4303700610443413,24,31,4,1,26,28,7,1,0.949,48.88790956083307
550,821,0.617,0.858,0.0852169113544925,0.3979616756254979,24,31,4,1,27,28,7,1,1.0568126607871424,54.27955111904752
550,822,0.746,0.762,0.21476800779074867,0.4281173908085385,24,31,4,1,10,29,7,1,1.066377044013983,45.60788996983874
550,823,0.738,0.75,0.2289686189047615,0.4361175578201699,24,31,4,1,11,29,7,1,1.052209104693549,45.462052721430766
550,824,0.729,0.737,0.24438869962500342,0.44500231351645203,24,31,4,1,12,29,7,1,1.0366339759047065,45.312661450388646
550,825,0.719,0.722,0.26093301021408855,0.4548570731330259,24,31,4,1,13,29,7,1,1.0189430798626584,45.119283199309734
550,826,0.708,0.706,0.27843526668172114,0.46575013691308387,24,31,4,1,14,29,7,1,0.9998499887483121,44.91895934751853
550,827,0.695,0.688,0.29657351737795135,0.4777105975459611,24,31,4,1,15,29,7,1,0.977941204776647,44.710002146262724
550,828,0.681,0.667,0.31477128310915725,0.4906956205503117,24,31,4,1,16,29,7,1,0.9532313465261202,44.40496136917214
550,829,0.664,0.643,0.3325137205315304,0.504549565491843,24,31,4,1,17,29,7,1,0.9243078491498382,44.0794890238506
550,830,0.645,0.616,0.3491024360208098,0.5189660998560384,24,31,4,1,18,29,7,1,0.8918974156258107,43.68256560833227
550,831,0.622,0.583,0.36434889408218707,0.5334726658122186,24,31,4,1,19,29,7,1,0.8525098239903162,43.14626085992993
550,832,0.595,0.546,0.37809054002774356,0.5474470138659168,24,31,4,1,20,29,7,1,0.8075524750751496,42.54095600989538
550,833,0.561,0.5,0.39027046973346713,0.5601323011795278,24,31,4,1,21,29,7,1,0.7514792079625358,41.709519992015146
550,834,0.518,0.445,0.4012258258834026,0.5705495092564388,24,31,4,1,22,29,7,1,0.6828975032902083,40.66499704197593
550,835,0.462,0.375,0.4111345878160667,0.5772092652405512,24,31,4,1,23,29,7,1,0.5950369736411344,39.065834540451064
550,836,0.415,0.286,0.4144479266750427,0.5778117350690422,24,31,4,1,24,29,7,1,0.504004960293051,34.57292655492801
550,837,0.403,0.429,0.3937917856446561,0.5695986378040435,24,31,4,1,25,29,7,1,0.5886000339789321,46.78991060824607
550,838,0.413,0.572,0.3501699424924116,0.5501652656912612,24,31,4,1,26,29,7,1,0.7055161231325616,54.169662178719065
550,839,0.438,0.715,0.2831461595169693,0.5157991629023639,24,31,4,1,27,29,7,1,0.8384920989490598,58.50888873884493
550,840,0.471,0.858,0.17239029550540486,0.4540167161749452,24,31,4,1,28,29,7,1,0.9787772984698817,61.23536908805855
550,841,0.561,0.714,0.3571446875668576,0.5263096954508937,24,31,4,1,10,30,7,1,0.9080291845530076,51.84277341263094
550,842,0.548,0.7,0.38229592994952954,0.5396457772220221,24,31,4,1,11,30,7,1,0.888990438643746,51.94413051099323
550,843,0.533,0.684,0.40963814566533174,0.5542828023890317,24,31,4,1,12,30,7,1,0.8671476229570142,52.07286080392472
550,844,0.516,0.667,0.43917277854319003,0.570292975435243,24,31,4,1,13,30,7,1,0.8432941361114756,52.27399099891945
550,845,0.498,0.647,0.4706351718936812,0.5877036201042369,24,31,4,1,14,30,7,1,0.8164637162789293,52.414293258960136
550,846,0.478,0.625,0.5035504996240103,0.6064645522036978,24,31,4,1,15,30,7,1,0.7868347984170502,52.59124080433908
550,847,0.455,0.6,0.537220647508109,0.6264052408332546,24,31,4,1,16,30,7,1,0.7530106240950389,52.8257451664089
550,848,0.429,0.572,0.5708691144494895,0.6471867247028354,24,31,4,1,17,30,7,1,0.715,53.13010235415598
550,849,0.4,0.539,0.6034953247886243,0.6682594714656411,24,31,4,1,18,30,7,1,0.6712086113869518,53.42033475007803
550,850,0.365,0.5,0.6338570907135065,0.6888373078528609,24,31,4,1,19,30,7,1,0.6190516941257814,53.87055585675915
550,851,0.324,0.454,0.6608729213717986,0.7078736192092903,24,31,4,1,20,30,7,1,0.5577562191495493,54.48620539943646
550,852,0.275,0.4,0.6847425019424043,0.7239823071884559,24,31,4,1,21,30,7,1,0.48541219597369,55.4914770123316
550,853,0.214,0.333,0.7054407816067447,0.7352343406416975,24,31,4,1,22,30,7,1,0.3958345614016038,57.2734707192514
550,854,0.182,0.25,0.7180907481079801,0.738926684492913,24,31,4,1,23,30,7,1,0.3092313050129304,53.94538183353896
550,855,0.21,0.143,0.6907156651067966,0.7318338828257523,24,31,4,1,24,30,7,1,0.2540649523251879,34.25299921056535
550,856,0.253,0.286,0.6402927314962175,0.7113177458407608,24,31,4,1,25,30,7,1,0.38184420906961514,48.50353164478446
550,857,0.301,0.429,0.5665109975609134,0.6757878286525787,24,31,4,1,26,30,7,1,0.5240629733152304,54.945283178569746
550,858,0.351,0.572,0.46580225711656176,0.6229213529005648,24,31,4,1,27,30,7,1,0.6711072939552959,58.46520809481171
550,859,0.401,0.714,0.33505959733075663,0.5506360771789481,24,31,4,1,28,30,7,1,0.8188998717792059,60.680359788587715
550,860,0.452,0.857,0.18903202962501253,0.4639001053639563,24,31,4,1,29,30,7,1,0.9688926669141428,62.19188367554142
550,861,0.345,0.667,0.5037137413065189,0.6422708054472518,24,31,4,1,10,31,7,1,0.7509420749964674,62.65012421993013
550,862,0.326,0.65,0.5373124765456612,0.6620160270507218,24,31,4,1,11,31,7,1,0.7271698563609468,63.364474344916765
550,863,0.305,0.632,0.57362138272716,0.6836713984935467,24,31,4,1,12,31,7,1,0.7017471054446894,64.2382786831898
550,864,0.283,0.611,0.6125976120665453,0.7073867248931778,24,31,4,1,13,31,7,1,0.673357260300949,65.14760139961079
550,865,0.259,0.589,0.6541688705940281,0.7332924970175181,24,31,4,1,14,31,7,1,0.6434298718586199,66.26354654014193
550,866,0.232,0.563,0.6981759542593985,0.7614835795653124,24,31,4,1,15,31,7,1,0.6089277461242836,67.6045110101731
550,867,0.202,0.534,0.7443611472928542,0.7920003049063722,24,31,4,1,16,31,7,1,0.5709290673980438,69.27951470030888
550,868,0.168,0.5,0.7924551131040188,0.8248092649242877,24,31,4,1,17,31,7,1,0.5274694303938381,71.4276514895927
550,869,0.13,0.462,0.8422520468595011,0.8597778170666109,24,31,4,1,18,31,7,1,0.4799416631216757,74.28417954854312
550,870,0.087,0.417,0.8935136043650762,0.8965745124201953,24,31,4,1,19,31,7,1,0.42597887271553736,78.2152514937372
550,871,0.043,0.364,0.9448162115810637,0.9340081820909534,24,31,4,1,20,31,7,1,0.36653103552086824,83.26276642376378
550,872,0.037,0.3,0.9635832588894865,0.9640857722120263,24,31,4,1,21,31,7,1,0.30227305536550886,82.96902670084825
550,873,0.087,0.222,0.9184751938917625,0.951351439747972,24,31,4,1,22,31,7,1,0.2384386713601634,68.60018986791778
550,874,0.152,0.125,0.8498379421126421,0.906187707446159,24,31,4,1,23,31,7,1,0.19679684956827942,39.43279964735481
550,875,0.22,0,0.7709208475052826,0.8509450545746186,24,31,4,1,24,31,7,1,0.22,0
550,876,0.29,0.143,0.6817315128815393,0.7888160187903327,24,31,4,1,25,31,7,1,0.32334037793013104,26.248065312941204
550,877,0.364,0.286,0.5816649679255221,0.7201586312194599,24,31,4,1,26,31,7,1,0.4629168391838862,38.15722658736906
550,878,0.443,0.429,0.471537189529704,0.645030004754794,24,31,4,1,27,31,7,1,0.6166765764969512,44.080192657465
550,879,0.53,0.572,0.35348485923513107,0.5653077946686038,24,31,4,1,28,31,7,1,0.7797974095879006,47.18263030186706
550,880,0.63,0.715,0.22515016935998333,0.48254042987539214,24,31,4,1,29,31,7,1,0.9529559276272959,48.616113896154715
550,881,0.757,0.857,0.08951921733298318,0.39213829441091264,24,31,4,1,30,31,7,1,1.1434587880636538,48.54539235851828
550,882,0.272,0.682,0.5579242489425575,0.667620600476728,24,31,4,1,10,32,7,1,0.734239742863324,68.25655284037306
550,883,0.261,0.667,0.5848205828475375,0.6825834221779474,24,31,4,1,11,32,7,1,0.7162471640432513,68.62937773065681
550,884,0.248,0.65,0.6119264070579803,0.6977436861253399,24,31,4,1,12,32,7,1,0.6957039600289767,69.11622341135565
550,885,0.235,0.632,0.6386088223540813,0.7127109845774048,24,31,4,1,13,32,7,1,0.6742766494548065,69.60308168810404
550,886,0.221,0.611,0.6640433193127142,0.7269155430151678,24,31,4,1,14,32,7,1,0.6497399479791895,70.11483488614456
550,887,0.205,0.588,0.6871235489314094,0.7395656112203528,24,31,4,1,15,32,7,1,0.6227110084140154,70.77942949304344
550,888,0.191,0.563,0.7064019646508058,0.7496273470108288,24,31,4,1,16,32,7,1,0.5945166103650931,71.26028926665693
550,889,0.18,0.533,0.7199400327637024,0.7558631323537857,24,31,4,1,17,32,7,1,0.5625735507469224,71.33960520364445
550,890,0.178,0.5,0.7250670092314953,0.7569640122360355,24,31,4,1,18,32,7,1,0.5307391072834184,70.40427050202604
550,891,0.193,0.461,0.7185552253209323,0.7517658702925043,24,31,4,1,19,32,7,1,0.49976994707565203,67.28312828384706
550,892,0.23,0.417,0.6972433521506387,0.7394525428645533,24,31,4,1,20,32,7,1,0.4762236869371367,61.12068327831924
550,893,0.289,0.364,0.6597746876210934,0.719619832452264,24,31,4,1,21,32,7,1,0.4647762902730732,51.55196953638641
550,894,0.36,0.3,0.6090784579007962,0.6921848689518015,24,31,4,1,22,32,7,1,0.46861498055439926,39.80557109226519
550,895,0.435,0.222,0.549008604393417,0.6572736173521876,24,31,4,1,23,32,7,1,0.4883738322228168,27.037258448483403
550,896,0.513,0.125,0.48109372869335654,0.6152228903964553,24,31,4,1,24,32,7,1,0.5280094696120515,13.694104616126776
550,897,0.593,0.25,0.40588079199912874,0.5666805455808992,24,31,4,1,25,32,7,1,0.6435440932834362,22.85956618919674
550,898,0.676,0.375,0.3243297256208941,0.5127002687196303,24,31,4,1,26,32,7,1,0.7730465703953417,29.01860977065923
550,899,0.762,0.5,0.2384140734854715,0.45501338779467815,24,31,4,1,27,32,7,1,0.9113967302991601,33.27160305309256
550,900,0.848,0.625,0.15146503739794415,0.39672447086919327,24,31,4,1,28,32,7,1,1.053436756525991,36.39126547273015
550,901,0.931,0.75,0.07109197142070811,0.34262179115268854,24,31,4,1,29,32,7,1,1.1955170429567286,38.854411067807945
550,902,0.99,0.876,0.012252777688190886,0.3026487945467591,24,31,4,1,30,32,7,1,1.3219213289753668,41.50395995814266
550,903,1,1,0,0.2928932188134524,24,31,4,1,31,32,7,1,1.4142135623730951,45
550,904,0.283,0.696,0.5222966340015334,0.6430522248539992,24,31,4,1,10,33,7,1,0.7513354776662685,67.87288889868273
550,905,0.276,0.682,0.5366694449737599,0.6502031419964123,24,31,4,1,11,33,7,1,0.7357309290766565,67.96721053162348
550,906,0.269,0.667,0.5493409396189832,0.6562978439744814,24,31,4,1,12,33,7,1,0.719200945494373,68.03586087771097
550,907,0.265,0.65,0.5595713437470355,0.6609249096923149,24,31,4,1,13,33,7,1,0.7019437299385187,67.81965569798277
550,908,0.263,0.632,0.5665087048845256,0.6636177425103225,24,31,4,1,14,33,7,1,0.6845385306905668,67.4058888560519
550,909,0.266,0.611,0.5691412177832875,0.66387570664013,24,31,4,1,15,33,7,1,0.6663910263501452,66.47400859550743
550,910,0.276,0.588,0.5663173459171664,0.6611974164333527,24,31,4,1,16,33,7,1,0.6495536929307691,64.85521436932105
550,911,0.296,0.563,0.55681729819132,0.6551213242389315,24,31,4,1,17,33,7,1,0.6360699647051414,62.26663144660496
550,912,0.327,0.533,0.5394157702652,0.6452627364183849,24,31,4,1,18,33,7,1,0.6253143209618663,58.47053281641403
550,913,0.373,0.5,0.5131909428370024,0.6313339912705542,24,31,4,1,19,33,7,1,0.6238020519363494,53.27706138940322
550,914,0.43,0.462,0.47809052378949035,0.6131412191974754,24,31,4,1,20,33,7,1,0.6311449912658739,47.0545728809257
550,915,0.497,0.416,0.43541801036830596,0.5905681006918401,24,31,4,1,21,33,7,1,0.6481242164894011,39.930077726519066
550,916,0.567,0.364,0.3870031277283986,0.56357501884549,24,31,4,1,22,33,7,1,0.6737840900466558,32.69946112100192
550,917,0.638,0.3,0.334345151516121,0.5322474977994645,24,31,4,1,23,33,7,1,0.7050134750485271,25.183821583638604
550,918,0.708,0.222,0.2783412982788449,0.49691014802816535,24,31,4,1,24,33,7,1,0.741989218250508,17.409302746956854
550,919,0.777,0.333,0.21999128824568004,0.45828186639542456,24,31,4,1,25,33,7,1,0.8453508147508939,23.19859051364819
550,920,0.843,0.445,0.16103331832258894,0.4176346109683303,24,31,4,1,26,33,7,1,0.9532439352023174,27.828526127783313
550,921,0.904,0.556,0.10416143358213814,0.3770432322197378,24,31,4,1,27,33,7,1,1.0612973193219704,31.593355140483794
550,922,0.954,0.667,0.053422298441385796,0.33980815339522896,24,31,4,1,28,33,7,1,1.1640468203641983,34.959761335326114
550,923,0.987,0.778,0.016271842059342068,0.310567628405375,24,31,4,1,29,33,7,1,1.2567629052450586,38.246847191922946
550,924,0.999,0.889,9.247219905779147e-4,0.2950341438223214,24,31,4,1,30,33,7,1,1.3372815709490653,41.66556206288983
550,925,1,1,0,0.2928932188134524,24,31,4,1,31,33,7,1,1.4142135623730951,45
550,927,0.316,0.708,0.45375781723334996,0.6035763006780579,24,31,4,1,10,34,7,1,0.7753192890674138,65.94747058695117
550,928,0.318,0.696,0.45751759925230984,0.6049242058573439,24,31,4,1,11,34,7,1,0.765205854656118,65.44450263594315
550,929,0.323,0.682,0.45878911357333374,0.6049270223775999,24,31,4,1,12,34,7,1,0.7546210969751641,64.65743551594409
550,930,0.332,0.667,0.457020757580307,0.6033288313242435,24,31,4,1,13,34,7,1,0.7450590580618426,63.53812238399806
550,931,0.346,0.65,0.4516248180965272,0.5998722830422833,24,31,4,1,14,34,7,1,0.7363531761322144,61.973283768193305
550,932,0.366,0.632,0.44195902302948653,0.5943109564581712,24,31,4,1,15,34,7,1,0.7303286931238564,59.92427039265472
550,933,0.394,0.611,0.4274472742880975,0.5864220781093294,24,31,4,1,16,34,7,1,0.7270192569664162,57.184275578236026
550,934,0.431,0.588,0.40760049902423445,0.5760173910174329,24,31,4,1,17,34,7,1,0.7290438944261175,53.75883738501928
550,935,0.477,0.563,0.3821754479072248,0.5629500533154249,24,31,4,1,18,34,7,1,0.7379010773809724,49.727164993751956
550,936,0.53,0.533,0.35143568530481106,0.5471169803655374,24,31,4,1,19,34,7,1,0.7516575017918733,45.16169979509957
550,937,0.589,0.5,0.31615645663836545,0.5284597948758697,24,31,4,1,20,34,7,1,0.7726066269454334,40.32780851433761
550,938,0.651,0.462,0.2774499313752652,0.5069732999788139,24,31,4,1,21,34,7,1,0.798276267967425,35.36246188706905
550,939,0.712,0.416,0.23653073524363633,0.48273507853136677,24,31,4,1,22,34,7,1,0.824621125123532,30.29644817623844
550,940,0.772,0.364,0.1944896637871104,0.4559693159291982,24,31,4,1,23,34,7,1,0.8535103982963536,25.243999002535418
550,941,0.828,0.3,0.15227851918206126,0.42714833527637197,24,31,4,1,24,34,7,1,0.880672470331621,19.916405993809086
550,942,0.88,0.4,0.11116891619625269,0.39711482981368074,24,31,4,1,25,34,7,1,0.9666436778875658,24.443954780416536
550,943,0.925,0.5,0.07297121598550926,0.36719549628866077,24,31,4,1,26,34,7,1,1.0514870422406546,28.393019421382995
550,944,0.961,0.6,0.04034919031367068,0.3393202692838104,24,31,4,1,27,34,7,1,1.1329258581213513,31.978579420970217
550,945,0.985,0.7,0.016328682995379706,0.31608602614479864,24,31,4,1,28,34,7,1,1.2083976994350825,35.399881570121316
550,946,0.997,0.8,0.0033598970089979696,0.3002906209502939,24,31,4,1,29,34,7,1,1.2782836148523535,38.74380933674647
550,947,1,0.9,9.933981238430256e-5,0.2935773875540011,24,31,4,1,30,34,7,1,1.3453624047073711,41.98721249581666
550,948,1,1,0,0.2928932188134524,24,31,4,1,31,34,7,1,1.4142135623730951,45
550,951,0.37,0.72,0.3895020232763231,0.5690286398921623,24,31,4,1,10,35,7,1,0.8095060222135472,62.801872051490875
550,952,0.382,0.708,0.3867954742980707,0.5672198664473045,24,31,4,1,11,35,7,1,0.8044799562450266,61.65100735406743
550,953,0.398,0.696,0.3815948995297139,0.564148969109614,24,31,4,1,12,35,7,1,0.8017605627617262,60.23739104907116
550,954,0.418,0.682,0.3735445447719058,0.5596592637805238,24,31,4,1,13,35,7,1,0.7999049943587051,58.49573328079582
550,955,0.443,0.667,0.3622893091936227,0.5536018609472275,24,31,4,1,14,35,7,1,0.8007109341079338,56.40916302862235
550,956,0.474,0.65,0.3475211553909219,0.5458414040981918,24,31,4,1,15,35,7,1,0.8044724979761583,53.89931821830821
550,957,0.511,0.632,0.32902205397425366,0.5362613192208638,24,31,4,1,16,35,7,1,0.8127391955602977,51.04292576471037
550,958,0.554,0.611,0.3067508836540692,0.524768150743643,24,31,4,1,17,35,7,1,0.824764814962423,47.801079116558824
550,959,0.602,0.588,0.2809495046563042,0.511295021235522,24,31,4,1,18,35,7,1,0.8415152999203281,44.3259631020155
550,960,0.653,0.563,0.2521193776834505,0.49580535236761214,24,31,4,1,19,35,7,1,0.8621937137325927,40.76707641016465
550,961,0.707,0.533,0.2209858777560354,0.4783000124578245,24,31,4,1,20,35,7,1,0.8854027332237009,37.01226319307415
550,962,0.76,0.5,0.1884493064907169,0.45883374830107804,24,31,4,1,21,35,7,1,0.9097252332435327,33.340707346477004
550,963,0.81,0.462,0.15543238613057742,0.43754846021076677,24,31,4,1,22,35,7,1,0.9324934316122554,29.699154427550006
550,964,0.857,0.417,0.12284217119691654,0.4147294464745678,24,31,4,1,23,35,7,1,0.9530676786042007,25.946678693701937
550,965,0.899,0.364,0.09160971772850646,0.3908838249800801,24,31,4,1,24,35,7,1,0.9698953551801349,22.04274582460204
550,966,0.935,0.454,0.06291210464408559,0.36682541009468295,24,31,4,1,25,35,7,1,1.0393945352944667,25.899424477122235
550,967,0.963,0.546,0.038182612448859454,0.3437369734764927,24,31,4,1,26,35,7,1,1.1070162600431848,29.552291166769212
550,968,0.983,0.637,0.01897062809446015,0.3231965672646253,24,31,4,1,27,35,7,1,1.1713487951929604,32.94389425670695
550,969,0.995,0.727,0.006584622042654975,0.3070822137615571,24,31,4,1,28,35,7,1,1.2322962306198944,36.15385392913091
550,970,0.999,0.819,0.0010858165137844766,0.297014919011956,24,31,4,1,29,35,7,1,1.2918057129460296,39.3455791773593
550,971,1,0.909,2.33437851661078e-5,0.29322324768955754,24,31,4,1,30,35,7,1,1.35139964481274,42.270837050918736
550,972,1,1,0,0.2928932188134524,24,31,4,1,31,35,7,1,1.4142135623730951,45
550,1067,1,1,0,0.2928932188134524,24,31,4,1,10,24,10,1,1.4142135623730951,45
550,1068,1,1,0,0.2928932188134524,24,31,4,1,11,24,10,1,1.4142135623730951,45
550,1069,1,1,0,0.2928932188134524,24,31,4,1,12,24,10,1,1.4142135623730951,45
550,1070,1,1,0,0.2928932188134524,24,31,4,1,13,24,10,1,1.4142135623730951,45
550,1071,1,1,0,0.2928932188134524,24,31,4,1,14,24,10,1,1.4142135623730951,45
550,1072,1,1,0,0.2928932188134524,24,31,4,1,15,24,10,1,1.4142135623730951,45
550,1073,1,1,0,0.2928932188134524,24,31,4,1,16,24,10,1,1.4142135623730951,45
550,1074,1,1,0,0.2928932188134524,24,31,4,1,17,24,10,1,1.4142135623730951,45
550,1075,1,1,0,0.2928932188134524,24,31,4,1,18,24,10,1,1.4142135623730951,45
550,1076,1,1,0,0.2928932188134524,24,31,4,1,19,24,10,1,1.4142135623730951,45
550,1077,1,1,0,0.2928932188134524,24,31,4,1,20,24,10,1,1.4142135623730951,45
550,1078,1,1,0,0.2928932188134524,24,31,4,1,21,24,10,1,1.4142135623730951,45
550,1079,1,1,0,0.2928932188134524,24,31,4,1,22,24,10,1,1.4142135623730951,45
550,1080,1,1,0,0.2928932188134524,24,31,4,1,23,24,10,1,1.4142135623730951,45
550,1081,1,0.953,2.895435426694126e-4,0.29393898238765315,24,31,4,1,10,25,10,1,1.3813793830805496,43.62141221053497
550,1082,1,0.95,2.8998068689600753e-4,0.2940127774982031,24,31,4,1,11,25,10,1,1.379311422413372,43.53119928561418
550,1083,1,0.948,2.9037132883957817e-4,0.29409872901247947,24,31,4,1,12,25,10,1,1.3779346864057092,43.470907000688804
550,1084,1,0.945,2.9078170216911836e-4,0.2942000407440848,24,31,4,1,13,25,10,1,1.3758724504836921,43.38024250274473
550,1085,1,0.942,2.910052937110663e-4,0.2943210563083053,24,31,4,1,14,25,10,1,1.3738136700440857,43.289306039103366
550,1086,1,0.938,2.9125723511891355e-4,0.29446773258186665,24,31,4,1,15,25,10,1,1.3710740315533658,43.16763304046667
550,1087,1,0.934,2.914020397363215e-4,0.2946483248220637,24,31,4,1,16,25,10,1,1.3683406008739198,43.045473375173806
550,1088,1,0.929,2.9161782086439825e-4,0.29487437788218895,24,31,4,1,17,25,10,1,1.3649325990685401,42.8920866639288
550,1089,1,0.924,2.917328232256988e-4,0.2951621291651707,24,31,4,1,18,25,10,1,1.3615344285033706,42.73793318624221
550,1090,1,0.917,2.917328232256988e-4,0.29553431133932406,24,31,4,1,19,25,10,1,1.3567936468011634,42.52082345847564
550,1091,0.999,0.909,2.917328232256988e-4,0.2960217359041767,24,31,4,1,20,25,10,1,1.3506598387454927,42.299370662604716
550,1092,0.999,0.9,2.917328232256988e-4,0.2966613179103157,24,31,4,1,21,25,10,1,1.3446192769702507,42.015717856406624
550,1093,0.999,0.889,2.917328232256988e-4,0.2974747213753265,24,31,4,1,22,25,10,1,1.3372815709490653,41.66556206288983
550,1094,0.999,0.876,2.917328232256988e-4,0.29836748509661415,24,31,4,1,23,25,10,1,1.3286749038045387,41.24677452634258
550,1095,0.998,0.857,2.917117624503529e-4,0.29873074740252314,24,31,4,1,24,25,10,1,1.315466837286292,40.65326144924435
550,1096,0.992,0.905,0.007567949296287901,0.30279544714261153,24,31,4,1,10,26,10,1,1.3427914953558502,42.374147388421655
550,1097,0.992,0.9,0.00764858593445894,0.30346750558953184,24,31,4,1,11,26,10,1,1.339426743050922,42.21614003035517
550,1098,0.992,0.895,0.007726451656287492,0.30423972870174654,24,31,4,1,12,26,10,1,1.3360722285864637,42.057338032388635
550,1099,0.992,0.889,0.007797456423786153,0.30513330621887924,24,31,4,1,13,26,10,1,1.3320604340644608,41.865721710792045
550,1100,0.991,0.883,0.00786458748758645,0.30617411518785376,24,31,4,1,14,26,10,1,1.3273168423552832,41.70165041070847
550,1101,0.991,0.876,0.007925245711734807,0.30739289069427234,24,31,4,1,15,26,10,1,1.3226704049006313,41.47525416766464
550,1102,0.99,0.867,0.007980438994331873,0.30882428172930687,24,31,4,1,16,26,10,1,1.3159745438267414,41.2104998069276
550,1103,0.99,0.857,0.008033646428029728,0.31050356817150204,24,31,4,1,17,26,10,1,1.3094078814487105,40.88131652011829
550,1104,0.989,0.847,0.008072477870327499,0.31245905093171844,24,31,4,1,18,26,10,1,1.3021251859940348,40.57743134796152
550,1105,0.988,0.834,0.008105407916666918,0.3146974259670535,24,31,4,1,19,26,10,1,1.2929423807734048,40.16870050316396
550,1106,0.986,0.819,0.008128763554325014,0.31717980480275987,24,31,4,1,20,26,10,1,1.2817788420784608,39.713998652783594
550,1107,0.984,0.8,0.008145767969925721,0.31978739184632343,24,31,4,1,21,26,10,1,1.2681703355622225,39.111391253954345
550,1108,0.982,0.778,0.008158102161594849,0.32226974728507873,24,31,4,1,22,26,10,1,1.252839973819482,38.38840170500626
550,1109,0.977,0.75,0.008168750834964156,0.32412372467843453,24,31,4,1,23,26,10,1,1.231677311636453,37.51186636099653
550,1110,0.967,0.715,0.008164628643324123,0.3242502216008234,24,31,4,1,24,26,10,1,1.2026279557701958,36.47922900202976
550,1111,0.953,0.857,0.007015676537560966,0.32022137075220913,24,31,4,1,25,26,10,1,1.2816622019861552,41.96395259704274
550,1112,0.955,0.858,0.04222866645995904,0.3291658971722118,24,31,4,1,10,27,10,1,1.2838181335376129,41.937453552056326
550,1113,0.954,0.85,0.04312222991540715,0.331424933830892,24,31,4,1,11,27,10,1,1.2777386274195517,41.700569335317596
550,1114,0.952,0.843,0.04398621211590936,0.33395429414294664,24,31,4,1,12,27,10,1,1.2715946681234551,41.525024732391316
550,1115,0.95,0.834,0.04481067210575873,0.33678668098919184,24,31,4,1,13,27,10,1,1.2641423970423584,41.2797267748129
550,1116,0.948,0.824,0.04556923442307437,0.3399515515616084,24,31,4,1,14,27,10,1,1.2560573235326484,40.99711411321391
550,1117,0.946,0.813,0.04624934999941788,0.3434685022128796,24,31,4,1,15,27,10,1,1.2473511935297132,40.67602822807434
550,1118,0.943,0.8,0.04687474203823405,0.34733715502770945,24,31,4,1,16,27,10,1,1.2366280766665456,40.30981788471439
550,1119,0.939,0.786,0.04740823287274998,0.3515238007972318,24,31,4,1,17,27,10,1,1.224547671591433,39.93137718136184
550,1120,0.935,0.769,0.04788873723865339,0.3559470332193536,24,31,4,1,18,27,10,1,1.210613893857162,39.43592603041817
550,1121,0.93,0.75,0.04829197746407232,0.3604667662127694,24,31,4,1,19,27,10,1,1.1947384651043926,38.884496433714595
550,1122,0.923,0.727,0.04861706959956713,0.36487974510072496,24,31,4,1,20,27,10,1,1.1749289340211178,38.225699927676814
550,1123,0.914,0.7,0.04887179659881968,0.3689119458504625,24,31,4,1,21,27,10,1,1.1512584418800151,37.4472157046997
550,1124,0.902,0.667,0.04908121368381724,0.37216723545430963,24,31,4,1,22,27,10,1,1.1218257440440562,36.481734637838315
550,1125,0.883,0.625,0.04925858554878593,0.3739522351436497,24,31,4,1,23,27,10,1,1.0818105194533838,35.29140473518171
550,1126,0.857,0.572,0.04905957990382248,0.3728990297661079,24,31,4,1,24,27,10,1,1.0303557638019987,33.72091316472958
550,1127,0.832,0.714,0.04441059629194266,0.36638791971689055,24,31,4,1,25,27,10,1,1.0963667269668484,40.63530479901143
550,1128,0.811,0.858,0.029807379723849725,0.3502586490914792,24,31,4,1,26,27,10,1,1.1806290696065382,46.613055803358264
550,1129,0.861,0.81,0.12665096503255346,0.37944719299119156,24,31,4,1,10,28,10,1,1.1821256278416437,43.251838453008716
550,1130,0.856,0.8,0.1308140635965035,0.3843069919002773,24,31,4,1,11,28,10,1,1.1716381694021412,43.063199613778956
550,1131,0.851,0.79,0.13490707927995627,0.3896021450643875,24,31,4,1,12,28,10,1,1.1611636404917267,42.871155346149074
550,1132,0.845,0.778,0.1388685925900075,0.39534174866003147,24,31,4,1,13,28,10,1,1.148611770791158,42.6360820761326
550,1133,0.839,0.765,0.14271316216232643,0.40151281355611845,24,31,4,1,14,28,10,1,1.1354056543808473,42.35855146479338
550,1134,0.831,0.75,0.14631827908305284,0.40806969707222607,24,31,4,1,15,28,10,1,1.1194020725369416,42.067106957299316
550,1135,0.822,0.733,0.1496084689530296,0.4149233685081255,24,31,4,1,16,28,10,1,1.1013505345710783,41.72426549884884
550,1136,0.812,0.714,0.15254528701935022,0.42193351296440096,24,31,4,1,17,28,10,1,1.0812677744203791,41.32550047917034
550,1137,0.8,0.693,0.15516353438076558,0.428906283907186,24,31,4,1,18,28,10,1,1.0584181593302338,40.900747212021095
550,1138,0.786,0.667,0.15749653704570676,0.4355961000917067,24,31,4,1,19,28,10,1,1.0308661406797683,40.31795292730324
550,1139,0.767,0.637,0.15966346638412043,0.44169899445515104,24,31,4,1,20,28,10,1,0.9970245734183286,39.70991879462873
550,1140,0.744,0.6,0.16155995710088467,0.4468094329094964,24,31,4,1,21,28,10,1,0.9557907720835142,38.884496433714595
550,1141,0.713,0.556,0.16317129161526256,0.45030603415271053,24,31,4,1,22,28,10,1,0.9041598310033465,37.947235541567814
550,1142,0.673,0.5,0.16456297536600561,0.45116921811047916,24,31,4,1,23,28,10,1,0.8384086115969946,36.610209583744464
550,1143,0.642,0.429,0.1610888746342679,0.4478551790663037,24,31,4,1,24,28,10,1,0.7721431214483491,33.75180864379871
550,1144,0.623,0.572,0.14588293995008483,0.43840277670232863,24,31,4,1,25,28,10,1,0.8457617867934208,42.55622376601226
550,1145,0.614,0.715,0.11806744596717855,0.42023134985560606,24,31,4,1,26,28,10,1,0.9424547734506945,49.345952897107836
550,1146,0.613,0.858,0.07348369163835267,0.38855953348382855,24,31,4,1,27,28,10,1,1.0544823374528376,54.45600583945755
550,1147,0.698,0.762,0.29108384840284685,0.4719386745782602,24,31,4,1,10,29,10,1,1.0333673112693278,47.50998893807932
550,1148,0.688,0.75,0.3048535088451473,0.4810864223827125,24,31,4,1,11,29,10,1,1.0177642163094553,47.468803606327384
550,1149,0.677,0.737,0.3185479389506053,0.49081270287924195,24,31,4,1,12,29,10,1,1.0007487197093983,47.429763596717024
550,1150,0.664,0.722,0.33199428781958984,0.5010627029033581,24,31,4,1,13,29,10,1,0.9809077428586238,47.396260778283995
550,1151,0.651,0.706,0.34484371531320734,0.5117367550608494,24,31,4,1,14,29,10,1,0.9603317135240301,47.32096095302022
550,1152,0.635,0.688,0.3569387457218305,0.5226806803467522,24,31,4,1,15,29,10,1,0.9362526368454189,47.29406909718112
550,1153,0.617,0.667,0.36824288010937867,0.5336795299314521,24,31,4,1,16,29,10,1,0.9086132290474314,47.230017327950755
550,1154,0.596,0.643,0.3786304918496136,0.5444560368098434,24,31,4,1,17,29,10,1,0.8767354218919182,47.17240603624066
550,1155,0.572,0.616,0.3880257098347111,0.5546709493454374,24,31,4,1,18,29,10,1,0.8406188196798832,47.12109639666146
550,1156,0.543,0.583,0.39664505150045304,0.5639150496712817,24,31,4,1,19,29,10,1,0.79670446214389945,47.03451851572013
550,1157,0.509,0.546,0.40455425097170006,0.5716759425846736,24,31,4,1,20,29,10,1,0.746456294768823,47.00860219815446
550,1158,0.466,0.5,0.4117901585282857,0.577266825359169,24,31,4,1,21,29,10,1,0.6834881125520765,47.01578952272042
550,1159,0.417,0.445,0.41823370291172524,0.579736149231453,24,31,4,1,22,29,10,1,0.6098475219265878,46.86046165557641
550,1160,0.398,0.375,0.41521965253714677,0.5778415893856782,24,31,4,1,23,29,10,1,0.5468354414263947,43.29571248896565
550,1161,0.397,0.286,0.3946807682036555,0.5701974071326955,24,31,4,1,24,29,10,1,0.4892903023768201,35.7690921315463
550,1162,0.408,0.429,0.3601554669609457,0.5554734916223021,24,31,4,1,25,29,10,1,0.5920346273656635,46.4372269963219
550,1163,0.427,0.572,0.3127084861764826,0.5319697952680741,24,31,4,1,26,29,10,1,0.7138017932171367,53.25853201748758
550,1164,0.451,0.715,0.2442820171403367,0.4955486644585,24,31,4,1,27,29,10,1,0.8453555465009974,57.75753216087667
550,1165,0.479,0.858,0.14472457164243036,0.4368971924020143,24,31,4,1,28,29,10,1,0.9826520238619569,60.82646641177278
550,1166,0.477,0.714,0.49831922941105267,0.6003527040836072,24,31,4,1,10,30,10,1,0.8586763068817026,56.25441332520186
550,1167,0.461,0.7,0.523937488467406,0.6147819768616942,24,31,4,1,11,30,10,1,0.8381652581681013,56.6322415334022
550,1168,0.442,0.684,0.5498655023356585,0.6298585106317691,24,31,4,1,12,30,10,1,0.814383202184328,57.12950284565339
550,1169,0.422,0.667,0.5757953335778256,0.6454398622679156,24,31,4,1,13,30,10,1,0.7892863865543356,57.67913153553218
550,1170,0.4,0.647,0.6011734116374239,0.6613130652410334,24,31,4,1,14,30,10,1,0.760663526140172,58.274067235282054
550,1171,0.375,0.625,0.6254518033133668,0.6771803557652027,24,31,4,1,15,30,10,1,0.7288689868556626,59.03624346792648
550,1172,0.347,0.6,0.6476975612678941,0.6926450587527356,24,31,4,1,16,30,10,1,0.6931154305020196,59.957773912599095
550,1173,0.315,0.572,0.6678107240839637,0.7071956639880537,24,31,4,1,17,30,10,1,0.6529999999999999,61.15845374497803
550,1174,0.277,0.539,0.6858735318199833,0.7201826584946662,24,31,4,1,18,30,10,1,0.6060115510450276,62.80070410849589
550,1175,0.234,0.5,0.701881332055634,0.7307814206706458,24,31,4,1,19,30,10,1,0.5520470994398938,64.92040597840976
550,1176,0.183,0.454,0.7157616658948718,0.7379439311452413,24,31,4,1,20,30,10,1,0.489494637355712,68.0464397117408
550,1177,0.178,0.4,0.7258575287207325,0.7403719163911766,24,31,4,1,21,30,10,1,0.437817313499592,66.0109359904476
550,1178,0.203,0.333,0.705095759057989,0.7365851750470052,24,31,4,1,22,30,10,1,0.38999743588900687,58.63311358899185
550,1179,0.237,0.25,0.6692564168406073,0.7251441238928105,24,31,4,1,23,30,10,1,0.3444836716014273,46.529092999311196
550,1180,0.273,0.143,0.6211217245199656,0.7049141270979,24,31,4,1,24,30,10,1,0.30818500936937215,27.64597536373868
550,1181,0.31,0.286,0.5588353599798024,0.6750212582431814,24,31,4,1,25,30,10,1,0.42177719236582717,42.69403327600497
550,1182,0.348,0.429,0.48112720032371015,0.6343616244348856,24,31,4,1,26,30,10,1,0.5523993120922581,50.95142227887938
550,1183,0.386,0.572,0.3853338002681207,0.5816570758238988,24,31,4,1,27,30,10,1,0.690057968579452,55.98753197272685
550,1184,0.425,0.714,0.2751674560706763,0.5177733550881269,24,31,4,1,28,30,10,1,0.8309157598697957,59.23728046576109
550,1185,0.465,0.857,0.15618851930323252,0.4439906183638582,24,31,4,1,29,30,10,1,0.975025127881328,61.51616581723324
550,1186,0.224,0.667,0.6949204158725635,0.7552744216107583,24,31,4,1,10,31,10,1,0.7036085559457048,71.43629683310493
550,1187,0.201,0.65,0.729452513772995,0.7772009285224825,24,31,4,1,11,31,10,1,0.6803682826234627,72.81678209171083
550,1188,0.177,0.632,0.7652399398826403,0.8004198691154047,24,31,4,1,12,31,10,1,0.6563177584067035,74.35439091708277
550,1189,0.15,0.611,0.8021455712323498,0.8248899130894718,24,31,4,1,13,31,10,1,0.6291430679901034,76.20672098730871
550,1190,0.121,0.589,0.8399745091540272,0.8505022058826471,24,31,4,1,14,31,10,1,0.6013002577747659,78.3910707384553
550,1191,0.089,0.563,0.8783710829496603,0.8770099456921719,24,31,4,1,15,31,10,1,0.5699912280026772,81.01692176546159
550,1192,0.061,0.534,0.9164546621328081,0.9038187211773616,24,31,4,1,16,31,10,1,0.5374727900089454,83.48322432732579
550,1193,0.044,0.5,0.9470417311177847,0.9292575753723114,24,31,4,1,17,31,10,1,0.5019322663467651,84.97092641821456
550,1194,0.054,0.462,0.9458649477880127,0.9479476053888524,24,31,4,1,18,31,10,1,0.4651451386395434,83.33334010909863
550,1195,0.087,0.417,0.9183314355946255,0.9475285737775919,24,31,4,1,19,31,10,1,0.42597887271553736,78.2152514937372
550,1196,0.132,0.364,0.8739022055697121,0.9250002027473361,24,31,4,1,20,31,10,1,0.387195041290562,70.06746343806049
550,1197,0.182,0.3,0.8199934418729369,0.8906649504022737,24,31,4,1,21,31,10,1,0.35089029624656193,58.756207674754314
550,1198,0.234,0.222,0.7596375453753995,0.8498685559025085,24,31,4,1,22,31,10,1,0.3225523213371747,43.49256424122503
550,1199,0.287,0.125,0.693269024147402,0.8041561508814703,24,31,4,1,23,31,10,1,0.3130399335548102,23.53505514975597
550,1200,0.342,0,0.6206649581198238,0.7539637900095232,24,31,4,1,24,31,10,1,0.342,0
550,1201,0.4,0.143,0.5417337932490829,0.6994410940111275,24,31,4,1,25,31,10,1,0.424792890712639,19.671969989200555
550,1202,0.46,0.286,0.4569388234875752,0.6408139133646189,24,31,4,1,26,31,10,1,0.5416604102202781,31.870833679651298
550,1203,0.526,0.429,0.3671052033202905,0.5787922157530141,24,31,4,1,27,31,10,1,0.6787613719121028,39.20031844122076
550,1204,0.599,0.572,0.2713585004460717,0.5143076091249437,24,31,4,1,28,31,10,1,0.8282421143602877,43.679152869187256
550,1205,0.683,0.715,0.16719811718727273,0.44610784124194325,24,31,4,1,29,31,10,1,0.9887942151934345,46.31126239879245
550,1206,0.792,0.857,0.06596576069604465,0.3732099148433553,24,31,4,1,30,31,10,1,1.1669245905370236,47.25730661436408
550,1207,0.205,0.682,0.6767451558121196,0.7315994452015191,24,31,4,1,10,32,10,1,0.7121439461232539,73.26993087078907
550,1208,0.196,0.667,0.6899665423907686,0.7385893024048013,24,31,4,1,11,32,10,1,0.6952014096648539,73.62441269260223
550,1209,0.19,0.65,0.7000746240923122,0.743649229880408,24,31,4,1,12,32,10,1,0.6772001181334806,73.7059525434011
550,1210,0.189,0.632,0.7060706206638014,0.7462537428059641,24,31,4,1,13,32,10,1,0.6596552129711399,73.35067221585442
550,1211,0.195,0.611,0.7067771010316866,0.7458792972065615,24,31,4,1,14,32,10,1,0.6413626119442885,72.2995722113328
550,1212,0.21,0.588,0.7010122540881887,0.7420545177252822,24,31,4,1,15,32,10,1,0.6243748873873771,70.3461759419467
550,1213,0.236,0.563,0.6876356987948591,0.734406664370594,24,31,4,1,16,32,10,1,0.6104629390880334,67.25739982490958
550,1214,0.273,0.533,0.6658886501927239,0.7226874070101592,24,31,4,1,17,32,10,1,0.5988472259266131,62.87869659584134
550,1215,0.319,0.5,0.6357200091407348,0.7067687669084883,24,31,4,1,18,32,10,1,0.5930944275577035,57.46212443192519
550,1216,0.371,0.461,0.5981878016296497,0.6866155585440306,24,31,4,1,19,32,10,1,0.5917448774598729,51.173854505473635
550,1217,0.426,0.417,0.5546484362454942,0.6622534185770121,24,31,4,1,20,32,10,1,0.596124986894527,44.3883245252862
550,1218,0.484,0.364,0.5061643745062854,0.6337533545481987,24,31,4,1,21,32,10,1,0.6056005284013547,36.945585553618244
550,1219,0.543,0.3,0.45334311405067584,0.6012451782152082,24,31,4,1,22,32,10,1,0.6203619910987455,28.920044037606456
550,1220,0.604,0.222,0.396523531025044,0.5649596630290566,24,31,4,1,23,32,10,1,0.6435060217278468,20.180887237565532
550,1221,0.666,0.125,0.33606449001960315,0.5252911098584192,24,31,4,1,24,32,10,1,0.6776289545171458,10.63004341483436
550,1222,0.73,0.25,0.272737244496395,0.48287834403012164,24,31,4,1,25,32,10,1,0.771621668954417,18.904575842611656
550,1223,0.794,0.375,0.20773027412776568,0.4387318396489923,24,31,4,1,26,32,10,1,0.8781007914812514,25.281000119900362
550,1224,0.859,0.5,0.14292610665906813,0.39444978398019914,24,31,4,1,27,32,10,1,0.9939220291350827,30.202494165731203
550,1225,0.921,0.625,0.0822415806086938,0.3525114052778471,24,31,4,1,28,32,10,1,1.1130435750679306,34.16121582064752
550,1226,0.972,0.75,0.03125718333678007,0.3170671810247767,24,31,4,1,29,32,10,1,1.2277149506298275,37.653955165180015
550,1227,0.998,0.876,0.002630258416223219,0.2960178337846697,24,31,4,1,30,32,10,1,1.3279231905498148,41.27522143439139
550,1228,1,1,0,0.2928932188134524,24,31,4,1,31,32,10,1,1.4142135623730951,45
550,1229,0.283,0.696,0.5512467775077796,0.6537915102221379,24,31,4,1,10,33,10,1,0.7513354776662685,67.87288889868273
550,1230,0.294,0.682,0.5477875321267356,0.6512826318771803,24,31,4,1,11,33,10,1,0.7426708557631705,66.6798486089607
550,1231,0.311,0.667,0.5407515137074981,0.646954423436736,24,31,4,1,12,33,10,1,0.7359415737679181,65.00191977997056
550,1232,0.333,0.65,0.5296572485335684,0.640637846677738,24,31,4,1,13,33,10,1,0.730334854707072,62.873587439758836
550,1233,0.363,0.632,0.5141165785456021,0.6321890005934742,24,31,4,1,14,33,10,1,0.7288298841293488,60.12835833573011
550,1234,0.398,0.611,0.49384512300366656,0.6214926130771476,24,31,4,1,15,33,10,1,0.7291947613635194,56.92013451724068
550,1235,0.44,0.588,0.4688211337311897,0.6084625141585887,24,31,4,1,16,33,10,1,0.7344004357297181,53.192516032642004
550,1236,0.487,0.563,0.43938198994337274,0.5930400069224384,24,31,4,1,17,33,10,1,0.7444044599543986,49.139903506636344
550,1237,0.537,0.533,0.40607361695289634,0.5751924691486843,24,31,4,1,18,33,10,1,0.7566095426308078,44.785811167805214
550,1238,0.589,0.5,0.36955204880875925,0.5549157994292466,24,31,4,1,19,33,10,1,0.7726066269454334,40.32780851433761
550,1239,0.641,0.462,0.33045969557546917,0.5322449825756593,24,31,4,1,20,33,10,1,0.7901423922306663,35.782133805459935
550,1240,0.694,0.416,0.28935792651332826,0.5072766412778935,24,31,4,1,21,33,10,1,0.8091303974020504,30.939468369258307
550,1241,0.746,0.364,0.24675781614291648,0.48020585953138606,24,31,4,1,22,33,10,1,0.830067467137461,26.00939832212196
550,1242,0.797,0.3,0.20325107635142248,0.45137733789696977,24,31,4,1,23,33,10,1,0.8515920384785194,20.626916818350008
550,1243,0.845,0.222,0.1596565105066905,0.4213495195792146,24,31,4,1,24,33,10,1,0.873675569075844,14.720197241693102
550,1244,0.891,0.333,0.11710778357629148,0.39097274582532604,24,31,4,1,25,33,10,1,0.9511939865243052,20.49259476987029
550,1245,0.931,0.445,0.07722490796207648,0.3614912028372177,24,31,4,1,26,33,10,1,1.0318846834796997,25.54689786639892
550,1246,0.965,0.556,0.042440790618932356,0.3346664603914943,24,31,4,1,27,33,10,1,1.113714954555249,29.949075214092176
550,1247,0.987,0.667,0.016590398732230338,0.3128238730726509,24,31,4,1,28,33,10,1,1.191242208788792,34.05024579585459
550,1248,0.998,0.778,0.002950570624310811,0.29858200156685144,24,31,4,1,29,33,10,1,1.2654200883501099,37.93852205534109
550,1249,1,0.889,4.564136527740459e-5,0.2932648669936362,24,31,4,1,30,33,10,1,1.3380287739805896,41.63709543013025
550,1250,1,1,0,0.2928932188134524,24,31,4,1,31,33,10,1,1.4142135623730951,45
550,1252,0.4,0.708,0.41865193301098347,0.5823159272944136,24,31,4,1,10,34,10,1,0.8131814065754331,60.534778615233314
550,1253,0.424,0.696,0.40661949273281495,0.5759031325094653,24,31,4,1,11,34,10,1,0.8149797543497629,58.650419134756994
550,1254,0.453,0.682,0.39175562716436585,0.5681274693440104,24,31,4,1,12,34,10,1,0.8187386640436618,56.40697807822456
550,1255,0.486,0.667,0.37397114801093423,0.5589259856365488,24,31,4,1,13,34,10,1,0.8252787407900436,53.921583617697685
550,1256,0.523,0.65,0.35329072132373496,0.5482491465770492,24,31,4,1,14,34,10,1,0.8342835249482037,51.17930922364092
550,1257,0.563,0.632,0.32989716788224,0.5360619568861529,24,31,4,1,15,34,10,1,0.8464000236294893,48.304622620854346
550,1258,0.606,0.611,0.30408648594609344,0.5223454311691405,24,31,4,1,16,34,10,1,0.8605562154792677,45.235396290641674
550,1259,0.65,0.588,0.2762378400569566,0.5070993648978769,24,31,4,1,17,34,10,1,0.8764952937694531,42.132978241828866
550,1260,0.695,0.563,0.24682881100323062,0.49034778796226686,24,31,4,1,18,34,10,1,0.8944238368916606,39.009961443786636
550,1261,0.74,0.533,0.2163617056031063,0.4721488253086783,24,31,4,1,19,34,10,1,0.911969845992728,35.76408441021879
550,1262,0.784,0.5,0.18533376119544875,0.45261075078425606,24,31,4,1,20,34,10,1,0.9298688079508851,32.527902050798836
550,1263,0.825,0.462,0.1542721429922157,0.4319155915506342,24,31,4,1,21,34,10,1,0.9455522196050306,29.24882633654698
550,1264,0.864,0.416,0.12373536957407683,0.41035057446574885,24,31,4,1,22,34,10,1,0.9589327400813885,25.709953780811265
550,1265,0.9,0.364,0.09440398564488262,0.38834588344484866,24,31,4,1,23,34,10,1,0.9708223318403837,22.020596556015665
550,1266,0.931,0.3,0.06722641834035303,0.36651442879048957,24,31,4,1,24,34,10,1,0.9781416052903588,17.860713551482505
550,1267,0.958,0.4,0.04337026658294496,0.34568559621728445,24,31,4,1,25,34,10,1,1.0381541311385318,22.662318837361365
550,1268,0.978,0.5,0.02402978360705732,0.32691845075690795,24,31,4,1,26,34,10,1,1.098400655498712,27.078273260434482
550,1269,0.991,0.6,0.010348708306834098,0.3114521820360643,24,31,4,1,27,34,10,1,1.1584821966694179,31.192768790926145
550,1270,0.998,0.7,0.00281088362094295,0.3004816947514358,24,31,4,1,28,34,10,1,1.2190176372801174,35.04592750208645
550,1271,1,0.8,2.926669931669901e-4,0.2946194217793534,24,31,4,1,29,34,10,1,1.2806248474865698,38.659808254090095
550,1272,1,0.9,2.0813890232451726e-6,0.29297196039751505,24,31,4,1,30,34,10,1,1.3453624047073711,41.98721249581666
550,1273,1,1,0,0.2928932188134524,24,31,4,1,31,34,10,1,1.4142135623730951,45
550,1276,0.519,0.72,0.3220793227426927,0.5328801844978022,24,31,4,1,10,35,10,1,0.8875590121225743,54.21467990939637
550,1277,0.548,0.708,0.30740306086225133,0.525256186125284,24,31,4,1,11,35,10,1,0.8953033005635577,52.25972404625981
550,1278,0.581,0.696,0.290780833666034,0.5166001369365134,24,31,4,1,12,35,10,1,0.9066294722762988,50.145880031191396
550,1279,0.616,0.682,0.2723131528096461,0.5068861046262769,24,31,4,1,13,35,10,1,0.9190103372650387,47.91083782616776
550,1280,0.652,0.667,0.2521654640390171,0.4960980056997272,24,31,4,1,14,35,10,1,0.9327341529074616,45.65155393919399
550,1281,0.69,0.65,0.23056204206743913,0.48423137161294794,24,31,4,1,15,35,10,1,0.9479451460923253,43.290185955858476
550,1282,0.728,0.632,0.20779933922484295,0.4712960744386634,24,31,4,1,16,35,10,1,0.9640580895361026,40.96228937902288
550,1283,0.767,0.611,0.1842262679379183,0.45732066662279647,24,31,4,1,17,35,10,1,0.9806171526135977,38.54118362128134
550,1284,0.804,0.588,0.16022900814654883,0.44235916294430144,24,31,4,1,18,35,10,1,0.9960722865334624,36.17962044797894
550,1285,0.839,0.563,0.13623760919929107,0.4265011720959806,24,31,4,1,19,35,10,1,1.010391013420052,33.86307100093101
550,1286,0.872,0.533,0.11268238796150687,0.40988614645128485,24,31,4,1,20,35,10,1,1.0219946183811341,31.43488086873236
550,1287,0.902,0.5,0.09001610815276984,0.39272201051804656,24,31,4,1,21,35,10,1,1.0313117860278724,29.00064312471946
550,1288,0.928,0.462,0.06876879024432037,0.37530736756401184,24,31,4,1,22,35,10,1,1.0366426578141574,26.466180214797216
550,1289,0.951,0.417,0.049489863431193104,0.3580545766562193,24,31,4,1,23,35,10,1,1.038407434488024,23.676768769901567
550,1290,0.97,0.364,0.03278182468760027,0.34150780773565215,24,31,4,1,24,35,10,1,1.0360482614241482,20.56899049263772
550,1291,0.983,0.454,0.019274583994732364,0.3263455061913476,24,31,4,1,25,35,10,1,1.0827765235726161,24.78992371486602
550,1292,0.992,0.546,0.009458838471752884,0.313349551009208,24,31,4,1,26,35,10,1,1.1323338730250896,28.82852825591381
550,1293,0.997,0.637,0.0034654940875304963,0.3033048947911188,24,31,4,1,27,35,10,1,1.183122140778373,32.5751907392162
550,1294,1,0.727,7.607357866966646e-4,0.2967650073177749,24,31,4,1,28,35,10,1,1.236336928187458,36.01715173092213
550,1295,1,0.819,5.902268637147934e-5,0.29366127506160333,24,31,4,1,29,35,10,1,1.2925792045364184,39.31747620953449
550,1296,1,0.909,2.7204227381893986e-7,0.2929215715033363,24,31,4,1,30,35,10,1,1.35139964481274,42.270837050918736
550,1297,1,1,0,0.2928932188134524,24,31,4,1,31,35,10,1,1.4142135623730951,45
550,1392,1,1,0,0.2928932188134524,24,31,4,1,10,24,1,4,1.4142135623730951,45
550,1393,1,1,0,0.2928932188134524,24,31,4,1,11,24,1,4,1.4142135623730951,45
550,1394,1,1,0,0.2928932188134524,24,31,4,1,12,24,1,4,1.4142135623730951,45
550,1395,1,1,0,0.2928932188134524,24,31,4,1,13,24,1,4,1.4142135623730951,45
550,1396,1,1,0,0.2928932188134524,24,31,4,1,14,24,1,4,1.4142135623730951,45
550,1397,1,1,0,0.2928932188134524,24,31,4,1,15,24,1,4,1.4142135623730951,45
550,1398,1,1,0,0.2928932188134524,24,31,4,1,16,24,1,4,1.4142135623730951,45
550,1399,1,1,0,0.2928932188134524,24,31,4,1,17,24,1,4,1.4142135623730951,45
550,1400,1,1,0,0.2928932188134524,24,31,4,1,18,24,1,4,1.4142135623730951,45
550,1401,1,1,0,0.2928932188134524,24,31,4,1,19,24,1,4,1.4142135623730951,45
550,1402,1,1,0,0.2928932188134524,24,31,4,1,20,24,1,4,1.4142135623730951,45
550,1403,1,1,0,0.2928932188134524,24,31,4,1,21,24,1,4,1.4142135623730951,45
550,1404,1,1,0,0.2928932188134524,24,31,4,1,22,24,1,4,1.4142135623730951,45
550,1405,1,1,0,0.2928932188134524,24,31,4,1,23,24,1,4,1.4142135623730951,45
550,1406,1,0.953,1.8941374692049706e-6,0.29289599223160145,24,31,4,1,10,25,1,4,1.3813793830805496,43.62141221053497
550,1407,1,0.95,2.208614339860304e-6,0.29289630993353544,24,31,4,1,11,25,1,4,1.379311422413372,43.53119928561418
550,1408,1,0.948,2.6381353316340395e-6,0.292896733226786,24,31,4,1,12,25,1,4,1.3779346864057092,43.470907000688804
550,1409,1,0.945,3.2229260111815705e-6,0.29289729066409,24,31,4,1,13,25,1,4,1.3758724504836921,43.38024250274473
550,1410,1,0.942,4.049616347701068e-6,0.2928980484327486,24,31,4,1,14,25,1,4,1.3738136700440857,43.289306039103366
550,1411,1,0.938,5.291852931854635e-6,0.29289915957161106,24,31,4,1,15,25,1,4,1.3710740315533658,43.16763304046667
550,1412,1,0.934,7.155128170288627e-6,0.2929008007327416,24,31,4,1,16,25,1,4,1.3683406008739198,43.045473375173806
550,1413,1,0.929,1.0012141828941168e-5,0.29290329737846454,24,31,4,1,17,25,1,4,1.3649325990685401,42.8920866639288
550,1414,1,0.924,1.4388384143360078e-5,0.29290717151738876,24,31,4,1,18,25,1,4,1.3615344285033706,42.73793318624221
550,1415,1,0.917,2.0745521698728453e-5,0.29291298034820656,24,31,4,1,19,25,1,4,1.3567936468011634,42.52082345847564
550,1416,1,0.909,3.079308758036081e-5,0.2929229736411,24,31,4,1,20,25,1,4,1.35139964481274,42.270837050918736
550,1417,1,0.9,4.815051574402762e-5,0.29294340079883907,24,31,4,1,21,25,1,4,1.3453624047073711,41.98721249581666
550,1418,1,0.889,8.049063352189023e-5,0.2929971382008161,24,31,4,1,22,25,1,4,1.3380287739805896,41.63709543013025
550,1419,1,0.876,1.3556273882131542e-4,0.2931977095033943,24,31,4,1,23,25,1,4,1.3294269442131825,41.218359795425336
550,1420,0.999,0.857,2.1611000515242562e-4,0.29463076066085336,24,31,4,1,24,25,1,4,1.3162256645423687,40.624902299009705
550,1421,1,0.905,4.2287321075806794e-5,0.2929575511802328,24,31,4,1,10,26,1,4,1.348712348872064,42.14509520315724
550,1422,1,0.9,4.900829299880893e-5,0.29296431816319257,24,31,4,1,11,26,1,4,1.3453624047073711,41.98721249581666
550,1423,1,0.895,5.8198704450673766e-5,0.29297320426080553,24,31,4,1,12,26,1,4,1.3420227270802831,41.82854278370222
550,1424,1,0.889,7.062003494862079e-5,0.29298473846000783,24,31,4,1,13,26,1,4,1.3380287739805896,41.63709543013025
550,1425,1,0.883,8.776423267720102e-5,0.29300014512724504,24,31,4,1,14,26,1,4,1.3340498491435768,41.4445038973404
550,1426,1,0.876,1.1306490324725083e-4,0.29302211539125067,24,31,4,1,15,26,1,4,1.3294269442131825,41.218359795425336
550,1427,1,0.867,1.5028120752991203e-4,0.29305344159515345,24,31,4,1,16,26,1,4,1.323513883569039,40.92528797789907
550,1428,1,0.857,2.0422701461131343e-4,0.2930988974046692,24,31,4,1,17,26,1,4,1.3169848138835922,40.59657583596283
550,1429,1,0.847,2.822021400301633e-4,0.29316525284165584,24,31,4,1,18,26,1,4,1.3104995230827061,40.26459927013793
550,1430,0.999,0.834,3.890512809434643e-4,0.2932588479284516,24,31,4,1,19,26,1,4,1.3013673578202274,39.85630524032165
550,1431,0.999,0.819,5.525681125556625e-4,0.2934089287199526,24,31,4,1,20,26,1,4,1.2918057129460296,39.3455791773593
550,1432,0.999,0.8,8.274711364951726e-4,0.29368692598082724,24,31,4,1,21,26,1,4,1.2798441311347253,38.687774465176346
550,1433,0.998,0.778,0.0013429588119688862,0.29431104062452584,24,31,4,1,22,26,1,4,1.2654200883501099,37.93852205534109
550,1434,0.996,0.75,0.0022815688532330514,0.29603350477473767,24,31,4,1,23,26,1,4,1.2468023099112384,36.98018774930181
550,1435,0.992,0.715,0.0038700840566687766,0.30193966347413004,24,31,4,1,24,26,1,4,1.2228201012413886,35.7827861054703
550,1436,0.98,0.857,0.0056668687512714255,0.31232692507602344,24,31,4,1,25,26,1,4,1.3018636641369172,41.16936449574288
550,1437,1,0.858,2.3184251981633874e-4,0.29328004165917465,24,31,4,1,10,27,1,4,1.317635761506191,40.62959351305883
550,1438,1,0.85,2.658094547147716e-4,0.2933177203681363,24,31,4,1,11,27,1,4,1.3124404748406686,40.36453657309736
550,1439,0.999,0.843,3.110920349960189e-4,0.2933665931223203,24,31,4,1,12,27,1,4,1.3071533957420605,40.159140324335844
550,1440,0.999,0.834,3.7140744423125316e-4,0.29342926658388246,24,31,4,1,13,27,1,4,1.3013673578202274,39.85630524032165
550,1441,0.999,0.824,4.5378624075786966e-4,0.2935117518085877,24,31,4,1,14,27,1,4,1.294981467048853,39.516658694700745
550,1442,0.999,0.813,5.73178530764662e-4,0.293626686091489,24,31,4,1,15,27,1,4,1.2880100931281555,39.13917245226401
550,1443,0.999,0.8,7.462013897241437e-4,0.29378599772896974,24,31,4,1,16,27,1,4,1.2798441311347253,38.687774465176346
550,1444,0.998,0.786,9.98923783051775e-4,0.2940089795398354,24,31,4,1,17,27,1,4,1.2703542812932147,38.22308959962372
550,1445,0.998,0.769,0.0013643558928244648,0.2943207635642713,24,31,4,1,18,27,1,4,1.259906742580577,37.61572849959682
550,1446,0.997,0.75,0.0018762259395418424,0.2947440530988801,24,31,4,1,19,27,1,4,1.2476012984924312,36.952562227091214
550,1447,0.996,0.727,0.0026612716833445127,0.29539445344426096,24,31,4,1,20,27,1,4,1.233103807471212,36.12644182953567
550,1448,0.994,0.7,0.003993435141195545,0.2965307806485573,24,31,4,1,21,27,1,4,1.2157450390604108,35.15417763214743
550,1449,0.99,0.667,0.006532450704992532,0.298857017363961,24,31,4,1,22,27,1,4,1.1937290312294495,33.969621852620115
550,1450,0.985,0.625,0.011299177843064445,0.30429448780585044,24,31,4,1,23,27,1,4,1.1665547565373862,32.395852716238174
550,1451,0.974,0.572,0.018546436595204496,0.31752463808471565,24,31,4,1,24,27,1,4,1.1295397292702898,30.424395250971223
550,1452,0.949,0.714,0.026772400671035812,0.33708036977653033,24,31,4,1,25,27,1,4,1.1876013640948715,36.95673860589006
550,1453,0.895,0.858,0.029794932506671423,0.3474960216556827,24,31,4,1,26,27,1,4,1.239834263117454,43.79085617780448
550,1454,0.999,0.81,7.181940980591772e-4,0.2941797579901061,24,31,4,1,10,28,1,4,1.2861185792919718,39.03551289874689
550,1455,0.998,0.8,8.183746193587416e-4,0.2942965939175425,24,31,4,1,11,28,1,4,1.2790637200702708,38.71577480968507
550,1456,0.998,0.79,9.525306274369427e-4,0.294446561463527,24,31,4,1,12,28,1,4,1.2728330605385767,38.364544274063185
550,1457,0.998,0.778,0.001130501204159584,0.29463692626290283,24,31,4,1,13,28,1,4,1.2654200883501099,37.93852205534109
550,1458,0.997,0.765,0.0013731227287420156,0.2948843628752327,24,31,4,1,14,28,1,4,1.2566757736186371,37.49909545974472
550,1459,0.996,0.75,0.001722236498175933,0.29522260452521065,24,31,4,1,15,28,1,4,1.2468023099112384,36.98018774930181
550,1460,0.996,0.733,0.0022241682061671098,0.29568099623272803,24,31,4,1,16,28,1,4,1.236650718675245,36.35097868688472
550,1461,0.994,0.714,0.0029449027613691614,0.2963052256947315,24,31,4,1,17,28,1,4,1.223859469056803,35.69005982501396
550,1462,0.993,0.693,0.003968502703007304,0.29715176634813556,24,31,4,1,18,28,1,4,1.2109079238323615,34.91061768450611
550,1463,0.991,0.667,0.0053767427871312945,0.2982731935132955,24,31,4,1,19,28,1,4,1.1945584958468967,33.94282182109923
550,1464,0.987,0.637,0.007557768246000518,0.2999490167651897,24,31,4,1,20,28,1,4,1.1747076231982152,32.83779648031817
550,1465,0.983,0.6,0.011240746112140876,0.30276420488577005,24,31,4,1,21,28,1,4,1.1516462130359306,31.398905984371073
550,1466,0.975,0.556,0.017831640423048967,0.3081688336364594,24,31,4,1,22,28,1,4,1.1223907519219856,29.694227510149585
550,1467,0.963,0.5,0.029185891876094328,0.3194013380464894,24,31,4,1,23,28,1,4,1.085066357417831,27.438826731081082
550,1468,0.943,0.429,0.046066462143443676,0.34131028865380764,24,31,4,1,24,28,1,4,1.0359971042430571,24.46226306530646
550,1469,0.903,0.572,0.0664567778895443,0.36920884805383225,24,31,4,1,25,28,1,4,1.0689214190014156,32.35197185547188
550,1470,0.83,0.715,0.08675897060267035,0.3925766116019581,24,31,4,1,26,28,1,4,1.0955021679576904,40.74311559178489
550,1471,0.727,0.858,0.08103262333864669,0.3925260500082862,24,31,4,1,27,28,1,4,1.1245857014918872,49.72474842043929
550,1472,0.997,0.762,0.001662412475608499,0.2960339465282559,24,31,4,1,10,29,1,4,1.25485178407651,37.39042196570354
550,1473,0.996,0.75,0.0018867032632463587,0.2963018852919599,24,31,4,1,11,29,1,4,1.2468023099112384,36.98018774930181
550,1474,0.995,0.737,0.002184098217182351,0.2966427882467819,24,31,4,1,12,29,1,4,1.2382221125468564,36.52747823011455
550,1475,0.994,0.722,0.002576887164624786,0.29707190185776267,24,31,4,1,13,29,1,4,1.2285438535111395,35.993085071116056
550,1476,0.993,0.706,0.0031095647531447224,0.2976239743907739,24,31,4,1,14,29,1,4,1.2183944353123088,35.41194543690611
550,1477,0.992,0.688,0.0038633208519803786,0.29836699990439275,24,31,4,1,15,29,1,4,1.2072315436568082,34.7431801583036
550,1478,0.99,0.667,0.004926058575143721,0.29935636208988614,24,31,4,1,16,29,1,4,1.1937290312294495,33.969621852620115
550,1479,0.987,0.643,0.006423683819622106,0.30067626398408165,24,31,4,1,17,29,1,4,1.1779719860845588,33.08300051483191
550,1480,0.984,0.616,0.008533634428650294,0.3024281518463403,24,31,4,1,18,29,1,4,1.1609099878974252,32.04723548662449
550,1481,0.979,0.583,0.011412937276110147,0.30471297043807266,24,31,4,1,19,29,1,4,1.1394428463069133,30.774036101248207
550,1482,0.973,0.546,0.01577040951925135,0.3080637399852223,24,31,4,1,20,29,1,4,1.115726220898299,29.299008745009736
550,1483,0.964,0.5,0.022863811248973964,0.3135360748693753,24,31,4,1,21,29,1,4,1.0859539585083706,27.414514493072488
550,1484,0.951,0.445,0.035259215657756804,0.3235438004561404,24,31,4,1,22,29,1,4,1.049964761313445,25.076233159486474
550,1485,0.931,0.375,0.05659158291131394,0.3425698424993957,24,31,4,1,23,29,1,4,1.0036862059428735,21.93921590585079
550,1486,0.899,0.286,0.08760006272871823,0.3745861202879852,24,31,4,1,24,29,1,4,0.9433965232075006,17.647493559715574
550,1487,0.844,0.429,0.12393517516028896,0.4125906284088834,24,31,4,1,25,29,1,4,0.9467718838241871,26.943950194560376
550,1488,0.754,0.572,0.17035069606627662,0.4505475554115477,24,31,4,1,26,29,1,4,0.9464142856064673,37.184706453233126
550,1489,0.636,0.715,0.20764390961163182,0.4737868375794395,24,31,4,1,27,29,1,4,0.9569331220101016,48.34657147581835
550,1490,0.534,0.858,0.1816658348385951,0.459056844784798,24,31,4,1,28,29,1,4,1.0106037799256442,58.10278994126246
550,1491,0.993,0.714,0.003200312790478943,0.2992740788355698,24,31,4,1,10,30,1,4,1.2230474234468587,35.717390226479985
550,1492,0.992,0.7,0.0036169401911196886,0.2997892270056137,24,31,4,1,11,30,1,4,1.2141103738952237,35.20852143889659
550,1493,0.991,0.684,0.004163737608347429,0.3004398542564304,24,31,4,1,12,30,1,4,1.204133298268925,34.613900051020025
550,1494,0.989,0.667,0.0048785588243454026,0.3012532524533873,24,31,4,1,13,30,1,4,1.1928998281498746,33.996459148250494
550,1495,0.987,0.647,0.005837007649645787,0.3022910457742769,24,31,4,1,14,30,1,4,1.180160158622549,33.245714337695915
550,1496,0.984,0.625,0.007178567654925971,0.30367038465996476,24,31,4,1,15,30,1,4,1.165710512949077,32.42218610938692
550,1497,0.98,0.6,0.00905195397477021,0.3054820674548172,24,31,4,1,16,30,1,4,1.1490865937778578,31.476839349583983
550,1498,0.976,0.572,0.011663203309085546,0.30786233154787956,24,31,4,1,17,30,1,4,1.1312647789089874,30.373099317426853
550,1499,0.97,0.539,0.01526482503457216,0.31097424128475715,24,31,4,1,18,30,1,4,1.1096941019938784,29.059619046942952
550,1500,0.962,0.5,0.02011263951057396,0.3149928515717465,24,31,4,1,19,30,1,4,1.084178952018531,27.46317877283496
550,1501,0.952,0.454,0.027313396614944252,0.3208088581796683,24,31,4,1,20,30,1,4,1.0547132311676004,25.49604279650813
550,1502,0.938,0.4,0.038973112983972324,0.33010618929226165,24,31,4,1,21,30,1,4,1.0197274145574395,23.095301813642656
550,1503,0.918,0.333,0.05937179110058366,0.34646809240116394,24,31,4,1,22,30,1,4,0.9765311054953651,19.937991744205544
550,1504,0.888,0.25,0.09408116237891417,0.37549875318415826,24,31,4,1,23,30,1,4,0.9225204604777067,15.723584878702907
550,1505,0.844,0.143,0.14228698027198317,0.4196948615363658,24,31,4,1,24,30,1,4,0.8560286210168443,9.616372329071774
550,1506,0.775,0.286,0.20081147624401596,0.47051695331715193,24,31,4,1,25,30,1,4,0.8260877677341555,20.255687551324492
550,1507,0.671,0.429,0.2810903076900677,0.5253349312267781,24,31,4,1,26,30,1,4,0.7964182318355099,32.59258147259926
550,1508,0.542,0.572,0.354104861568567,0.5661970345005054,24,31,4,1,27,30,1,4,0.7880025380669785,46.54260147522569
550,1509,0.441,0.714,0.3649307841934999,0.566205701060229,24,31,4,1,28,30,1,4,0.8392121305128996,58.29857033049428
550,1510,0.433,0.857,0.23221702890805285,0.48812182950864036,24,31,4,1,29,30,1,4,0.9601760255286528,63.19477229975149
550,1511,0.988,0.667,0.005432368969751966,0.3041326198761525,24,31,4,1,10,31,1,4,1.1920708871539478,34.0233337739646
550,1512,0.986,0.65,0.006109182818562653,0.304996360825866,24,31,4,1,11,31,1,4,1.180972480627724,33.3940374806655
550,1513,0.983,0.632,0.006993544592485024,0.30608053263785173,24,31,4,1,12,31,1,4,1.1686372405498637,32.73817207053756
550,1514,0.98,0.611,0.008141067808710711,0.30742832687002253,24,31,4,1,13,31,1,4,1.1548683907701345,31.942276363097005
550,1515,0.977,0.589,0.009671640972321427,0.3091362352309798,24,31,4,1,14,31,1,4,1.1408111149528655,31.084342781146546
550,1516,0.972,0.563,0.011801231436085469,0.31138316642807395,24,31,4,1,15,31,1,4,1.1232777928900757,30.080199499760337
550,1517,0.967,0.534,0.014727202200981004,0.31430276738432017,24,31,4,1,16,31,1,4,1.104647002440146,28.90850597151981
550,1518,0.96,0.5,0.018747562303450538,0.3180942562511747,24,31,4,1,17,31,1,4,1.0824047302187847,27.512002623851455
550,1519,0.951,0.462,0.02420451421955805,0.3229969764945618,24,31,4,1,18,31,1,4,1.0572818924014542,25.910686208470235
550,1520,0.939,0.417,0.03148239035004985,0.32928581964519366,24,31,4,1,19,31,1,4,1.0274288296519618,23.945502381683312
550,1521,0.924,0.364,0.04227461114080988,0.33829545886031975,24,31,4,1,20,31,1,4,0.9931122796542192,21.501434324047903
550,1522,0.904,0.3,0.05978235375215324,0.3524484283118827,24,31,4,1,21,31,1,4,0.9524788711567307,18.358858855020195
550,1523,0.876,0.222,0.09020351224705814,0.3765714319674017,24,31,4,1,22,31,1,4,0.9036924255519684,14.220770300187967
550,1524,0.837,0.125,0.14039310540591554,0.41706755289447683,24,31,4,1,23,31,1,4,0.846282458757122,8.493940983137573
550,1525,0.781,0,0.20780707969985168,0.4744885750321599,24,31,4,1,24,31,1,4,0.781,0
550,1526,0.699,0.143,0.28935179494465424,0.5392859383988946,24,31,4,1,25,31,1,4,0.7134773997822216,11.561918884580544
550,1527,0.582,0.286,0.3961928983954386,0.6110954183250568,24,31,4,1,26,31,1,4,0.6484751344500419,26.1699141345705
550,1528,0.446,0.429,0.49417474475411294,0.6668309070360428,24,31,4,1,27,31,1,4,0.6188351961548405,43.886964886641344
550,1529,0.349,0.572,0.5316757367456454,0.6746893939846507,24,31,4,1,28,31,1,4,0.6700634298333255,58.610969065001704
550,1530,0.358,0.715,0.43621526181965076,0.5987391884409872,24,31,4,1,29,31,1,4,0.7996180338136453,63.4029042068487
550,1531,0.458,0.857,0.20873870095766234,0.47402082277903157,24,31,4,1,30,31,1,4,0.9717062313271434,61.87895439103537
550,1532,0.98,0.682,0.008419790082637824,0.31044325479992707,24,31,4,1,10,32,1,4,1.1939530979062787,34.83476581226566
550,1533,0.977,0.667,0.009427286140070601,0.31173246248930087,24,31,4,1,11,32,1,4,1.1829699911663019,34.32143742924617
550,1534,0.973,0.65,0.010739525644449466,0.31334216418702276,24,31,4,1,12,32,1,4,1.1701405898438015,33.744389177883825
550,1535,0.969,0.632,0.012438561157277483,0.3153337848225064,24,31,4,1,13,32,1,4,1.1568859062154746,33.11314558613128
550,1536,0.963,0.611,0.01468596220713081,0.31784307602873063,24,31,4,1,14,32,1,4,1.1404779699757466,32.39413009183867
550,1537,0.957,0.588,0.017772249296331255,0.3211163514739339,24,31,4,1,15,32,1,4,1.1232065704936025,31.567400219892217
550,1538,0.949,0.563,0.021972390974705047,0.3253324396308084,24,31,4,1,16,32,1,4,1.103435544107584,30.6787938608236
550,1539,0.939,0.533,0.027660503981297713,0.3307570947821037,24,31,4,1,17,32,1,4,1.0797268173014876,29.58033327284427
550,1540,0.926,0.5,0.035304407799960136,0.33771192647912796,24,31,4,1,18,32,1,4,1.0523668561865678,28.367130046472838
550,1541,0.91,0.461,0.04549054001354913,0.34658640217400016,24,31,4,1,19,32,1,4,1.0201083275809486,26.866472926865253
550,1542,0.889,0.417,0.06059775059292771,0.3591896320736009,24,31,4,1,20,32,1,4,0.9819419534779029,25.129694177965348
550,1543,0.862,0.364,0.08498858394904896,0.37868361643496695,24,31,4,1,21,32,1,4,0.9357029443151282,22.893058801020413
550,1544,0.826,0.3,0.126728122455936,0.41098909100052705,24,31,4,1,22,32,1,4,0.878792353175652,19.960825449908974
550,1545,0.778,0.222,0.19295990547823316,0.4627692992467114,24,31,4,1,23,32,1,4,0.8090537682997342,15.925940628491272
550,1546,0.711,0.125,0.27898013313036163,0.532379063574161,24,31,4,1,24,32,1,4,0.721904425807184,9.971198693020526
550,1547,0.618,0.25,0.3796231279631206,0.6098081756480381,24,31,4,1,25,32,1,4,0.666651333156996,22.02484593396929
550,1548,0.491,0.375,0.5059660849326428,0.6959541711653301,24,31,4,1,26,32,1,4,0.6178235994197696,37.37068969901024
550,1549,0.352,0.5,0.6237363078830896,0.759860536350338,24,31,4,1,27,32,1,4,0.6114769006266713,54.85445450029395
550,1550,0.263,0.625,0.6863276113881467,0.7518734243456789,24,31,4,1,28,32,1,4,0.678081116091578,67.17864193309902
550,1551,0.301,0.75,0.541829975430012,0.6318846373569892,24,31,4,1,29,32,1,4,0.8081466451084234,68.13276359004566
550,1552,0.604,0.876,0.21971864282109388,0.46494515441343565,24,31,4,1,30,32,1,4,1.0640451118256218,55.41382547098922
550,1553,1,1,0,0.2928932188134524,24,31,4,1,31,32,1,4,1.4142135623730951,45
550,1554,0.969,0.696,0.012184431680497987,0.3175884004648669,24,31,4,1,10,33,1,4,1.1930536450637916,35.68841173700886
550,1555,0.965,0.682,0.01359559883208139,0.31932682537451795,24,31,4,1,11,33,1,4,1.1816721203447258,35.25021490590902
550,1556,0.96,0.667,0.015421205734307386,0.3214873860802604,24,31,4,1,12,33,1,4,1.1689692040426043,34.79125089093858
550,1557,0.954,0.65,0.0177675389301879,0.32414938901340573,24,31,4,1,13,33,1,4,1.1543898821455427,34.268236929876124
550,1558,0.946,0.632,0.020849030271485547,0.32748638835869814,24,31,4,1,14,33,1,4,1.1376906433648823,33.74593857556779
550,1559,0.937,0.611,0.025047287529894713,0.3318073876727462,24,31,4,1,15,33,1,4,1.1186107455232137,33.10761128063299
550,1560,0.926,0.588,0.030691977657428704,0.3373311211030511,24,31,4,1,16,33,1,4,1.0969138525882514,32.415106382795365
550,1561,0.913,0.563,0.038266649842420786,0.3443820303792626,24,31,4,1,17,33,1,4,1.0726313439388204,31.659993326212852
550,1562,0.896,0.533,0.04838791482445437,0.35335503734034146,24,31,4,1,18,33,1,4,1.0425473610345,30.74697800916875
550,1563,0.875,0.5,0.061863507655564476,0.36474663039778255,24,31,4,1,19,33,1,4,1.0077822185373186,29.74488129694222
550,1564,0.849,0.462,0.08180000732998172,0.3807843468957509,24,31,4,1,20,33,1,4,0.9665635002419655,28.553689033552057
550,1565,0.815,0.416,0.11366067404949376,0.4052146698439256,24,31,4,1,21,33,1,4,0.9150306005812046,27.041104861216233
550,1566,0.771,0.364,0.16684577115215782,0.4446197804805585,24,31,4,1,22,33,1,4,0.8526060051395369,25.27265838514959
550,1567,0.714,0.3,0.24788084828833257,0.5051350823649792,24,31,4,1,23,33,1,4,0.7744649766128872,22.79059084178502
550,1568,0.638,0.222,0.3487210122502431,0.5826836963607728,24,31,4,1,24,33,1,4,0.6755205400282067,19.185974077996832
550,1569,0.537,0.333,0.4619579560839112,0.6666996313854319,24,31,4,1,25,33,1,4,0.6318686572381954,31.803536807781526
550,1570,0.406,0.445,0.5988452602771768,0.7559155874983057,24,31,4,1,26,33,1,4,0.6023794485206148,47.62394008416816
550,1571,0.272,0.556,0.7229584627136734,0.8050537473536064,24,31,4,1,27,33,1,4,0.618966881181861,63.93172058984669
550,1572,0.213,0.667,0.7737160855150198,0.7531867137290934,24,31,4,1,28,33,1,4,0.7001842614626524,72.28962042017888
550,1573,0.352,0.778,0.5242336061587138,0.5995797858165702,24,31,4,1,29,33,1,4,0.8539250552595351,65.65599898824074
550,1574,0.728,0.889,0.2068478545234096,0.42725704338041004,24,31,4,1,30,33,1,4,1.1490452558537458,50.686034296520575
550,1575,1,1,0,0.2928932188134524,24,31,4,1,31,33,1,4,1.4142135623730951,45
550,1577,0.957,0.708,0.016686369913713084,0.3250983840403755,24,31,4,1,10,34,1,4,1.1904255541611999,36.49447704394475
550,1578,0.951,0.696,0.018553116166871608,0.32727592847108666,24,31,4,1,11,34,1,4,1.1784808017104054,36.19894922863141
550,1579,0.944,0.682,0.020950811776635714,0.32997106577121194,24,31,4,1,12,34,1,4,1.164585763265205,35.84651609590659
550,1580,0.935,0.667,0.02402137522909953,0.33327922361948825,24,31,4,1,13,34,1,4,1.148526882576111,35.50288278845036
550,1581,0.926,0.65,0.028027684620042126,0.33740737521805664,24,31,4,1,14,34,1,4,1.1313602432470393,35.06669966613367
550,1582,0.914,0.632,0.0334310180596642,0.34271786360438594,24,31,4,1,15,34,1,4,1.111224549764808,34.66254352934074
550,1583,0.9,0.611,0.040637699444330044,0.34946103108548887,24,31,4,1,16,34,1,4,1.0878055892483731,34.172147104252595
550,1584,0.882,0.588,0.050234608795543534,0.3580075052029986,24,31,4,1,17,34,1,4,1.0600320749864127,33.690067525979785
550,1585,0.862,0.563,0.06298740499200473,0.3688096972720155,24,31,4,1,18,34,1,4,1.0295693274374484,33.149848544746405
550,1586,0.836,0.533,0.07992696777558572,0.382450689818278,24,31,4,1,19,34,1,4,0.9914560000322757,32.51994710035765
550,1587,0.804,0.5,0.10479587859730055,0.4014811158449473,24,31,4,1,20,34,1,4,0.9467924799025392,31.87709014100373
550,1588,0.764,0.462,0.1439597297965105,0.43001848614263505,24,31,4,1,21,34,1,4,0.8928269709187777,31.161858706787463
550,1589,0.714,0.416,0.2073490935786616,0.4748149587761561,24,31,4,1,22,34,1,4,0.8263485947225904,30.22649163689368
550,1590,0.65,0.364,0.2998368024823076,0.5407902691286459,24,31,4,1,23,34,1,4,0.7449805366585089,29.248826336546973
550,1591,0.569,0.3,0.4092473322294802,0.6213459456329968,24,31,4,1,24,34,1,4,0.6432425669994174,27.80002620637491
550,1592,0.465,0.4,0.5267974361101855,0.7047793462338205,24,31,4,1,25,34,1,4,0.6133718285020923,40.702613336058306
550,1593,0.338,0.5,0.6622402837608827,0.7835737922144929,24,31,4,1,26,34,1,4,0.603526304314899,55.94130662590673
550,1594,0.223,0.6,0.7747109508341202,0.800573912188265,24,31,4,1,27,34,1,4,0.6401007733162022,69.61157772003592
550,1595,0.214,0.7,0.7825181423595093,0.7172256511997535,24,31,4,1,28,34,1,4,0.7319808740670756,73.00085910924624
550,1596,0.459,0.8,0.49676765459567385,0.5598195947692934,24,31,4,1,29,34,1,4,0.9223236958898975,60.154951358406464
550,1597,0.791,0.9,0.18860515590170557,0.40104174315440033,24,31,4,1,30,34,1,4,1.198199065264199,48.68812058744383
550,1598,1,1,0,0.2928932188134524,24,31,4,1,31,34,1,4,1.4142135623730951,45
550,1601,0.941,0.72,0.021814323362093213,0.3326724577405671,24,31,4,1,10,35,1,4,1.1848548434301982,37.42117358319321
550,1602,0.933,0.708,0.024169492002931614,0.33526142926611013,24,31,4,1,11,35,1,4,1.1712185961638417,37.19277003484382
550,1603,0.925,0.696,0.02718398366158381,0.3384537799689672,24,31,4,1,12,35,1,4,1.1576013994462862,36.95898914550226
550,1604,0.914,0.682,0.031019706459034846,0.3423587301282843,24,31,4,1,13,35,1,4,1.140403437385209,36.7292208129231
550,1605,0.902,0.667,0.035990998371382754,0.3472112447981385,24,31,4,1,14,35,1,4,1.1218257440440562,36.481734637838315
550,1606,0.887,0.65,0.0426443113792373,0.3534164188069152,24,31,4,1,15,35,1,4,1.0996676770733966,36.23423028494247
550,1607,0.87,0.632,0.051448662535038325,0.3612472941963316,24,31,4,1,16,35,1,4,1.0753250671308654,35.99603424997481
550,1608,0.849,0.611,0.063100712308785,0.3711070979590444,24,31,4,1,17,35,1,4,1.0460028680649016,35.74144054090038
550,1609,0.825,0.588,0.07848857392684871,0.38348761154535094,24,31,4,1,18,35,1,4,1.0130987118736259,35.47850833330491
550,1610,0.794,0.563,0.09881049944799714,0.3990321128034402,24,31,4,1,19,35,1,4,0.9733473172511444,35.33923386962007
550,1611,0.758,0.533,0.12832158618552925,0.4205085190574166,24,31,4,1,20,35,1,4,0.9266353112201153,35.113591823055486
550,1612,0.713,0.5,0.17393293165318469,0.4521886732769752,24,31,4,1,21,35,1,4,0.8708438436367337,35.04053025428803
550,1613,0.659,0.462,0.2453015282607407,0.5005540004270504,24,31,4,1,22,35,1,4,0.8048136430255144,35.03284576744254
550,1614,0.591,0.417,0.34473489295103266,0.5688290844895096,24,31,4,1,23,35,1,4,0.7233049149563412,35.20617264155243
550,1615,0.508,0.364,0.4562388999144915,0.6479458223906067,24,31,4,1,24,35,1,4,0.62494799783662,35.622939305695645
550,1616,0.406,0.454,0.5706152134482945,0.7244719151514544,24,31,4,1,25,35,1,4,0.609058289492886,48.19458946511044
550,1617,0.291,0.546,0.6950696674628891,0.7833893756394081,24,31,4,1,26,35,1,4,0.6187059075198814,61.943855271209046
550,1618,0.202,0.637,0.7830049615052486,0.7706642207261691,24,31,4,1,27,35,1,4,0.6682611764871575,72.4055820557953
550,1619,0.252,0.727,0.7246938772851153,0.6753477488425581,24,31,4,1,28,35,1,4,0.7694368070218632,70.88214985192101
550,1620,0.532,0.819,0.45334920667200074,0.52571988288371,24,31,4,1,29,35,1,4,0.9766191683558131,56.993348723586976
550,1621,0.829,0.909,0.16706794670910574,0.38279544779488184,24,31,4,1,30,35,1,4,1.2302528195456413,47.63545986955193
550,1622,1,1,0,0.2928932188134524,24,31,4,1,31,35,1,4,1.4142135623730951,45
550,1717,1,1,0,0.2928932188134524,24,31,4,1,10,24,4,4,1.4142135623730951,45
550,1718,1,1,0,0.2928932188134524,24,31,4,1,11,24,4,4,1.4142135623730951,45
550,1719,1,1,0,0.2928932188134524,24,31,4,1,12,24,4,4,1.4142135623730951,45
550,1720,1,1,0,0.2928932188134524,24,31,4,1,13,24,4,4,1.4142135623730951,45
550,1721,1,1,0,0.2928932188134524,24,31,4,1,14,24,4,4,1.4142135623730951,45
550,1722,1,1,0,0.2928932188134524,24,31,4,1,15,24,4,4,1.4142135623730951,45
550,1723,1,1,0,0.2928932188134524,24,31,4,1,16,24,4,4,1.4142135623730951,45
550,1724,1,1,0,0.2928932188134524,24,31,4,1,17,24,4,4,1.4142135623730951,45
550,1725,1,1,0,0.2928932188134524,24,31,4,1,18,24,4,4,1.4142135623730951,45
550,1726,1,1,0,0.2928932188134524,24,31,4,1,19,24,4,4,1.4142135623730951,45
550,1727,1,1,0,0.2928932188134524,24,31,4,1,20,24,4,4,1.4142135623730951,45
550,1728,1,1,0,0.2928932188134524,24,31,4,1,21,24,4,4,1.4142135623730951,45
550,1729,1,1,0,0.2928932188134524,24,31,4,1,22,24,4,4,1.4142135623730951,45
550,1730,1,1,0,0.2928932188134524,24,31,4,1,23,24,4,4,1.4142135623730951,45
550,1731,1,0.953,9.67670530538367e-6,0.2929029868436924,24,31,4,1,10,25,4,4,1.3813793830805496,43.62141221053497
550,1732,1,0.95,1.1440783265426191e-5,0.29290452758906826,24,31,4,1,11,25,4,4,1.379311422413372,43.53119928561418
550,1733,1,0.948,1.3722650087255595e-5,0.29290652047067767,24,31,4,1,12,25,4,4,1.3779346864057092,43.470907000688804
550,1734,1,0.945,1.6697525437092686e-5,0.2929091431896619,24,31,4,1,13,25,4,4,1.3758724504836921,43.38024250274473
550,1735,1,0.942,2.05802976419589e-5,0.2929126480519161,24,31,4,1,14,25,4,4,1.3738136700440857,43.289306039103366
550,1736,1,0.938,2.5597209639571794e-5,0.2929173996848632,24,31,4,1,15,25,4,4,1.3710740315533658,43.16763304046667
550,1737,1,0.934,3.221506232731208e-5,0.2929239555269403,24,31,4,1,16,25,4,4,1.3683406008739198,43.045473375173806
550,1738,1,0.929,4.0834636943487546e-5,0.2929332479152831,24,31,4,1,17,25,4,4,1.3649325990685401,42.8920866639288
550,1739,1,0.924,5.2090123860093485e-5,0.29294710514379485,24,31,4,1,18,25,4,4,1.3615344285033706,42.73793318624221
550,1740,1,0.917,6.764740678133485e-5,0.292969596064399,24,31,4,1,19,25,4,4,1.3567936468011634,42.52082345847564
550,1741,1,0.909,8.935615350269543e-5,0.2930100477741392,24,31,4,1,20,25,4,4,1.35139964481274,42.270837050918736
550,1742,1,0.9,1.1807256063267602e-4,0.2930932591587261,24,31,4,1,21,25,4,4,1.3453624047073711,41.98721249581666
550,1743,1,0.889,1.5684513580160875e-4,0.29329647200992215,24,31,4,1,22,25,4,4,1.3380287739805896,41.63709543013025
550,1744,1,0.876,2.0403889683151544e-4,0.29392381277940915,24,31,4,1,23,25,4,4,1.3294269442131825,41.218359795425336
550,1745,0.999,0.857,2.543686366673903e-4,0.29627786676062695,24,31,4,1,24,25,4,4,1.3162256645423687,40.624902299009705
550,1746,1,0.905,2.1832609731764485e-4,0.29311096058499275,24,31,4,1,10,26,4,4,1.348712348872064,42.14509520315724
550,1747,1,0.9,2.5567848324625775e-4,0.29314214005491923,24,31,4,1,11,26,4,4,1.3453624047073711,41.98721249581666
550,1748,0.999,0.895,3.025453939133893e-4,0.29318155791683476,24,31,4,1,12,26,4,4,1.3412777490139767,41.85703112049663
550,1749,0.999,0.889,3.6185512511754947e-4,0.2932320324265907,24,31,4,1,13,26,4,4,1.3372815709490653,41.66556206288983
550,1750,0.999,0.883,4.370901710801789e-4,0.2932973834405185,24,31,4,1,14,26,4,4,1.3333004162603415,41.4729474134098
550,1751,0.999,0.876,5.337510957654779e-4,0.293382951578098,24,31,4,1,15,26,4,4,1.3286749038045387,41.24677452634258
550,1752,0.999,0.867,6.580177600983284e-4,0.29349679840808207,24,31,4,1,16,26,4,4,1.3227584813562905,40.95366277021042
550,1753,0.999,0.857,8.18905872726372e-4,0.2936524252099959,24,31,4,1,17,26,4,4,1.3162256645423687,40.624902299009705
550,1754,0.998,0.847,0.0010352423334382133,0.2938756368167934,24,31,4,1,18,26,4,4,1.3089740257163243,40.32117995669413
550,1755,0.998,0.834,0.0013386651451348097,0.2942194279575522,24,31,4,1,19,26,4,4,1.30059986160233,39.88453746411934
550,1756,0.997,0.819,0.0017655124754423213,0.2947930098637117,24,31,4,1,20,26,4,4,1.2902596637886499,39.40188616300896
550,1757,0.997,0.8,0.0023669132554052785,0.2958421418417988,24,31,4,1,21,26,4,4,1.2782836148523535,38.74380933674647
550,1758,0.995,0.778,0.003229835909542622,0.29794238869165957,24,31,4,1,22,26,4,4,1.2630554223786066,38.02219142676163
550,1759,0.993,0.75,0.004352927720099653,0.30237960539771747,24,31,4,1,23,26,4,4,1.2444070877329492,37.06327707384731
550,1760,0.988,0.715,0.005643868254346485,0.31029772191034055,24,31,4,1,24,26,4,4,1.2195773858185466,35.89266568774559
550,1761,0.975,0.857,0.006639828476045717,0.31738977594288276,24,31,4,1,25,26,4,4,1.2981040019967582,41.31464218700405
550,1762,0.998,0.858,0.0011705947322480093,0.2941626686131691,24,31,4,1,10,27,4,4,1.3161185356950187,40.68628914597143
550,1763,0.997,0.85,0.0013710242791350469,0.2943300148762432,24,31,4,1,11,27,4,4,1.3101560975700566,40.44950553538382
550,1764,0.997,0.843,0.001625820065590533,0.29453796824416434,24,31,4,1,12,27,4,4,1.3056255205839078,40.215742755782586
550,1765,0.996,0.834,0.0019517873867405111,0.2947990914286934,24,31,4,1,13,27,4,4,1.299065818193982,39.94110195601155
550,1766,0.996,0.824,0.002365670843774925,0.29513010727451183,24,31,4,1,14,27,4,4,1.2926685576743948,39.60126846542785
550,1767,0.995,0.813,0.002899038810913468,0.2955543529152199,24,31,4,1,15,27,4,4,1.284910113587717,39.25175768633129
550,1768,0.994,0.8,0.003586413672547528,0.29610737742494453,24,31,4,1,16,27,4,4,1.2759451398865078,38.82811850536661
550,1769,0.993,0.786,0.004504927877677312,0.29684889513853496,24,31,4,1,17,27,4,4,1.2664300217540643,38.363051413386636
550,1770,0.992,0.769,0.005768010940008228,0.2978895605044869,24,31,4,1,18,27,4,4,1.255159352432989,37.78290051265945
550,1771,0.99,0.75,0.007558766815313311,0.29944193650582085,24,31,4,1,19,27,4,4,1.242014492669067,37.14668669802178
550,1772,0.987,0.727,0.010135964068094916,0.30190732562692957,24,31,4,1,20,27,4,4,1.2258458304370905,36.37444967298866
550,1773,0.983,0.7,0.013735694012629862,0.3060610198403575,24,31,4,1,21,27,4,4,1.206767997586943,35.454888456210455
550,1774,0.977,0.667,0.018432699676013686,0.3132520716028826,24,31,4,1,22,27,4,4,1.1829699911663019,34.32143742924617
550,1775,0.968,0.625,0.023962467318589087,0.3249689474882924,24,31,4,1,23,27,4,4,1.1522365208584564,32.848760024616254
550,1776,0.953,0.572,0.0297856659740231,0.3401847387434461,24,31,4,1,24,27,4,4,1.1114823435394734,30.972597108999672
550,1777,0.923,0.714,0.035758183777654384,0.3535660272885556,24,31,4,1,25,27,4,4,1.1669297322461194,37.72426229391704
550,1778,0.871,0.858,0.03404676804462403,0.3543829413224666,24,31,4,1,26,27,4,4,1.222622182033354,44.56921278299137
550,1779,0.992,0.81,0.0037370768571562962,0.2970037779765926,24,31,4,1,10,28,4,4,1.280688877128243,39.23274695177358
550,1780,0.991,0.8,0.004366698842200978,0.2975083146686289,24,31,4,1,11,28,4,4,1.2736094377791018,38.912737090874955
550,1781,0.99,0.79,0.005157718645216192,0.29812725989992916,24,31,4,1,12,28,4,4,1.2665701717630966,38.58915997976755
550,1782,0.989,0.778,0.006166768675050838,0.29889365568618964,24,31,4,1,13,28,4,4,1.258334216335231,38.190472661734134
550,1783,0.987,0.765,0.007458860251867594,0.29985135065772206,24,31,4,1,14,28,4,4,1.2487569819624633,37.77840425750796
550,1784,0.984,0.75,0.009114957430568116,0.30106195825246007,24,31,4,1,15,28,4,4,1.2372372448322109,37.31447285161838
550,1785,0.982,0.733,0.011267690428512944,0.3026198334276048,24,31,4,1,16,28,4,4,1.2254031989512675,36.73897884101724
550,1786,0.978,0.714,0.014087277312799351,0.30468180071230544,24,31,4,1,17,28,4,4,1.2109004913699555,36.131737166792405
550,1787,0.974,0.693,0.017851339117684106,0.30752689083709006,24,31,4,1,18,28,4,4,1.1953765097240283,35.43181193844036
550,1788,0.968,0.667,0.023002315987655453,0.3116548297388392,24,31,4,1,19,28,4,4,1.175547957337343,34.56876825389146
550,1789,0.961,0.637,0.03014488960176498,0.31791575177743103,24,31,4,1,20,28,4,4,1.1529483943351497,33.53845528070018
550,1790,0.951,0.6,0.039979078403645785,0.32766053078042434,24,31,4,1,21,28,4,4,1.1244558684092496,32.24843511348256
550,1791,0.938,0.556,0.05280005274042021,0.3424186346819419,24,31,4,1,22,28,4,4,1.0904035950050788,30.657364909802816
550,1792,0.917,0.5,0.067870893837784,0.36228125750422047,24,31,4,1,23,28,4,4,1.0444563178994133,28.601703529483665
550,1793,0.886,0.429,0.08415989358244536,0.38449553125829417,24,31,4,1,24,28,4,4,0.9843967696005509,25.83620279403245
550,1794,0.834,0.572,0.10222749449373059,0.4052370718430023,24,31,4,1,25,28,4,4,1.011306086207336,34.44432933204302
550,1795,0.757,0.715,0.11227126728952208,0.41536252474783997,24,31,4,1,26,28,4,4,1.0412847833325904,43.365645361683555
550,1796,0.679,0.858,0.09082408497267447,0.40109309326150666,24,31,4,1,27,28,4,4,1.0941686341693404,51.642778690419895
550,1797,0.981,0.762,0.008707839321782984,0.3027439696199412,24,31,4,1,10,29,4,4,1.2421775235448433,37.838574560777765
550,1798,0.979,0.75,0.010138090650806952,0.3038860799150034,24,31,4,1,11,29,4,4,1.233264367441142,37.45528663539505
550,1799,0.976,0.737,0.011924531708433661,0.30527464124802783,24,31,4,1,12,29,4,4,1.223006541274412,37.05729118701935
550,1800,0.973,0.722,0.014171941889653206,0.3069779191040962,24,31,4,1,13,29,4,4,1.2116158632173812,36.57670621934773
550,1801,0.968,0.706,0.017002132378338364,0.3090868196284041,24,31,4,1,14,29,4,4,1.1981068399771366,36.104724046830576
550,1802,0.964,0.688,0.020583052769430843,0.3117298388574743,24,31,4,1,15,29,4,4,1.1843310348040366,35.51518239481339
550,1803,0.958,0.667,0.025158625415988456,0.31510314958273367,24,31,4,1,16,29,4,4,1.1673272891524467,34.84726311569354
550,1804,0.95,0.643,0.03112764467092055,0.3195260618257465,24,31,4,1,17,29,4,4,1.1471482031542393,34.09179634066024
550,1805,0.941,0.616,0.03915711772736019,0.3255409881940178,24,31,4,1,18,29,4,4,1.1246941806553459,33.209670274752305
550,1806,0.93,0.583,0.0502628126532253,0.3340498304558538,24,31,4,1,19,29,4,4,1.0976288079309873,32.08284727611202
550,1807,0.916,0.546,0.06577817181032364,0.34641497277586086,24,31,4,1,20,29,4,4,1.066382670526861,30.79789594178386
550,1808,0.897,0.5,0.08686135300741449,0.3643532464634124,24,31,4,1,21,29,4,4,1.0269415757481046,29.135890027015435
550,1809,0.872,0.445,0.11297717873967028,0.38888150074246675,24,31,4,1,22,29,4,4,0.9789836566562283,27.036179905856063
550,1810,0.837,0.375,0.14289735471602916,0.41862577189663686,24,31,4,1,23,29,4,4,0.9171662880852087,24.133747852001765
550,1811,0.787,0.286,0.17835818402010628,0.45088724010393844,24,31,4,1,24,29,4,4,0.8373559577622889,19.971414698878284
550,1812,0.711,0.429,0.22254243424827846,0.48299423841832767,24,31,4,1,25,29,4,4,0.8303986994209468,31.105753216606644
550,1813,0.613,0.572,0.26159281362562714,0.5055965515511918,24,31,4,1,26,29,4,4,0.8384229243049118,43.01840485103107
550,1814,0.529,0.715,0.263376661257816,0.5061545123698732,24,31,4,1,27,29,4,4,0.8894189114247572,53.50373717598493
550,1815,0.492,0.858,0.19824643949548515,0.468920853845473,24,31,4,1,28,29,4,4,0.9890540935661709,60.168894871213354
550,1816,0.962,0.714,0.0167057427576508,0.31269176761776574,24,31,4,1,10,30,4,4,1.198015024947517,36.58294288561068
550,1817,0.958,0.7,0.01935073231631268,0.3148888621411212,24,31,4,1,11,30,4,4,1.1864923092881807,36.15518628887341
550,1818,0.952,0.684,0.022616327764060862,0.3175437493707082,24,31,4,1,12,30,4,4,1.1722457080322366,35.696769194534774
550,1819,0.946,0.667,0.026681099676104658,0.32078017053925845,24,31,4,1,13,30,4,4,1.1574994600430706,35.18666856973126
550,1820,0.939,0.647,0.03177774824906421,0.3247635361337108,24,31,4,1,14,30,4,4,1.1403201304896795,34.56804163880377
550,1821,0.93,0.625,0.03823289016674558,0.3297279108053811,24,31,4,1,15,30,4,4,1.1205021195874643,33.90279840308348
550,1822,0.919,0.6,0.04656395482940057,0.3360268935909062,24,31,4,1,16,30,4,4,1.097524942768956,33.13985961713037
550,1823,0.907,0.572,0.057559243087798584,0.3442205881768522,24,31,4,1,17,30,4,4,1.0723026624978602,32.237600892679126
550,1824,0.891,0.539,0.07245161452569782,0.35521456318419486,24,31,4,1,18,30,4,4,1.0413462440514203,31.17134902771985
550,1825,0.872,0.5,0.09309740095891583,0.3704019522998748,24,31,4,1,19,30,4,4,1.0051785910971243,29.829721974588555
550,1826,0.849,0.454,0.12142884703331325,0.39163004047435046,24,31,4,1,20,30,4,4,0.9627652881154368,28.135499315362914
550,1827,0.819,0.4,0.15865407571609424,0.4206718345289945,24,31,4,1,21,30,4,4,0.9114609152344383,26.030905802708705
550,1828,0.78,0.333,0.20479825500637294,0.45763751965676047,24,31,4,1,22,30,4,4,0.8481090731739639,23.118754365345705
550,1829,0.729,0.25,0.25918738707893196,0.5001226458661301,24,31,4,1,23,30,4,4,0.7706756775713114,18.928663057427293
550,1830,0.659,0.143,0.3228250584425253,0.545762052756151,24,31,4,1,24,30,4,4,0.6743367111465903,12.243114538079958
550,1831,0.561,0.286,0.39592139449013974,0.5908151193333764,24,31,4,1,25,30,4,4,0.6296959583799153,27.012665347938537
550,1832,0.45,0.429,0.4573006285878073,0.6220115222609255,24,31,4,1,26,30,4,4,0.6217242153881414,43.631419193046874
550,1833,0.377,0.572,0.47039542807890244,0.6254827345588816,24,31,4,1,27,30,4,4,0.6850642305652805,56.611486423888486
550,1834,0.374,0.714,0.40714773311690566,0.5872380659330245,24,31,4,1,28,30,4,4,0.8060223321968194,62.35402463626132
550,1835,0.429,0.857,0.23670723024492535,0.49076035387764105,24,31,4,1,29,30,4,4,0.9583788394992869,63.4082125768397
550,1836,0.934,0.667,0.028161608608113786,0.32748897235627816,24,31,4,1,10,31,4,4,1.1477129432048765,35.53187451239197
550,1837,0.926,0.65,0.03245998205893896,0.33119252242592234,24,31,4,1,11,31,4,4,1.1313602432470393,35.06669966613367
550,1838,0.917,0.632,0.03776470092483408,0.33564699924417873,24,31,4,1,12,31,4,4,1.113693404847133,34.57476391671199
550,1839,0.907,0.611,0.04436426967659679,0.3410515272789386,24,31,4,1,13,31,4,4,1.0936041331304487,33.96615461325212
550,1840,0.895,0.589,0.05266774983552902,0.3476723716931436,24,31,4,1,14,31,4,4,1.0714224190299548,33.34893696489977
550,1841,0.881,0.563,0.063245462334511,0.35588447426396375,24,31,4,1,15,31,4,4,1.0455285744540892,32.580471080533975
550,1842,0.865,0.534,0.0769439467059887,0.36624500031424545,24,31,4,1,16,31,4,4,1.01655349096838,31.688736138411265
550,1843,0.846,0.5,0.09506907131781861,0.37960908113121494,24,31,4,1,17,31,4,4,0.9827085020493106,30.58379009161867
550,1844,0.822,0.462,0.11954369931199338,0.3972891515160427,24,31,4,1,18,31,4,4,0.9429358408714773,29.337893654673955
550,1845,0.794,0.417,0.1528078992323325,0.4211457760227548,24,31,4,1,19,31,4,4,0.8968416805657508,27.707957510144627
550,1846,0.76,0.364,0.19727074644688958,0.4533195549261798,24,31,4,1,20,31,4,4,0.8426719409117643,25.591968024302655
550,1847,0.718,0.3,0.2544875629693224,0.49527553930904256,24,31,4,1,21,31,4,4,0.7781542263587597,22.676503699374944
550,1848,0.665,0.222,0.32325844740495624,0.5461544304248291,24,31,4,1,22,31,4,4,0.7010770285781728,18.46079265495962
550,1849,0.598,0.125,0.40054346316080147,0.6031678040771391,24,31,4,1,23,31,4,4,0.6109247089453822,11.80654477164055
550,1850,0.51,0,0.4869399429922465,0.6645228454030739,24,31,4,1,24,31,4,4,0.51,0
550,1851,0.396,0.143,0.5830129644437316,0.7249987015384951,24,31,4,1,25,31,4,4,0.42102850259810204,19.855214369321054
550,1852,0.284,0.286,0.657838619547079,0.7660459956209988,24,31,4,1,26,31,4,4,0.4030533463451209,45.201036997834606
550,1853,0.242,0.429,0.6795988556357352,0.7656369596767615,24,31,4,1,27,31,4,4,0.4925494898992384,60.57254359681026
550,1854,0.286,0.572,0.60236901036655,0.7023269512510667,24,31,4,1,28,31,4,4,0.6395154415649398,63.43494882292201
550,1855,0.367,0.715,0.41594750063066255,0.5881312734118584,24,31,4,1,29,31,4,4,0.8036877503110271,62.82917294806911
550,1856,0.543,0.857,0.1760764784727037,0.45581498118436414,24,31,4,1,30,31,4,4,1.014543246983587,57.64142400405411
550,1857,0.894,0.682,0.043368083244493816,0.34637909694484803,24,31,4,1,10,32,4,4,1.1244376372213802,37.33868936485417
550,1858,0.883,0.667,0.04983107825829047,0.3519145062822602,24,31,4,1,11,32,4,4,1.106606524470193,37.066647244939105
550,1859,0.87,0.65,0.05779853544900693,0.3585432308581742,24,31,4,1,12,32,4,4,1.0860018416190647,36.7643806757905
550,1860,0.855,0.632,0.06772603750969741,0.3665484138121651,24,31,4,1,13,32,4,4,1.0632257521335722,36.47111856182642
550,1861,0.838,0.611,0.08021905599674684,0.3763067642566762,24,31,4,1,14,32,4,4,1.0370944990693953,36.09642398627751
550,1862,0.818,0.588,0.09610789723047752,0.38834286582080646,24,31,4,1,15,32,4,4,1.0074065713504154,35.70957783785551
550,1863,0.795,0.563,0.1166597901063764,0.4034193153991896,24,31,4,1,16,32,4,4,0.9741632306754346,35.30521409099227
550,1864,0.768,0.533,0.14363453128140347,0.4226650582842182,24,31,4,1,17,32,4,4,0.9348331401913392,34.761050819796665
550,1865,0.736,0.5,0.17943877581074652,0.44771804537365767,24,31,4,1,18,32,4,4,0.8897730047602028,34.190142678587996
550,1866,0.698,0.461,0.22691102829807697,0.48070319879330625,24,31,4,1,19,32,4,4,0.8364956664561987,33.44310448855354
550,1867,0.653,0.417,0.28862402719807567,0.5237014449611519,24,31,4,1,20,32,4,4,0.7747890035358014,32.56193983644834
550,1868,0.599,0.364,0.3649035149751919,0.5775662401252288,24,31,4,1,21,32,4,4,0.7009258163315145,31.286190840248807
550,1869,0.533,0.3,0.452128588491138,0.6407176907604994,24,31,4,1,22,32,4,4,0.6116281550092344,29.3730623541957
550,1870,0.452,0.222,0.5470329142125705,0.7106570970240478,24,31,4,1,23,32,4,4,0.5035752178175571,26.157983216288258
550,1871,0.352,0.125,0.6525034686012341,0.786316091778885,24,31,4,1,24,32,4,4,0.37353580818979054,19.550644303728095
550,1872,0.229,0.25,0.7682521189471936,0.8583928836815642,24,31,4,1,25,32,4,4,0.3390294972417592,47.510316022925046
550,1873,0.137,0.375,0.8485319272649614,0.8783871826602508,24,31,4,1,26,32,4,4,0.39924178138065664,69.93106635278353
550,1874,0.166,0.5,0.8100245649904112,0.8056416934698126,24,31,4,1,27,32,4,4,0.5268358378090845,71.63383359243107
550,1875,0.325,0.625,0.5894251989876751,0.6756826303432183,24,31,4,1,28,32,4,4,0.7044501401802685,62.52556837372287
550,1876,0.57,0.75,0.3491371481093959,0.5271033904576492,24,31,4,1,29,32,4,4,0.9420191080864548,52.76516601842533
550,1877,0.842,0.876,0.11268247087854522,0.37568595996160137,24,31,4,1,30,32,4,4,1.2150473241812436,46.13376148811398
550,1878,1,1,0,0.2928932188134524,24,31,4,1,31,32,4,4,1.4142135623730951,45
550,1879,0.845,0.696,0.062300284321363586,0.36697592289045144,24,31,4,1,10,33,4,4,1.0947333008545963,39.47721290980483
550,1880,0.829,0.682,0.0713873816586682,0.3743613031145201,24,31,4,1,11,33,4,4,1.07348265006939,39.443376929046515
550,1881,0.811,0.667,0.08256349127243601,0.3831589646269655,24,31,4,1,12,33,4,4,1.0500523796458918,39.4352950236017
550,1882,0.791,0.65,0.0964420517672383,0.39372058804511834,24,31,4,1,13,33,4,4,1.0238071107391276,39.41147177059657
550,1883,0.768,0.632,0.11380531566488739,0.40650782182387046,24,31,4,1,14,33,4,4,0.9946094710990842,39.451533706281936
550,1884,0.742,0.611,0.13579081614287403,0.42215053396342783,24,31,4,1,15,33,4,4,0.961189367398537,39.46975313162659
550,1885,0.712,0.588,0.1638988975673764,0.44153580771502465,24,31,4,1,16,33,4,4,0.9234110677266111,39.55134855864014
550,1886,0.678,0.563,0.20016765400557857,0.46591538647257114,24,31,4,1,17,33,4,4,0.8812791839139287,39.7056802514184
550,1887,0.638,0.533,0.24713143055915743,0.496975065031237,24,31,4,1,18,33,4,4,0.8313440924190175,39.87616496322812
550,1888,0.593,0.5,0.3075234486571903,0.5366364867244651,24,31,4,1,19,33,4,4,0.7756603638191139,40.136592876842535
550,1889,0.539,0.462,0.3827469199671012,0.586273253904146,24,31,4,1,20,33,4,4,0.7099049232115523,40.60129464500447
550,1890,0.477,0.416,0.4706895632019813,0.6454572531366511,24,31,4,1,21,33,4,4,0.6329178461696273,41.09224903415938
550,1891,0.405,0.364,0.5660449273558068,0.711133274107244,24,31,4,1,22,33,4,4,0.5445374183653499,41.94810809326627
550,1892,0.32,0.3,0.6657680666946599,0.7787042524986313,24,31,4,1,23,33,4,4,0.4386342439892262,43.15238973400541
550,1893,0.223,0.222,0.7717428767045336,0.8392935067423876,24,31,4,1,24,33,4,4,0.31466331212901194,44.87124565602694
550,1894,0.12,0.333,0.8737388444767189,0.8594829158528903,24,31,4,1,25,33,4,4,0.35396186235242916,70.18284748038103
550,1895,0.126,0.445,0.8569398666910982,0.8038492415674248,24,31,4,1,26,33,4,4,0.4624943242894987,74.19073875115792
550,1896,0.314,0.556,0.6775635493615075,0.699942551982442,24,31,4,1,27,33,4,4,0.6385389573080096,60.544488866498384
550,1897,0.525,0.667,0.4588876076843058,0.5711671081953543,24,31,4,1,28,33,4,4,0.8488309607925479,51.79348836333819
550,1898,0.745,0.778,0.2441906625662018,0.44177415828498934,24,31,4,1,29,33,4,4,1.07717640152391,46.24127702451072
550,1899,0.937,0.889,0.06258648027350777,0.3323179836213177,24,31,4,1,30,33,4,4,1.2916230100149193,43.494214560353356
550,1900,1,1,0,0.2928932188134524,24,31,4,1,31,33,4,4,1.4142135623730951,45
550,1902,0.787,0.708,0.0842261864219237,0.3875906607003443,24,31,4,1,10,34,4,4,1.0585995465708455,41.9751434510198
550,1903,0.767,0.696,0.09616211397376206,0.396645580900189,24,31,4,1,11,34,4,4,1.0357147290639446,42.22159179935724
550,1904,0.745,0.682,0.11076534076063871,0.4073626132195497,24,31,4,1,12,34,4,4,1.010024257134451,42.47211515483985
550,1905,0.72,0.667,0.12874212857769496,0.4201313403075646,24,31,4,1,13,34,4,4,0.9814728727784584,42.811680171473654
550,1906,0.692,0.65,0.1510584123129759,0.43545102095979116,24,31,4,1,14,34,4,4,0.9494019169982754,43.20742360384756
550,1907,0.661,0.632,0.1789144954106474,0.45398065808420107,24,31,4,1,15,34,4,4,0.9145189992558931,43.71515925839145
550,1908,0.626,0.611,0.213885323268576,0.4766052396632904,24,31,4,1,16,34,4,4,0.8747553943817665,44.305259036527374
550,1909,0.587,0.588,0.2579077561551377,0.5044868000909428,24,31,4,1,17,34,4,4,0.8308507687906415,45.04876235377004
550,1910,0.543,0.563,0.31311145765037174,0.5390113292907688,24,31,4,1,18,34,4,4,0.7821879569515245,46.0359771332661
550,1911,0.493,0.533,0.38105457620577854,0.5813777572755289,24,31,4,1,19,34,4,4,0.7260426984688986,47.23262289749565
550,1912,0.438,0.5,0.4609665206087774,0.6315847998091901,24,31,4,1,20,34,4,4,0.6647134721065913,48.781640204574664
550,1913,0.376,0.462,0.5481941154561711,0.6871010654801215,24,31,4,1,21,34,4,4,0.5956676925937817,50.859483323177585
550,1914,0.31,0.416,0.6361411045645056,0.7419224867665597,24,31,4,1,22,34,4,4,0.5188024672262074,53.30680427508615
550,1915,0.239,0.364,0.7201718550040124,0.7861828693377255,24,31,4,1,23,34,4,4,0.43545034160050905,56.711361303360185
550,1916,0.169,0.3,0.7947117695218848,0.8032936515202376,24,31,4,1,24,34,4,4,0.34432687957811253,60.605989047390636
550,1917,0.126,0.4,0.7867015015140499,0.7744846548315178,24,31,4,1,25,34,4,4,0.4193757265269415,72.5155726767793
550,1918,0.273,0.5,0.6739115394144866,0.702841609871109,24,31,4,1,26,34,4,4,0.5696744684466735,61.365459733247654
550,1919,0.464,0.6,0.5133206722577893,0.6051569518811635,24,31,4,1,27,34,4,4,0.758482695913361,52.28402365441686
550,1920,0.66,0.7,0.33085758371696616,0.4949409808041928,24,31,4,1,28,34,4,4,0.9620810776644555,46.68468431789629
550,1921,0.842,0.8,0.15797843152412816,0.3917515857839514,24,31,4,1,29,34,4,4,1.1614490948810456,43.53477580118464
550,1922,0.971,0.9,0.031597000046655,0.31475562349682495,24,31,4,1,30,34,4,4,1.323949017145298,42.82680418981764
550,1923,1,1,0,0.2928932188134524,24,31,4,1,31,34,4,4,1.4142135623730951,45
550,1926,0.725,0.72,0.10787745078693445,0.40720454844995224,24,31,4,1,10,35,4,4,1.0217754156369196,44.801745498800805
550,1927,0.702,0.708,0.1225891449981259,0.41763788643232513,24,31,4,1,11,35,4,4,0.9970295883272472,45.243810356104085
550,1928,0.676,0.696,0.14040981055221602,0.4298894341288997,24,31,4,1,12,35,4,4,0.9702535751029212,45.835156292220894
550,1929,0.648,0.682,0.16213154656011186,0.44434863311194395,24,31,4,1,13,35,4,4,0.9407592678257282,46.46438519501162
550,1930,0.617,0.667,0.18868456016238877,0.4614953806656348,24,31,4,1,14,35,4,4,0.9086132290474314,47.230017327950755
550,1931,0.583,0.65,0.22121775643203767,0.4819302422120748,24,31,4,1,15,35,4,4,0.8731488991002623,48.11033704730368
550,1932,0.546,0.632,0.2610835775698156,0.506399614797288,24,31,4,1,16,35,4,4,0.8351886014547852,49.17547617471152
550,1933,0.505,0.611,0.3097047101348671,0.5357658656478723,24,31,4,1,17,35,4,4,0.7926827864915448,50.42579487481041
550,1934,0.461,0.588,0.36825781029762406,0.570810806461007,24,31,4,1,18,35,4,4,0.7471713324265058,51.903071136230935
550,1935,0.414,0.563,0.43653801681530235,0.611629830235229,24,31,4,1,19,35,4,4,0.6988311670210481,53.671231291217246
550,1936,0.364,0.533,0.5115188218658445,0.6564912347079899,24,31,4,1,20,35,4,4,0.6454339625399333,55.669782804496684
550,1937,0.313,0.5,0.5868617620053624,0.700627572751374,24,31,4,1,21,35,4,4,0.5898889726041673,57.953433848774765
550,1938,0.262,0.462,0.6548227928310472,0.735826831390364,24,31,4,1,22,35,4,4,0.5311195722245604,60.44244660006957
550,1939,0.217,0.417,0.7073322053363778,0.7517739278428902,24,31,4,1,23,35,4,4,0.47008297139973065,62.50826631188641
550,1940,0.181,0.364,0.7253690457678592,0.738959866060418,24,31,4,1,24,35,4,4,0.40651814227657784,63.561011940760665
550,1941,0.219,0.454,0.6419419584248864,0.6939202492504557,24,31,4,1,25,35,4,4,0.504060512240346,64.24832139540652
550,1942,0.399,0.546,0.5222164188911624,0.6228414629047088,24,31,4,1,26,35,4,4,0.676252171900394,53.84181456019167
550,1943,0.58,0.637,0.3793921281433307,0.5357941731939375,24,31,4,1,27,35,4,4,0.8614923098902276,47.6815731412718
550,1944,0.754,0.727,0.23038612447975582,0.44335467667817585,24,31,4,1,28,35,4,4,1.04739915982399,43.95556063998781
550,1945,0.899,0.819,0.09936897485701446,0.36155545694653834,24,31,4,1,29,35,4,4,1.216125815859527,42.333903587097225
550,1946,0.986,0.909,0.015289791231563266,0.3062760463632286,24,31,4,1,30,35,4,4,1.341073077800013,42.67316654936219
550,1947,1,1,0,0.2928932188134524,24,31,4,1,31,35,4,4,1.4142135623730951,45
550,2042,1,1,0,0.2928932188134524,24,31,4,1,10,24,7,4,1.4142135623730951,45
550,2043,1,1,0,0.2928932188134524,24,31,4,1,11,24,7,4,1.4142135623730951,45
550,2044,1,1,0,0.2928932188134524,24,31,4,1,12,24,7,4,1.4142135623730951,45
550,2045,1,1,0,0.2928932188134524,24,31,4,1,13,24,7,4,1.4142135623730951,45
550,2046,1,1,0,0.2928932188134524,24,31,4,1,14,24,7,4,1.4142135623730951,45
550,2047,1,1,0,0.2928932188134524,24,31,4,1,15,24,7,4,1.4142135623730951,45
550,2048,1,1,0,0.2928932188134524,24,31,4,1,16,24,7,4,1.4142135623730951,45
550,2049,1,1,0,0.2928932188134524,24,31,4,1,17,24,7,4,1.4142135623730951,45
550,2050,1,1,0,0.2928932188134524,24,31,4,1,18,24,7,4,1.4142135623730951,45
550,2051,1,1,0,0.2928932188134524,24,31,4,1,19,24,7,4,1.4142135623730951,45
550,2052,1,1,0,0.2928932188134524,24,31,4,1,20,24,7,4,1.4142135623730951,45
550,2053,1,1,0,0.2928932188134524,24,31,4,1,21,24,7,4,1.4142135623730951,45
550,2054,1,1,0,0.2928932188134524,24,31,4,1,22,24,7,4,1.4142135623730951,45
550,2055,1,1,0,0.2928932188134524,24,31,4,1,23,24,7,4,1.4142135623730951,45
550,2056,1,0.953,2.3421474469320636e-5,0.2929152293368773,24,31,4,1,10,25,7,4,1.3813793830805496,43.62141221053497
550,2057,1,0.95,2.7269070844715415e-5,0.2929189008036248,24,31,4,1,11,25,7,4,1.379311422413372,43.53119928561418
550,2058,1,0.948,3.1993987469558505e-5,0.29292354885878813,24,31,4,1,12,25,7,4,1.3779346864057092,43.470907000688804
550,2059,1,0.945,3.772836176652028e-5,0.2929295099203397,24,31,4,1,13,25,7,4,1.3758724504836921,43.38024250274473
550,2060,1,0.942,4.4581254075470866e-5,0.2929372820136408,24,31,4,1,14,25,7,4,1.3738136700440857,43.289306039103366
550,2061,1,0.938,5.295394921245311e-5,0.292947649853163,24,31,4,1,15,25,7,4,1.3710740315533658,43.16763304046667
550,2062,1,0.934,6.323951076947498e-5,0.2929619398027359,24,31,4,1,16,25,7,4,1.3683406008739198,43.045473375173806
550,2063,1,0.929,7.62543558134876e-5,0.292982546027728,24,31,4,1,17,25,7,4,1.3649325990685401,42.8920866639288
550,2064,1,0.924,9.229487882189691e-5,0.29301401948972017,24,31,4,1,18,25,7,4,1.3615344285033706,42.73793318624221
550,2065,1,0.917,1.1154149151582082e-4,0.2930655153616081,24,31,4,1,19,25,7,4,1.3567936468011634,42.52082345847564
550,2066,1,0.909,1.3573006749745264e-4,0.29315717386901385,24,31,4,1,20,25,7,4,1.35139964481274,42.270837050918736
550,2067,1,0.9,1.6501634286825162e-4,0.2933378909411313,24,31,4,1,21,25,7,4,1.3453624047073711,41.98721249581666
550,2068,1,0.889,1.986377265392747e-4,0.29374218027983945,24,31,4,1,22,25,7,4,1.3380287739805896,41.63709543013025
550,2069,0.999,0.876,2.3336168276821834e-4,0.29479999814839275,24,31,4,1,23,25,7,4,1.3286749038045387,41.24677452634258
550,2070,0.999,0.857,2.671212067355544e-4,0.29716134386742177,24,31,4,1,24,25,7,4,1.3162256645423687,40.624902299009705
550,2071,0.999,0.905,5.156540560722345e-4,0.29336418371573814,24,31,4,1,10,26,7,4,1.3479710679387744,42.17361663502773
550,2072,0.999,0.9,5.941933921504994e-4,0.29343394262694433,24,31,4,1,11,26,7,4,1.3446192769702507,42.015717856406624
550,2073,0.999,0.895,6.886226334367196e-4,0.2935202057152452,24,31,4,1,12,26,7,4,1.3412777490139767,41.85703112049663
550,2074,0.999,0.889,8.023329163457937e-4,0.2936281869474927,24,31,4,1,13,26,7,4,1.3372815709490653,41.66556206288983
550,2075,0.999,0.883,9.412689614647363e-4,0.29376556928630615,24,31,4,1,14,26,7,4,1.3333004162603415,41.4729474134098
550,2076,0.998,0.876,0.00111504665248785,0.2939443158998569,24,31,4,1,15,26,7,4,1.3279231905498148,41.27522143439139
550,2077,0.998,0.867,0.0013313084575196088,0.2941840434443822,24,31,4,1,16,26,7,4,1.3220034039290518,40.98206998267248
550,2078,0.998,0.857,0.0016017831576317088,0.2945182691035477,24,31,4,1,17,26,7,4,1.315466837286292,40.65326144924435
550,2079,0.997,0.847,0.0019481813491640798,0.2950059256713523,24,31,4,1,18,26,7,4,1.3082117565593119,40.34951976993447
550,2080,0.997,0.834,0.0023847209655128987,0.2957537527029239,24,31,4,1,19,26,7,4,1.299832681540205,39.912803020920826
550,2081,0.996,0.819,0.0029570666801060908,0.2969619212235536,24,31,4,1,20,26,7,4,1.2894871073415197,39.43009027476639
550,2082,0.995,0.8,0.0036821407767075875,0.29900544954701624,24,31,4,1,21,26,7,4,1.2767243241984545,38.79998113532084
550,2083,0.993,0.778,0.004537924993291753,0.3025236366003484,24,31,4,1,22,26,7,4,1.261480479436761,38.07814519658472
550,2084,0.99,0.75,0.005483719075969784,0.3081484644740736,24,31,4,1,23,26,7,4,1.242014492669067,37.14668669802178
550,2085,0.984,0.715,0.006438860894174225,0.3150803695196479,24,31,4,1,24,26,7,4,1.2163391796698813,36.003130733226335
550,2086,0.969,0.857,0.006876106413201244,0.3188201549983246,24,31,4,1,25,26,7,4,1.2936034941202037,41.49008868933465
550,2087,0.995,0.858,0.0029271333581548653,0.2955655981328331,24,31,4,1,10,27,7,4,1.3138451202481973,40.77157797609279
550,2088,0.994,0.85,0.0033866751773770076,0.2959279848860833,24,31,4,1,11,27,7,4,1.3078746117269804,40.534771129268705
550,2089,0.994,0.843,0.003946467680615462,0.2963702650201614,24,31,4,1,12,27,7,4,1.3033361040038751,40.30089509152446
550,2090,0.993,0.834,0.004638717011292703,0.29691692919475443,24,31,4,1,13,27,7,4,1.2967671340684108,40.026199484500964
550,2091,0.992,0.824,0.005500369128440097,0.2976039530654647,24,31,4,1,14,27,7,4,1.2895890818396378,39.71455325061741
550,2092,0.991,0.813,0.006576497847079366,0.29848645296962095,24,31,4,1,15,27,7,4,1.2818151192742266,39.36488704214832
550,2093,0.989,0.8,0.007950134952017462,0.2996517782563932,24,31,4,1,16,27,7,4,1.2720538510613457,38.96932203871869
550,2094,0.987,0.786,0.009709875871310558,0.30124128447272536,24,31,4,1,17,27,7,4,1.2617309538883479,38.53215355366295
550,2095,0.985,0.769,0.011943320189655826,0.30348475825266474,24,31,4,1,18,27,7,4,1.2496343465190127,37.97953787722171
550,2096,0.982,0.75,0.01473694944423487,0.3067512703169556,24,31,4,1,19,27,7,4,1.2356471988395392,37.37068969901024
550,2097,0.978,0.727,0.018133702712327837,0.3116028734731817,24,31,4,1,20,27,7,4,1.2186110946483295,36.62540704588471
550,2098,0.973,0.7,0.02209052690927471,0.3187448496900762,24,31,4,1,21,27,7,4,1.1986363084772629,35.73216373717889
550,2099,0.965,0.667,0.026406749476882152,0.32860390751761936,24,31,4,1,22,27,7,4,1.1730788549794937,34.651906778977605
550,2100,0.954,0.625,0.030772297333252152,0.34044925605088416,24,31,4,1,23,27,7,4,1.140500328803109,33.23026204596421
550,2101,0.935,0.572,0.03540259309791349,0.3520739252997305,24,31,4,1,24,27,7,4,1.0960880439088823,31.456823357555244
550,2102,0.9,0.714,0.03945053458196146,0.35963137777280807,24,31,4,1,25,27,7,4,1.1488237462726822,38.426139975714165
550,2103,0.853,0.858,0.03340249057394862,0.3540771530181438,24,31,4,1,26,27,7,4,1.209864868487386,45.167433128049815
550,2104,0.983,0.81,0.009577120156722851,0.3013802685678896,24,31,4,1,10,28,7,4,1.273730348229169,39.4888003076386
550,2105,0.981,0.8,0.01108789494667084,0.30245538064265054,24,31,4,1,11,28,7,4,1.265843987227494,39.197050897473275
550,2106,0.979,0.79,0.012917412258312666,0.3037565711797333,24,31,4,1,12,28,7,4,1.25799085847235,38.90165120061643
550,2107,0.977,0.778,0.015129352536294327,0.3053514759876611,24,31,4,1,13,28,7,4,1.2489247375242434,38.53084460652532
550,2108,0.974,0.765,0.017827376164196718,0.30733792585663855,24,31,4,1,14,28,7,4,1.2385075696175618,38.14683326663356
550,2109,0.97,0.75,0.021149470780700286,0.30986133522259784,24,31,4,1,15,28,7,4,1.2261321299109653,37.71104767638987
550,2110,0.965,0.733,0.02527718124331957,0.3131410894304596,24,31,4,1,16,28,7,4,1.2118225942769014,37.219776749840705
550,2111,0.96,0.714,0.030478943504310796,0.31750661899268584,24,31,4,1,17,28,7,4,1.1964096288479125,36.64002614294809
550,2112,0.954,0.693,0.037053071210679356,0.32343509549138727,24,31,4,1,18,28,7,4,1.1791373965742924,35.995220874722705
550,2113,0.945,0.667,0.0452465177039898,0.33155830655186613,24,31,4,1,19,28,7,4,1.1566823245818187,35.21521248792847
550,2114,0.935,0.637,0.055248730076000285,0.34254137607132085,24,31,4,1,20,28,7,4,1.1313681982449393,34.26595569765268
550,2115,0.921,0.6,0.06673698453579546,0.35666865903535805,24,31,4,1,21,28,7,4,1.0992001637554463,33.082867765562284
550,2116,0.903,0.556,0.07904536890697766,0.3732827881179135,24,31,4,1,22,28,7,4,1.0604456610312478,31.621660713746735
550,2117,0.877,0.5,0.09187824261443378,0.3909131502778307,24,31,4,1,23,28,7,4,1.0095191924871958,29.688564048079936
550,2118,0.837,0.429,0.10578631013519368,0.4078036775680911,24,31,4,1,24,28,7,4,0.9405370806087339,27.13717261286881
550,2119,0.777,0.572,0.1190946500179747,0.42003056135971706,24,31,4,1,25,28,7,4,0.9648383284260633,36.35919008563968
550,2120,0.711,0.715,0.11825312989775627,0.419798174547655,24,31,4,1,26,28,7,4,1.0083382369026774,45.16071705256753
550,2121,0.656,0.858,0.08658971029581242,0.398224373851935,24,31,4,1,27,28,7,4,1.0800462953040486,52.59960103748217
550,2122,0.96,0.762,0.02234738052636187,0.3130503928715578,24,31,4,1,10,29,7,4,1.2256606381866066,38.440788757005464
550,2123,0.955,0.75,0.02570481062224561,0.3154859574934846,24,31,4,1,11,29,7,4,1.2143002099975113,38.14397594479468
550,2124,0.95,0.737,0.02975022920985837,0.3184180057825313,24,31,4,1,12,29,7,4,1.2023597631324827,37.803933410201594
550,2125,0.944,0.722,0.034666778912372576,0.32199071785890443,24,31,4,1,13,29,7,4,1.1884527756709562,37.40986207918672
550,2126,0.938,0.706,0.04072239646079445,0.3264074845813031,24,31,4,1,14,29,7,4,1.1740017035762766,36.967505352974676
550,2127,0.93,0.688,0.04827344603898065,0.3319586235527324,24,31,4,1,15,29,7,4,1.1568249651524642,36.49347850736159
550,2128,0.92,0.667,0.057765577885266595,0.3390560011887642,24,31,4,1,16,29,7,4,1.1363489780872775,35.942111871382345
550,2129,0.909,0.643,0.06982620868772127,0.34826296287288006,24,31,4,1,17,29,7,4,1.1134316323870093,35.27447080046508
550,2130,0.896,0.616,0.08496428025095826,0.3602825164145942,24,31,4,1,18,29,7,4,1.0873233189810656,34.5085229876684
550,2131,0.879,0.583,0.10336932665395038,0.3758269114951207,24,31,4,1,19,29,7,4,1.0547653767544705,33.554474296173424
550,2132,0.859,0.546,0.12479084063448886,0.39527381120197025,24,31,4,1,20,29,7,4,1.0178393782910937,32.44097072356673
550,2133,0.832,0.5,0.14900525258841468,0.41820562272519146,24,31,4,1,21,29,7,4,0.9706822343073968,31.004248242302783
550,2134,0.798,0.445,0.17636671624990263,0.4434437706912622,24,31,4,1,22,29,7,4,0.9136897722969214,29.145965421952923
550,2135,0.753,0.375,0.20769622854859715,0.4697755987891299,24,31,4,1,23,29,7,4,0.8412098430237249,26.473670425989994
550,2136,0.688,0.286,0.24409870907049336,0.4954285540935247,24,31,4,1,24,29,7,4,0.7450771772105222,22.572542407066116
550,2137,0.606,0.429,0.27931494718151917,0.51531056349470306,24,31,4,1,25,29,7,4,0.7424803027690364,35.295470678794835
550,2138,0.532,0.572,0.2915704432785411,0.5218015027848117,24,31,4,1,26,29,7,4,0.7811581145965265,47.07502636141741
550,2139,0.49,0.715,0.2660798997050957,0.5079894982274662,24,31,4,1,27,29,7,4,0.866790055319049,55.576586544968755
550,2140,0.484,0.858,0.18522597067013047,0.4608590699065186,24,31,4,1,28,29,7,4,0.9850989797984768,60.57254359681026
550,2141,0.92,0.714,0.04283180774989637,0.3333736801122795,24,31,4,1,10,30,7,4,1.1645582853597325,37.8145723982036
550,2142,0.912,0.7,0.04921935385607146,0.33811121227409136,24,31,4,1,11,30,7,4,1.1496712573601204,37.50782011747114
550,2143,0.903,0.684,0.0569891558064588,0.3437912403634571,24,31,4,1,12,30,7,4,1.1328128706895946,37.14302164464528
550,2144,0.892,0.667,0.06651201133813256,0.3506762283682102,24,31,4,1,13,30,7,4,1.1138011492182973,36.78759096227244
550,2145,0.88,0.647,0.07834024733957257,0.35912455924043807,24,31,4,1,14,30,7,4,1.0922495136185688,36.32433996537646
550,2146,0.866,0.625,0.09314950114092824,0.3696233295015978,24,31,4,1,15,30,7,4,1.0679798687241253,35.81832321031023
550,2147,0.849,0.6,0.11174647413582606,0.38281506354965833,24,31,4,1,16,30,7,4,1.0396157944163795,35.24937539705774
550,2148,0.83,0.572,0.13494135321714051,0.399485737320576,24,31,4,1,17,30,7,4,1.008009920586102,34.57292655492801
550,2149,0.807,0.539,0.1634816744790153,0.42044827578641597,24,31,4,1,18,30,7,4,0.9704483499908689,33.7391922177261
550,2150,0.78,0.5,0.19799576913253814,0.44624889335933915,24,31,4,1,19,30,7,4,0.9264987857520376,32.66091272167381
550,2151,0.747,0.454,0.23861815319531088,0.4767405075671224,24,31,4,1,20,30,7,4,0.8741424369060228,31.289744304648227
550,2152,0.706,0.4,0.28451393917361345,0.5108962084043374,24,31,4,1,21,30,7,4,0.8114406940744345,29.53468677854198
550,2153,0.654,0.333,0.3349979275585644,0.5472958932869946,24,31,4,1,22,30,7,4,0.7338971317562155,26.984025643340708
550,2154,0.588,0.25,0.3898590556397714,0.5843968953144465,24,31,4,1,23,30,7,4,0.6389397467680344,23.033744911533702
550,2155,0.5,0.143,0.44899814287130546,0.618621684417303,24,31,4,1,24,30,7,4,0.5200471132503285,15.960529492624033
550,2156,0.407,0.286,0.497642010123134,0.6421914483327591,24,31,4,1,25,30,7,4,0.49743843840218055,35.09581678702612
550,2157,0.352,0.429,0.5083962112879703,0.6470235111262306,24,31,4,1,26,30,7,4,0.5549279232476952,50.63068275763526
550,2158,0.347,0.572,0.4763636705932546,0.6273074037896889,24,31,4,1,27,30,7,4,0.6690239158654943,58.757183944032064
550,2159,0.383,0.714,0.37585575793577763,0.5707494378208307,24,31,4,1,28,30,7,4,0.810237619467277,61.790243054975896
550,2160,0.44,0.857,0.2111663000312265,0.47700178062998533,24,31,4,1,29,30,7,4,0.9633529986458754,62.82317869810156
550,2161,0.861,0.667,0.07300525430888105,0.3637017772477551,24,31,4,1,10,31,7,4,1.0891326824588454,37.764249475207784
550,2162,0.848,0.65,0.0839326562621151,0.3717662887830906,24,31,4,1,11,31,7,4,1.0684587029923056,37.47050530740488
550,2163,0.834,0.632,0.09726504495824406,0.38138960917953824,24,31,4,1,12,31,7,4,1.0464129204095294,37.15462203514566
550,2164,0.817,0.611,0.11362795882081023,0.3929801117842001,24,31,4,1,13,31,7,4,1.0202009605955091,36.7912718460336
550,2165,0.798,0.589,0.1338348671066959,0.4070737781023144,24,31,4,1,14,31,7,4,0.9918291183465022,36.430858120162355
550,2166,0.776,0.563,0.15883464812240766,0.42435876107602644,24,31,4,1,15,31,7,4,0.9587205015018715,35.96146569234087
550,2167,0.752,0.534,0.18971642941001665,0.44567038383237356,24,31,4,1,16,31,7,4,0.9223123115301021,35.37880409413105
550,2168,0.723,0.5,0.22766287580692213,0.4719073412894452,24,31,4,1,17,31,7,4,0.8790500554575945,34.66629746801492
550,2169,0.689,0.462,0.2736325551278206,0.5038065235268885,24,31,4,1,18,31,7,4,0.8295571107524785,33.84331565137704
550,2170,0.65,0.417,0.3275560754045349,0.5415826738169758,24,31,4,1,19,31,7,4,0.7722622611522592,32.68173299004237
550,2171,0.603,0.364,0.3880712803188756,0.5846467270009132,24,31,4,1,20,31,7,4,0.7043472155123494,31.117214547070404
550,2172,0.547,0.3,0.45331465742019805,0.6317973453657686,24,31,4,1,21,31,7,4,0.6238661715464303,28.74239291509439
550,2173,0.478,0.222,0.5229198809983987,0.6817913744305234,24,31,4,1,22,31,7,4,0.5270370005986297,24.911811927852344
550,2174,0.393,0.125,0.5979774436303278,0.7327827538215899,24,31,4,1,23,31,7,4,0.4124002909795288,17.644106387842903
550,2175,0.289,0,0.6756500633275313,0.7789147156345351,24,31,4,1,24,31,7,4,0.289,0
550,2176,0.215,0.143,0.7253011560992204,0.806614811207654,24,31,4,1,25,31,7,4,0.25821309029559286,33.62852535897801
550,2177,0.212,0.286,0.7269122123234251,0.7992323014314457,24,31,4,1,26,31,7,4,0.35600561793320057,53.451985369554706
550,2178,0.26,0.429,0.6598124327496595,0.747218957405857,24,31,4,1,27,31,7,4,0.5016383159209432,58.781597235653635
550,2179,0.325,0.572,0.5161834086186776,0.6550145214706423,24,31,4,1,28,31,7,4,0.6578822083017597,60.39554925399509
550,2180,0.428,0.715,0.3404064153974533,0.5503746372181856,24,31,4,1,29,31,7,4,0.8333120663952971,59.09520185369516
550,2181,0.614,0.857,0.1342805403051338,0.43014017665081505,24,31,4,1,30,31,7,4,1.0542509188992912,54.3801913641064
550,2182,0.783,0.682,0.1138801060700999,0.40199019144492365,24,31,4,1,10,32,7,4,1.0383703578203685,41.056156001137964
550,2183,0.765,0.667,0.13080644650197182,0.4140095717054385,24,31,4,1,11,32,7,4,1.0149453187241173,41.08502436995758
550,2184,0.743,0.65,0.1513021285733105,0.42825194567797953,24,31,4,1,12,32,7,4,0.9871924837639314,41.1804653048997
550,2185,0.72,0.632,0.17621507720476082,0.44524898230545695,24,31,4,1,13,32,7,4,0.9580313147282817,41.275942027251716
550,2186,0.693,0.611,0.20653089739360797,0.46566504951198107,24,31,4,1,14,32,7,4,0.9238885214137038,41.40178239126748
550,2187,0.663,0.588,0.24342089815612733,0.4902967328757306,24,31,4,1,15,32,7,4,0.8861788758484372,41.569107787105956
550,2188,0.629,0.563,0.28812772618569893,0.520020048208121,24,31,4,1,16,32,7,4,0.8441623066685695,41.830818663492956
550,2189,0.591,0.533,0.3416442352668899,0.5556407621667203,24,31,4,1,17,32,7,4,0.7958454623857574,42.04607616938575
550,2190,0.546,0.5,0.40399577488278027,0.5976300284324092,24,31,4,1,18,32,7,4,0.7403485665549708,42.481922795833796
550,2191,0.496,0.461,0.47400596364072334,0.6458495886022204,24,31,4,1,19,32,7,4,0.677153601481968,42.90547658412468
550,2192,0.437,0.417,0.5497125446364456,0.6995307380506501,24,31,4,1,20,32,7,4,0.6040347672112922,43.658423696453625
550,2193,0.368,0.364,0.6302079580277329,0.7576737015180869,24,31,4,1,21,32,7,4,0.5176098917138273,44.68691142497935
550,2194,0.287,0.3,0.7166342653836886,0.8192004675572038,24,31,4,1,22,32,7,4,0.41517345772580405,46.26869402948583
550,2195,0.192,0.222,0.8103342563854451,0.8798464721818768,24,31,4,1,23,32,7,4,0.2935097954072402,49.1446237411043
550,2196,0.098,0.125,0.8947950216560155,0.9140033416560402,24,31,4,1,24,32,7,4,0.15883639381451595,51.90355391972503
550,2197,0.107,0.25,0.8929470264027219,0.8733442133539895,24,31,4,1,25,32,7,4,0.27193565415369864,66.82907523964018
550,2198,0.212,0.375,0.7526857184462277,0.785822130071612,24,31,4,1,26,32,7,4,0.4307772045965292,60.51907666063567
550,2199,0.374,0.5,0.5766579633735289,0.6766788378597783,24,31,4,1,27,32,7,4,0.624400512491782,53.20351138447221
550,2200,0.554,0.625,0.3921613783714436,0.5565088785260339,24,31,4,1,28,32,7,4,0.8351892001217449,48.446220074292086
550,2201,0.749,0.75,0.20826242851192645,0.43650912970714617,24,31,4,1,29,32,7,4,1.0599533008581086,45.038222662450636
550,2202,0.935,0.876,0.052064554971681165,0.3291542374366645,24,31,4,1,30,32,7,4,1.281249780487786,43.13403877322302
550,2203,1,1,0,0.2928932188134524,24,31,4,1,31,32,7,4,1.4142135623730951,45
550,2204,0.69,0.696,0.163951277250991,0.44189004993012926,24,31,4,1,10,33,7,4,0.9800591818864818,45.2480321281565
550,2205,0.665,0.682,0.18747738568055783,0.45746724883691947,24,31,4,1,11,33,7,4,0.9525486864197547,45.72307092953991
550,2206,0.638,0.667,0.21556742032954113,0.4757037450778884,24,31,4,1,12,33,7,4,0.9230021668446938,46.27303002005671
550,2207,0.609,0.65,0.2490917579997649,0.4971359639437527,24,31,4,1,13,33,7,4,0.8907193721930606,46.865208150113794
550,2208,0.576,0.632,0.2890393784774842,0.522377170531684,24,31,4,1,14,33,7,4,0.855102333057278,47.65419551340662
550,2209,0.539,0.611,0.33637844125628236,0.5520681590518446,24,31,4,1,15,33,7,4,0.814764996793554,48.58253790242147
550,2210,0.499,0.588,0.3917771463690729,0.586755458619288,24,31,4,1,16,33,7,4,0.771197121363922,49.68074981139639
550,2211,0.454,0.563,0.45515388244833943,0.626665842373112,24,31,4,1,17,33,7,4,0.7232461545006652,51.11749279586184
550,2212,0.404,0.533,0.5251818584668562,0.6713857379134494,24,31,4,1,18,33,7,4,0.6688086422886594,52.83882847233297
550,2213,0.35,0.5,0.5996425223440063,0.7195207565723606,24,31,4,1,19,33,7,4,0.6103277807866851,55.00797980144134
550,2214,0.29,0.462,0.676032893624342,0.7683200074577756,24,31,4,1,20,33,7,4,0.545475938974397,57.88327651326857
550,2215,0.225,0.416,0.7525201036198724,0.8126606342506266,24,31,4,1,21,33,7,4,0.47294925732048676,61.59257886478571
550,2216,0.157,0.364,0.8265294021498458,0.8419974435252896,24,31,4,1,22,33,7,4,0.39641518638921996,66.66856094780988
550,2217,0.09,0.3,0.882023591891541,0.8391607517877421,24,31,4,1,23,33,7,4,0.3132091952673165,73.30075576600639
550,2218,0.146,0.222,0.813412029897977,0.7967197211335677,24,31,4,1,24,33,7,4,0.26570660511172844,56.668774000368956
550,2219,0.29,0.333,0.6957171816292207,0.7256260571469597,24,31,4,1,25,33,7,4,0.4415755880933637,48.948342499596436
550,2220,0.443,0.445,0.5480503276028098,0.6375580001928428,24,31,4,1,26,33,7,4,0.6279124142744751,45.1290443302547
550,2221,0.602,0.556,0.39068422876648023,0.5403755704249619,24,31,4,1,27,33,7,4,0.8194754419749258,42.72519786964159
550,2222,0.761,0.667,0.23575854156443155,0.44356702230844425,24,31,4,1,28,33,7,4,1.0119337923006624,41.23386249910143
550,2223,0.903,0.778,0.09909297365059788,0.3588066700693835,24,31,4,1,29,33,7,4,1.1919282696538411,40.74728412125749
550,2224,0.989,0.889,0.012986025126354717,0.3032629556542249,24,31,4,1,30,33,7,4,1.3298278084022759,41.951985091242996
550,2225,1,1,0,0.2928932188134524,24,31,4,1,31,33,7,4,1.4142135623730951,45
550,2227,0.593,0.708,0.21774542349561876,0.47881693561423144,24,31,4,1,10,34,7,4,0.9235328905891765,50.05144791641503
550,2228,0.565,0.696,0.24688943814060094,0.4968329583702056,24,31,4,1,11,34,7,4,0.8964602612497666,50.93094313787497
550,2229,0.534,0.682,0.2808985970853425,0.5175360048375703,24,31,4,1,12,34,7,4,0.8661870467745405,51.93936846229865
550,2230,0.502,0.667,0.32041976697319285,0.5413000836595909,24,31,4,1,13,34,7,4,0.834801173933051,53.03401464917519
550,2231,0.467,0.65,0.3659677592363443,0.5684527973506999,24,31,4,1,14,34,7,4,0.8003680403414419,54.304207894693135
550,2232,0.429,0.632,0.417687485959368,0.5991584753817885,24,31,4,1,15,34,7,4,0.7638488070292445,55.831438540714956
550,2233,0.389,0.611,0.4750778512652043,0.6332097631373437,24,31,4,1,16,34,7,4,0.7243217517098323,57.51667391443391
550,2234,0.348,0.588,0.536589172775702,0.6697040415916724,24,31,4,1,17,34,7,4,0.6832627605833644,59.381394591090604
550,2235,0.304,0.563,0.5994659477534355,0.7066164825654613,24,31,4,1,18,34,7,4,0.6398320092024156,61.63252958491876
550,2236,0.261,0.533,0.6600975406543153,0.7403412129662961,24,31,4,1,19,34,7,4,0.5934728300436339,63.909884120245074
550,2237,0.219,0.5,0.7137085895582043,0.7653889755753878,24,31,4,1,20,34,7,4,0.5458580401532984,66.3465812429504
550,2238,0.183,0.462,0.7528896868014139,0.7749024105201016,24,31,4,1,21,34,7,4,0.4969235353653518,68.39128859711622
550,2239,0.153,0.416,0.7593203658639179,0.7631543202808715,24,31,4,1,22,34,7,4,0.4432437252798961,69.80706021985452
550,2240,0.19,0.364,0.6985781499278124,0.7288758145301134,24,31,4,1,23,34,7,4,0.41060443251382467,62.43643067284288
550,2241,0.329,0.3,0.6039282275644062,0.6753723169560824,24,31,4,1,24,34,7,4,0.44524263048364987,42.36025153203445
550,2242,0.471,0.4,0.4906183784665522,0.6079491857949736,24,31,4,1,25,34,7,4,0.6179328442476577,40.339809666088
550,2243,0.615,0.5,0.36608320770527636,0.5321801573927718,24,31,4,1,26,34,7,4,0.7926064597263891,39.111391253954345
550,2244,0.753,0.6,0.2406990982523367,0.454195080080928,24,31,4,1,27,34,7,4,0.9628130659686749,38.54828376328057
550,2245,0.875,0.7,0.12708101376281866,0.38216767237496563,24,31,4,1,28,34,7,4,1.1205467415507486,38.65980825409009
550,2246,0.963,0.8,0.0409634174743293,0.32596171288113973,24,31,4,1,29,34,7,4,1.2519460851011117,39.717676224345546
550,2247,0.998,0.9,0.002495083690239208,0.2966663241347617,24,31,4,1,30,34,7,4,1.3438764824194225,42.04425473533527
550,2248,1,1,0,0.2928932188134524,24,31,4,1,31,34,7,4,1.4142135623730951,45
550,2251,0.506,0.72,0.2683100527781468,0.5099223085878386,24,31,4,1,10,35,7,4,0.8800204543077393,54.90130373868175
550,2252,0.477,0.708,0.3005972232616345,0.5288613417685277,24,31,4,1,11,35,7,4,0.8536937389954316,56.03071548597392
550,2253,0.448,0.696,0.33716505666528596,0.5500496514567053,24,31,4,1,12,35,7,4,0.8277197593388719,57.23150092123018
550,2254,0.417,0.682,0.3781171758044414,0.5735509537211875,24,31,4,1,13,35,7,4,0.7993828869822021,58.556843498975525
550,2255,0.386,0.667,0.4232003432892719,0.5992289961859719,24,31,4,1,14,35,7,4,0.7706393449597548,59.9415766046248
550,2256,0.354,0.65,0.47155195355700985,0.6265822776345045,24,31,4,1,15,35,7,4,0.7401459315567438,61.42660898069361
550,2257,0.323,0.632,0.5215373067965259,0.6545076400571392,24,31,4,1,16,35,7,4,0.7097555917356341,62.92951712406077
550,2258,0.293,0.611,0.5704492056627279,0.681028092547133,24,31,4,1,17,35,7,4,0.6776208379322466,64.38033792738645
550,2259,0.266,0.588,0.6144843803113773,0.7031230646647247,24,31,4,1,18,35,7,4,0.6453681120105021,65.65891006330749
550,2260,0.242,0.563,0.6487049185555005,0.7169451813781149,24,31,4,1,19,35,7,4,0.6128074738447631,66.74002555921251
550,2261,0.222,0.533,0.6665701559910377,0.7187004034420346,24,31,4,1,20,35,7,4,0.5773846205087212,67.38776838251833
550,2262,0.205,0.5,0.6577219079653667,0.7059461702491994,24,31,4,1,21,35,7,4,0.5403933752369656,67.70637084030592
550,2263,0.226,0.462,0.609296065115982,0.6783220150750493,24,31,4,1,22,35,7,4,0.5143150785267724,63.93316043553566
550,2264,0.347,0.417,0.5292426294782546,0.6372115976621687,24,31,4,1,23,35,7,4,0.5424923962600766,50.23499707148629
550,2265,0.481,0.364,0.4365215226234783,0.5851278867766929,24,31,4,1,24,35,7,4,0.6032056034222494,37.116860683270275
550,2266,0.613,0.454,0.3365917869068211,0.52544775429945,24,31,4,1,25,35,7,4,0.7628138698267094,36.524384548102034
550,2267,0.738,0.546,0.2354666958269549,0.46233563757733476,24,31,4,1,26,35,7,4,0.9180196076337368,36.495420759121195
550,2268,0.849,0.637,0.14156395858615578,0.40099192409479467,24,31,4,1,27,35,7,4,1.0614000188430373,36.88069391093446
550,2269,0.935,0.727,0.06442687420116644,0.34811908478858955,24,31,4,1,28,35,7,4,1.1843791622618156,37.86649790182477
550,2270,0.985,0.819,0.015659879914911357,0.3109512421634478,24,31,4,1,29,35,7,4,1.2810097579643958,39.74257725711318
550,2271,1,0.909,5.529728975200987e-4,0.29458762745866907,24,31,4,1,30,35,7,4,1.35139964481274,42.270837050918736
550,2272,1,1,0,0.2928932188134524,24,31,4,1,31,35,7,4,1.4142135623730951,45
550,2367,1,1,0,0.2928932188134524,24,31,4,1,10,24,10,4,1.4142135623730951,45
550,2368,1,1,0,0.2928932188134524,24,31,4,1,11,24,10,4,1.4142135623730951,45
550,2369,1,1,0,0.2928932188134524,24,31,4,1,12,24,10,4,1.4142135623730951,45
550,2370,1,1,0,0.2928932188134524,24,31,4,1,13,24,10,4,1.4142135623730951,45
550,2371,1,1,0,0.2928932188134524,24,31,4,1,14,24,10,4,1.4142135623730951,45
550,2372,1,1,0,0.2928932188134524,24,31,4,1,15,24,10,4,1.4142135623730951,45
550,2373,1,1,0,0.2928932188134524,24,31,4,1,16,24,10,4,1.4142135623730951,45
550,2374,1,1,0,0.2928932188134524,24,31,4,1,17,24,10,4,1.4142135623730951,45
550,2375,1,1,0,0.2928932188134524,24,31,4,1,18,24,10,4,1.4142135623730951,45
550,2376,1,1,0,0.2928932188134524,24,31,4,1,19,24,10,4,1.4142135623730951,45
550,2377,1,1,0,0.2928932188134524,24,31,4,1,20,24,10,4,1.4142135623730951,45
550,2378,1,1,0,0.2928932188134524,24,31,4,1,21,24,10,4,1.4142135623730951,45
550,2379,1,1,0,0.2928932188134524,24,31,4,1,22,24,10,4,1.4142135623730951,45
550,2380,1,1,0,0.2928932188134524,24,31,4,1,23,24,10,4,1.4142135623730951,45
550,2381,1,0.953,4.096600775116421e-5,0.29293290352394197,24,31,4,1,10,25,10,4,1.3813793830805496,43.62141221053497
550,2382,1,0.95,4.659974988896476e-5,0.2929394522395137,24,31,4,1,11,25,10,4,1.379311422413372,43.53119928561418
550,2383,1,0.948,5.320838090427937e-5,0.29294766719254517,24,31,4,1,12,25,10,4,1.3779346864057092,43.470907000688804
550,2384,1,0.945,6.091271936403686e-5,0.29295815517636503,24,31,4,1,13,25,10,4,1.3758724504836921,43.38024250274473
550,2385,1,0.942,7.021752893654476e-5,0.292971852453379,24,31,4,1,14,25,10,4,1.3738136700440857,43.289306039103366
550,2386,1,0.938,8.109427473446118e-5,0.2929902644636734,24,31,4,1,15,25,10,4,1.3710740315533658,43.16763304046667
550,2387,1,0.934,9.377687118072853e-5,0.29301590795691523,24,31,4,1,16,25,10,4,1.3683406008739198,43.045473375173806
550,2388,1,0.929,1.082377771209897e-4,0.2930531599252415,24,31,4,1,17,25,10,4,1.3649325990685401,42.8920866639288
550,2389,1,0.924,1.2530847330005646e-4,0.29311000668412146,24,31,4,1,18,25,10,4,1.3615344285033706,42.73793318624221
550,2390,1,0.917,1.4574324943261718e-4,0.29320193182940935,24,31,4,1,19,25,10,4,1.3567936468011634,42.52082345847564
550,2391,1,0.909,1.692308682150756e-4,0.29336104148390374,24,31,4,1,20,25,10,4,1.35139964481274,42.270837050918736
550,2392,1,0.9,1.9536199456426928e-4,0.2936594083255045,24,31,4,1,21,25,10,4,1.3453624047073711,41.98721249581666
550,2393,1,0.889,2.2177165719539094e-4,0.29427502916083303,24,31,4,1,22,25,10,4,1.3380287739805896,41.63709543013025
550,2394,0.999,0.876,2.502816552603093e-4,0.2956228973833246,24,31,4,1,23,25,10,4,1.3286749038045387,41.24677452634258
550,2395,0.999,0.857,2.7285685601963205e-4,0.29763249322215657,24,31,4,1,24,25,10,4,1.3162256645423687,40.624902299009705
550,2396,0.999,0.905,8.928742371869802e-4,0.2937118114775138,24,31,4,1,10,26,10,4,1.3479710679387744,42.17361663502773
550,2397,0.999,0.9,0.001012863609452963,0.2938314118434524,24,31,4,1,11,26,10,4,1.3446192769702507,42.015717856406624
550,2398,0.998,0.895,0.0011564420287821786,0.29397873373682326,24,31,4,1,12,26,10,4,1.3405331029109278,41.88555111403898
550,2399,0.998,0.889,0.0013246320708982795,0.29416329673061103,24,31,4,1,13,26,10,4,1.3365346983898323,41.694060517722356
550,2400,0.998,0.883,0.0015232022509140686,0.2943993821716825,24,31,4,1,14,26,10,4,1.3325513123328496,41.501422915984314
550,2401,0.998,0.876,0.0017629522675336462,0.29470899057054445,24,31,4,1,15,26,10,4,1.3279231905498148,41.27522143439139
550,2402,0.997,0.867,0.0020499682097168126,0.2951267973942179,24,31,4,1,16,26,10,4,1.3212486518441562,41.010509656890456
550,2403,0.997,0.857,0.0023930483989959006,0.2957085874609894,24,31,4,1,17,26,10,4,1.3147083326730686,40.68165332935897
550,2404,0.996,0.847,0.002818246705683758,0.29654583301459925,24,31,4,1,18,26,10,4,1.3074498078320254,40.377892621577864
550,2405,0.995,0.834,0.0033396345233881464,0.29779003082506483,24,31,4,1,19,26,10,4,1.2982992721248827,39.969434314718825
550,2406,0.994,0.819,0.003942160106316428,0.29968655253104415,24,31,4,1,20,26,10,4,1.287942933518407,39.486599971332446
550,2407,0.993,0.8,0.004636701335689608,0.3025936315266746,24,31,4,1,21,26,10,4,1.2751662636691734,38.856290255030515
550,2408,0.991,0.778,0.005381641866277764,0.3068642021941258,24,31,4,1,22,26,10,4,1.259906742580577,38.13423880259959
550,2409,0.987,0.75,0.00614797246966492,0.3123609298045511,24,31,4,1,23,26,10,4,1.2396245399313455,37.230418121890686
550,2410,0.98,0.715,0.006869751231872168,0.31772003445518204,24,31,4,1,24,26,10,4,1.2131055189059194,36.11418510581392
550,2411,0.964,0.857,0.0068611076882375555,0.3190214456418704,24,31,4,1,25,26,10,4,1.2898623957616564,41.637228222704245
550,2412,0.992,0.858,0.0053457989195506705,0.2974521058583336,24,31,4,1,10,27,10,4,1.3115746261650536,40.85716228693481
550,2413,0.991,0.85,0.006116276205882287,0.2980683125897039,24,31,4,1,11,27,10,4,1.3055960324694618,40.62033453115684
550,2414,0.99,0.843,0.0070390886683021625,0.29882066215345426,24,31,4,1,12,27,10,4,1.300288045011566,40.41489762149137
550,2415,0.989,0.834,0.008150682945415988,0.29975388024445926,24,31,4,1,13,27,10,4,1.2937066900963294,40.14013290648475
550,2416,0.988,0.824,0.009493496258544232,0.300932822313679,24,31,4,1,14,27,10,4,1.2865146715059257,39.828379920484316
550,2417,0.986,0.813,0.011098223918331485,0.30245258523827945,24,31,4,1,15,27,10,4,1.277953442031438,39.507068579627976
550,2418,0.984,0.8,0.013018901835337715,0.3044528924879675,24,31,4,1,16,27,10,4,1.2681703355622225,39.111391253954345
550,2419,0.982,0.786,0.015298295431108833,0.30713655018351904,24,31,4,1,17,27,10,4,1.257823517032497,38.67403616030697
550,2420,0.979,0.769,0.017947602613054836,0.3107866505832779,24,31,4,1,18,27,10,4,1.244910438545681,38.14947168831697
550,2421,0.975,0.75,0.020978835454261824,0.315760075409799,24,31,4,1,19,27,10,4,1.2300914600142545,37.568592028827496
550,2422,0.97,0.727,0.024298853307373247,0.3223986849217978,24,31,4,1,20,27,10,4,1.2122000659957084,36.850991268205505
550,2423,0.963,0.7,0.027800584174207832,0.33078531508715536,24,31,4,1,21,27,10,4,1.1905330738790922,36.01322016374927
550,2424,0.954,0.667,0.03128336040604651,0.34042450991139817,24,31,4,1,22,27,10,4,1.1640468203641983,34.959761335326114
550,2425,0.94,0.625,0.03494442750590643,0.3501913226447635,24,31,4,1,23,27,10,4,1.1288157511303605,33.619679625870184
550,2426,0.917,0.572,0.03874899352768624,0.35830563491062006,24,31,4,1,24,27,10,4,1.0807742595010301,31.954808288341393
550,2427,0.882,0.714,0.040844093503105694,0.36156552408222664,24,31,4,1,25,27,10,4,1.1347775112329288,38.99099404250548
550,2428,0.841,0.858,0.031710823972760815,0.35218611100979547,24,31,4,1,26,27,10,4,1.2014345591833122,45.57327589631289
550,2429,0.973,0.81,0.017766044044640328,0.30721420559628476,24,31,4,1,10,28,10,4,1.2660288306353848,39.77659871431735
550,2430,0.971,0.8,0.02022738973882121,0.30903936979305346,24,31,4,1,11,28,10,4,1.2581100905723632,39.48486735084157
550,2431,0.967,0.79,0.02312835138183622,0.31124918331760243,24,31,4,1,12,28,10,4,1.2486748976414959,39.24743667033005
550,2432,0.964,0.778,0.02656036378804494,0.31395993992703153,24,31,4,1,13,28,10,4,1.2387816595348835,38.90540136713721
550,2433,0.96,0.765,0.0306654053643175,0.3173310682966952,24,31,4,1,14,28,10,4,1.2275280037538858,38.550465296157725
550,2434,0.955,0.75,0.035587892755704176,0.32157816703566366,24,31,4,1,15,28,10,4,1.2143002099975113,38.14397594479468
550,2435,0.949,0.733,0.04145155206403517,0.3269822005890246,24,31,4,1,16,28,10,4,1.1991205110413214,37.68221039827987
550,2436,0.942,0.714,0.04843891036204506,0.33388108723762844,24,31,4,1,17,28,10,4,1.1820152283282985,37.16073666819457
550,2437,0.934,0.693,0.05658101170060592,0.3426156258437496,24,31,4,1,18,28,10,4,1.1630154771111174,36.57430725276038
550,2438,0.923,0.667,0.06574639710831054,0.3533930669892281,24,31,4,1,19,28,10,4,1.1387791708667665,35.853514945432934
550,2439,0.91,0.637,0.07558892962403463,0.3660807182514626,24,31,4,1,20,28,10,4,1.110796561031767,34.99202019855866
550,2440,0.893,0.6,0.08573881654509874,0.38009779169101576,24,31,4,1,21,28,10,4,1.0758480375963886,33.8968572734072
550,2441,0.87,0.556,0.09627545869144527,0.39460156807168156,24,31,4,1,22,28,10,4,1.0324901936580317,32.58185106481098
550,2442,0.838,0.5,0.10737965851831477,0.40861016640157843,24,31,4,1,23,28,10,4,0.9758299032105954,30.822783018100026
550,2443,0.791,0.429,0.11920538548755477,0.4201737033958869,24,31,4,1,24,28,10,4,0.8998455423015663,28.473254957334863
550,2444,0.735,0.572,0.1262282875508628,0.42509663272278575,24,31,4,1,25,28,10,4,0.9313479478691086,37.8911704232958
550,2445,0.682,0.715,0.11670936561249279,0.418899522322597,24,31,4,1,26,28,10,4,0.9881037394929745,46.35319195377969
550,2446,0.644,0.858,0.08050130810756373,0.39350015485139034,24,31,4,1,27,28,10,4,1.072800074571213,53.1087392755363
550,2447,0.936,0.762,0.04149465196788671,0.3268314243653744,24,31,4,1,10,29,10,4,1.206954845882811,39.14912366727072
550,2448,0.93,0.75,0.047247004192764064,0.3309803476313117,24,31,4,1,11,29,10,4,1.1947384651043926,38.884496433714595
550,2449,0.923,0.737,0.05408452771793215,0.33596008445787096,24,31,4,1,12,29,10,4,1.181142667081331,38.60677766542623
550,2450,0.915,0.722,0.06229505064393326,0.3419933058751804,24,31,4,1,13,29,10,4,1.1655509426876203,38.27594839697946
550,2451,0.905,0.706,0.07215711723816676,0.3493629609129245,24,31,4,1,14,29,10,4,1.1478070395323423,37.95816688987634
550,2452,0.895,0.688,0.08394622518965766,0.358411637503654,24,31,4,1,15,29,10,4,1.128879532988352,37.55002466911674
550,2453,0.883,0.667,0.09783183936351858,0.3695160253997226,24,31,4,1,16,29,10,4,1.106606524470193,37.066647244939105
550,2454,0.868,0.643,0.11380210507519306,0.3830141844591177,24,31,4,1,17,29,10,4,1.08021895928557,36.53043393706172
550,2455,0.851,0.616,0.13186078666327938,0.39907192712726236,24,31,4,1,18,29,10,4,1.0505508079098318,35.89906056550065
550,2456,0.83,0.583,0.15194655590450123,0.41752764280994814,24,31,4,1,19,29,10,4,1.0142923641633117,35.08457448282712
550,2457,0.804,0.546,0.17421511833433845,0.4378505057030848,24,31,4,1,20,29,10,4,0.9718703617252664,34.18060159802124
550,2458,0.772,0.5,0.19872399010590958,0.4593249578160167,24,31,4,1,21,29,10,4,0.9197738852565885,32.929854510612074
550,2459,0.73,0.445,0.22605297452896234,0.4812048290229536,24,31,4,1,22,29,10,4,0.8549415184677838,31.366027210595636
550,2460,0.675,0.375,0.2561003486579514,0.5022007527490551,24,31,4,1,23,29,10,4,0.7721722605740251,29.054604099077146
550,2461,0.604,0.286,0.2867232363408493,0.5193162736198331,24,31,4,1,24,29,10,4,0.6682903560579039,25.338019959152945
550,2462,0.538,0.429,0.30279423513194936,0.5278754435487677,24,31,4,1,25,29,10,4,0.6881024633003431,38.56878008360794
550,2463,0.494,0.572,0.2943338712277237,0.5234754374979013,24,31,4,1,26,29,10,4,0.7557909763949289,49.18491612511841
550,2464,0.477,0.715,0.2563022287826582,0.5025687178776623,24,31,4,1,27,29,10,4,0.85950799879931306,56.29144400111785
550,2465,0.484,0.858,0.16764075236813147,0.4509058438569439,24,31,4,1,28,29,10,4,0.9850989797984768,60.57254359681026
550,2466,0.874,0.714,0.08158301077748986,0.3612595262515689,24,31,4,1,10,30,10,4,1.1285707775766658,39.24654219754501
550,2467,0.862,0.7,0.09319600137616724,0.3693476002959438,24,31,4,1,11,30,10,4,1.1104251438075419,39.07884164574346
550,2468,0.85,0.684,0.10704574968447067,0.3789583014079225,24,31,4,1,12,30,10,4,1.0910343715942226,38.82383809371639
550,2469,0.836,0.667,0.12354818736791029,0.39043830396836,24,31,4,1,13,30,10,4,1.069478845045567,38.584507185351185
550,2470,0.819,0.647,0.14310344746150505,0.4041870934411216,24,31,4,1,14,30,10,4,1.0437288920021328,38.30830481421675
550,2471,0.801,0.625,0.16619553676811216,0.42062190607266603,24,31,4,1,15,30,10,4,1.0159852361132027,37.96401362357674
550,2472,0.78,0.6,0.19323723133627324,0.44009874768865975,24,31,4,1,16,30,10,4,0.9840731680114035,37.568592028827496
550,2473,0.755,0.572,0.2245758917205366,0.46278454859171525,24,31,4,1,17,30,10,4,0.9472111696976551,37.148147765967735
550,2474,0.726,0.539,0.259979205545142,0.48851839332722835,24,31,4,1,18,30,10,4,0.9042107055327314,36.59108826739929
550,2475,0.692,0.5,0.29897284406384084,0.5167594556739465,24,31,4,1,19,30,10,4,0.8537353219821703,35.84974322198513
550,2476,0.651,0.454,0.3407103971682487,0.5466995987786527,24,31,4,1,20,30,10,4,0.7936731065117427,34.89148063910359
550,2477,0.601,0.4,0.3847893762046565,0.5773889976358778,24,31,4,1,21,30,10,4,0.7219425184874486,33.6460446537261
550,2478,0.539,0.333,0.43132540126377317,0.607424587628592,24,31,4,1,22,30,10,4,0.6335692543045315,31.708218537065054
550,2479,0.459,0.25,0.48006997009602526,0.633999255785425,24,31,4,1,23,30,10,4,0.5226671981289815,28.575464538533055
550,2480,0.382,0.143,0.5192312878414433,0.6523902749215799,24,31,4,1,24,30,10,4,0.4078884651470301,20.52316385761904
550,2481,0.338,0.286,0.5284204945563258,0.65763296080668,24,31,4,1,25,30,10,4,0.44276404551408644,40.23635830927382
550,2482,0.332,0.429,0.5082982932027634,0.6461869421535589,24,31,4,1,26,30,10,4,0.5424619802345598,52.26397107933322
550,2483,0.356,0.572,0.4477806376721143,0.6126340317571178,24,31,4,1,27,30,10,4,0.6737358532837627,58.10278994126246
550,2484,0.399,0.714,0.33656612678791586,0.54949656522587,24,31,4,1,28,30,10,4,0.8179223679543187,60.80251395393553
550,2485,0.449,0.857,0.18831426378147176,0.463648728122558,24,31,4,1,29,30,10,4,0.9674967700204482,62.34902849226343
550,2486,0.784,0.667,0.1421526355894479,0.4126788867965395,24,31,4,1,10,31,10,4,1.0293420228476053,40.389983455252505
550,2487,0.767,0.65,0.16226568368911365,0.4263361056415026,24,31,4,1,11,31,10,4,1.0053800276512361,40.279863068956445
550,2488,0.747,0.632,0.1859713379144018,0.44236679402848544,24,31,4,1,12,31,10,4,0.9784850535393987,40.232919806036456
550,2489,0.725,0.611,0.21391620689891333,0.4612088077278169,24,31,4,1,13,31,10,4,0.9481276285395337,40.12280309164621
550,2490,0.7,0.589,0.24670088323235628,0.4833111141369979,24,31,4,1,14,31,10,4,0.9148338646989408,40.078215151006496
550,2491,0.673,0.563,0.28487733931225845,0.5090635815054628,24,31,4,1,15,31,10,4,0.8774383169203406,39.914259876771624
550,2492,0.641,0.534,0.32847161822642446,0.5386910296300205,24,31,4,1,16,31,10,4,0.8342883194675568,39.79677800155567
550,2493,0.605,0.5,0.37702364313364434,0.5721410158355347,24,31,4,1,17,31,10,4,0.7848726011270875,39.57190281388927
550,2494,0.563,0.462,0.42945773083179895,0.6090345536591921,24,31,4,1,18,31,10,4,0.728294583255979,39.37243614383485
550,2495,0.515,0.417,0.4848478591077695,0.6487417962387453,24,31,4,1,19,31,10,4,0.6626567739033534,38.99739437531097
550,2496,0.459,0.364,0.5430323854367364,0.6905101076380551,24,31,4,1,20,31,10,4,0.5858131101298434,38.415412916215594
550,2497,0.392,0.3,0.6043328722473449,0.7333129414908506,24,31,4,1,21,31,10,4,0.4936233381840855,37.4270513594566
550,2498,0.311,0.222,0.6680942363518187,0.7748952148426065,24,31,4,1,22,31,10,4,0.3821060062338722,35.520246767409304
550,2499,0.223,0.125,0.7305966190239503,0.8097293876206041,24,31,4,1,23,31,10,4,0.25564428411368795,29.272292183499694
550,2500,0.185,0,0.7587377955028667,0.8272555868110516,24,31,4,1,24,31,10,4,0.185,0
550,2501,0.201,0.143,0.7482056555275753,0.8157520717312311,24,31,4,1,25,31,10,4,0.2466779276708802,35.42967456548878
550,2502,0.246,0.286,0.6886949525594575,0.7713082477702982,24,31,4,1,26,31,10,4,0.3772426274958863,49.299862820192075
550,2503,0.3,0.429,0.5768800489117738,0.6982604363369469,24,31,4,1,27,31,10,4,0.5234892549040524,55.034879226466444
550,2504,0.373,0.572,0.4366152108447824,0.6097116463942194,24,31,4,1,28,31,10,4,0.6828711445067802,56.89171365156647
550,2505,0.487,0.715,0.2786722970466762,0.5173146923318891,24,31,4,1,29,31,10,4,0.8650976823457568,55.74048371420569
550,2506,0.664,0.857,0.10561506013790023,0.4103301667435867,24,31,4,1,30,31,10,4,1.0841332943877335,52.23162596042065
550,2507,0.668,0.682,0.22282338765413956,0.47619049795892776,24,31,4,1,10,32,10,4,0.9546454839363145,45.59415715535965
550,2508,0.643,0.667,0.2530521259837828,0.49596238569802975,24,31,4,1,11,32,10,4,0.9264653258487335,46.04957625271523
550,2509,0.616,0.65,0.28817190875286036,0.5188066366002027,24,31,4,1,12,32,10,4,0.8955199606932277,46.53837942797246
550,2510,0.586,0.632,0.3287680316438961,0.5451463901301576,24,31,4,1,13,32,10,4,0.8618700598118025,47.16285208914507
550,2511,0.553,0.611,0.37522217668841695,0.5753531284597222,24,31,4,1,14,32,10,4,0.8240934413038367,47.85258505661101
550,2512,0.516,0.588,0.42741527625347053,0.6096689222922063,24,31,4,1,15,32,10,4,0.7823042886243178,48.731396999160445
550,2513,0.474,0.563,0.4848995180335981,0.6481248694028703,24,31,4,1,16,32,10,4,0.7359653524453443,49.905360795703906
550,2514,0.428,0.533,0.5467073241378311,0.6904975440190999,24,31,4,1,17,32,10,4,0.6835736975630353,51.23547030983571
550,2515,0.375,0.5,0.6120860806855797,0.7363418811413764,24,31,4,1,18,32,10,4,0.625,53.13010235415598
550,2516,0.316,0.461,0.6808889186259299,0.7850500226948693,24,31,4,1,19,32,10,4,0.5589069690028923,55.57067311861237
550,2517,0.249,0.417,0.7535839657669096,0.8356105280575923,24,31,4,1,20,32,10,4,0.485685083155742,59.15763264967725
550,2518,0.173,0.364,0.830682781532355,0.8847926090764143,24,31,4,1,21,32,10,4,0.4030198506277327,64.57944034265601
550,2519,0.086,0.3,0.9113418045736812,0.9183165653590755,24,31,4,1,22,32,10,4,0.31208332220738744,74.00416768647709
550,2520,0.074,0.222,0.9274342138256527,0.902211836808166,24,31,4,1,23,32,10,4,0.2340085468524601,71.56505117707799
550,2521,0.149,0.125,0.8346182496888106,0.8422384209591408,24,31,4,1,24,32,10,4,0.19448907424325923,39.994167447048916
550,2522,0.27,0.25,0.7051511747897017,0.7628937352439622,24,31,4,1,25,32,10,4,0.367967389859482,42.797401838234194
550,2523,0.402,0.375,0.5624189368036465,0.6719798636891483,24,31,4,1,26,32,10,4,0.5497535811615964,43.0098277502451
550,2524,0.544,0.5,0.4140796290510135,0.5738857675726212,24,31,4,1,27,32,10,4,0.7388748202503588,42.586663567150104
550,2525,0.697,0.625,0.2657726782351938,0.474551123840364,24,31,4,1,28,32,10,4,0.9361805381442192,41.88258355862179
550,2526,0.852,0.75,0.12335371390769823,0.3797762133122695,24,31,4,1,29,32,10,4,1.135078851886511,41.35687178779396
550,2527,0.976,0.876,0.022101448678347846,0.30829343239552864,24,31,4,1,30,32,10,4,1.3114694049042852,41.90927677487885
550,2528,1,1,0,0.2928932188134524,24,31,4,1,31,32,10,4,1.4142135623730951,45
550,2529,0.539,0.696,0.31431412661129765,0.537150454566246,24,31,4,1,10,33,10,4,0.880305060760189,52.24489376387388
550,2530,0.509,0.682,0.3531415211845642,0.560922445806972,24,31,4,1,11,33,10,4,0.8510023501730181,53.26475728723619
550,2531,0.477,0.667,0.3969298433665882,0.5876431284956594,24,31,4,1,12,33,10,4,0.8200109755363034,54.42983240174724
550,2532,0.442,0.65,0.4457004295609829,0.6174309643560433,24,31,4,1,13,33,10,4,0.7860432558072107,55.7842978675626
550,2533,0.404,0.632,0.49906345395320983,0.6502028343376108,24,31,4,1,14,33,10,4,0.7500933275266485,57.41163858922659
550,2534,0.364,0.611,0.5561640500284306,0.6855475709781367,24,31,4,1,15,33,10,4,0.7112081270626763,59.215853473673555
550,2535,0.32,0.588,0.6157572954662784,0.7225565337514739,24,31,4,1,16,33,10,4,0.6694355831594254,61.44418579148877
550,2536,0.274,0.563,0.6762504190241108,0.7595676290425231,24,31,4,1,17,33,10,4,0.6261349694754319,64.04880868603134
550,2537,0.226,0.533,0.7359557676087269,0.7936943231822697,24,31,4,1,18,33,10,4,0.5789343658826966,67.02232657069507
550,2538,0.177,0.5,0.792268484065134,0.82000383054697,24,31,4,1,19,33,10,4,0.5304045625746445,70.50603692842893
550,2539,0.13,0.462,0.8388156806359303,0.8310816954588147,24,31,4,1,20,33,10,4,0.4799416631216757,74.28417954854312
550,2540,0.089,0.416,0.8472603722675287,0.8199899707793543,24,31,4,1,21,33,10,4,0.4254139160864393,77.92405618105848
550,2541,0.161,0.364,0.7885027698886844,0.7860091783330584,24,31,4,1,22,33,10,4,0.398016331323226,66.13982480865766
550,2542,0.277,0.3,0.6989978939449946,0.7340075676550206,24,31,4,1,23,33,10,4,0.40832462575749706,47.282678733232785
550,2543,0.397,0.222,0.5900308066579923,0.6694321071608351,24,31,4,1,24,33,10,4,0.45485492192566196,29.21365667656566
550,2544,0.521,0.333,0.47085987595670376,0.5966190277779189,24,31,4,1,25,33,10,4,0.6183283917143059,32.58490244572694
550,2545,0.648,0.445,0.3479333478314792,0.5196177147851904,24,31,4,1,26,33,10,4,0.7860846010449511,34.478491788419916
550,2546,0.772,0.556,0.22760402588339046,0.4434439556887849,24,31,4,1,27,33,10,4,0.9513779480311703,35.76170706870689
550,2547,0.884,0.667,0.11909703795796167,0.37456346588626,24,31,4,1,28,33,10,4,1.1074046234326458,37.035462016554504
550,2548,0.967,0.778,0.03760112360687273,0.32136981307183043,24,31,4,1,29,33,10,4,1.2411176414828693,38.81842206172188
550,2549,0.999,0.889,0.001703433592139425,0.29544837261855383,24,31,4,1,30,33,10,4,1.3372815709490653,41.66556206288983
550,2550,1,1,0,0.2928932188134524,24,31,4,1,31,33,10,4,1.4142135623730951,45
550,2552,0.425,0.708,0.3964440938641218,0.5847131844861466,24,31,4,1,10,34,10,4,0.8257657052699633,59.02434403310004
550,2553,0.396,0.696,0.43772940213723033,0.6085913391015347,24,31,4,1,11,34,10,4,0.8007696297937379,60.36161631184866
550,2554,0.365,0.682,0.48205895320553804,0.6341407177489091,24,31,4,1,12,34,10,4,0.7735302191899164,61.84472834527248
550,2555,0.334,0.667,0.5285737499057201,0.6608497811592232,24,31,4,1,13,34,10,4,0.7459524113507511,63.400598839319755
550,2556,0.303,0.65,0.5760147348860118,0.687785367084131,24,31,4,1,14,34,10,4,0.7171534006054772,65.00723918811381
550,2557,0.272,0.632,0.622485691399752,0.7134325854211319,24,31,4,1,15,34,10,4,0.6880465100558246,66.71393508177644
550,2558,0.243,0.611,0.6654954530806377,0.7355571100850933,24,31,4,1,16,34,10,4,0.6575484773003433,68.31185510956577
550,2559,0.216,0.588,0.7016448004653018,0.7512202523083127,24,31,4,1,17,34,10,4,0.626418390534633,69.8293465881496
550,2560,0.193,0.563,0.7260252780443972,0.7571899781708271,24,31,4,1,18,34,10,4,0.5951621627758269,71.07795745395802
550,2561,0.172,0.533,0.7304786061613617,0.7508809992090546,24,31,4,1,19,34,10,4,0.560065174778793,72.1150220053445
550,2562,0.17,0.5,0.7029482875989665,0.731327508158064,24,31,4,1,20,34,10,4,0.5281098370604357,71.22196677755446
550,2563,0.253,0.462,0.6426110864260984,0.6993105095506624,24,31,4,1,21,34,10,4,0.5267380753277667,61.29404745659892
550,2564,0.364,0.416,0.5645969805207134,0.6566752475755622,24,31,4,1,22,34,10,4,0.5527675822622018,48.81407483429036
550,2565,0.477,0.364,0.4763383410963129,0.6056966668439012,24,31,4,1,23,34,10,4,0.6000208329716561,37.3473514231536
550,2566,0.591,0.3,0.38160293305350357,0.5488900941699031,24,31,4,1,24,34,10,4,0.6627827698424272,26.912996977743674
550,2567,0.701,0.4,0.2847561978523323,0.4891188036322188,24,31,4,1,25,34,10,4,0.8070941704658756,29.709660290459343
550,2568,0.805,0.5,0.19137373419994785,0.4298600558917888,24,31,4,1,26,34,10,4,0.9476418099683024,31.84516052865566
550,2569,0.894,0.6,0.10853522239154012,0.37552301304025737,24,31,4,1,27,34,10,4,1.07667822491216,33.867179108725864
550,2570,0.96,0.7,0.0439256868402208,0.3314688740587425,24,31,4,1,28,34,10,4,1.1881077392223316,36.098283967108
550,2571,0.993,0.8,0.007974945354959906,0.3033360108706986,24,31,4,1,29,34,10,4,1.2751662636691734,38.856290255030515
550,2572,1,0.9,1.0732445583350181e-4,0.2934892147902647,24,31,4,1,30,34,10,4,1.3453624047073711,41.98721249581666
550,2573,1,1,0,0.2928932188134524,24,31,4,1,31,34,10,4,1.4142135623730951,45
550,2576,0.351,0.72,0.4515345064022549,0.6130219442341527,24,31,4,1,10,35,10,4,0.8009999999999999,64.01076641616699
550,2577,0.329,0.708,0.4878023592864045,0.6328730065416789,24,31,4,1,11,35,10,4,0.7807080119993646,65.07621263585858
550,2578,0.308,0.696,0.5240673217236125,0.6523813254227635,24,31,4,1,12,35,10,4,0.7611044606359892,66.12923311277811
550,2579,0.288,0.682,0.5588117437196585,0.6705075413501975,24,31,4,1,13,35,10,4,0.7403161486824397,67.10627950466896
550,2580,0.27,0.667,0.590059015610374,0.6858563827117128,24,31,4,1,14,35,10,4,0.7195755693462641,67.96201573622876
550,2581,0.255,0.65,0.6153197983176051,0.6967412532773448,24,31,4,1,15,35,10,4,0.69822990483078,68.5795408807901
550,2582,0.241,0.632,0.6315241564240524,0.7014002932074468,24,31,4,1,16,35,10,4,0.6763911590196903,69.126694665209
550,2583,0.227,0.611,0.6348151605215553,0.6983555193303032,24,31,4,1,17,35,10,4,0.6518051856191388,69.61885606004724
550,2584,0.222,0.588,0.6206338443455868,0.6867682409835791,24,31,4,1,18,35,10,4,0.6285125297080401,69.31591973205319
550,2585,0.247,0.563,0.5855145530390142,0.6665776913767343,24,31,4,1,19,35,10,4,0.6147991541959048,66.31192306526927
550,2586,0.324,0.533,0.5304834324172474,0.6383664354664045,24,31,4,1,20,35,10,4,0.6237507515025533,58.70542191203642
550,2587,0.426,0.5,0.46294784960328583,0.6031257946092627,24,31,4,1,21,35,10,4,0.6568683277491768,49.56900274506076
550,2588,0.531,0.462,0.38908362676672226,0.5621213525788848,24,31,4,1,22,35,10,4,0.7038501260921959,41.02511145142874
550,2589,0.634,0.417,0.31225668186357936,0.5169059518793895,24,31,4,1,23,35,10,4,0.7588445163536468,33.33406762932237
550,2590,0.732,0.364,0.23552542515022346,0.4694092328237238,24,31,4,1,24,35,10,4,0.8175084097426766,26.439677680214867
550,2591,0.821,0.454,0.16268237357329796,0.422034280525735,24,31,4,1,25,35,10,4,0.938166829513813,28.941899015046456
550,2592,0.896,0.546,0.09811010028630585,0.37773955551843863,24,31,4,1,26,35,10,4,1.049253067662897,31.357085224009936
550,2593,0.953,0.637,0.04687925654290226,0.3400240672020943,24,31,4,1,27,35,10,4,1.1462887943271538,33.759382492785086
550,2594,0.987,0.727,0.01450042131536411,0.31246921220105095,24,31,4,1,28,35,10,4,1.2258458304370905,36.37444967298866
550,2595,0.999,0.819,0.0016946481752061482,0.2973732701918267,24,31,4,1,29,35,10,4,1.2918057129460296,39.3455791773593
550,2596,1,0.909,1.2549213028956174e-5,0.29309336425284427,24,31,4,1,30,35,10,4,1.35139964481274,42.270837050918736
550,2597,1,1,0,0.2928932188134524,24,31,4,1,31,35,10,4,1.4142135623730951,45
550,2692,1,1,0,0.2928932188134524,24,31,4,1,10,24,1,7,1.4142135623730951,45
550,2693,1,1,0,0.2928932188134524,24,31,4,1,11,24,1,7,1.4142135623730951,45
550,2694,1,1,0,0.2928932188134524,24,31,4,1,12,24,1,7,1.4142135623730951,45
550,2695,1,1,0,0.2928932188134524,24,31,4,1,13,24,1,7,1.4142135623730951,45
550,2696,1,1,0,0.2928932188134524,24,31,4,1,14,24,1,7,1.4142135623730951,45
550,2697,1,1,0,0.2928932188134524,24,31,4,1,15,24,1,7,1.4142135623730951,45
550,2698,1,1,0,0.2928932188134524,24,31,4,1,16,24,1,7,1.4142135623730951,45
550,2699,1,1,0,0.2928932188134524,24,31,4,1,17,24,1,7,1.4142135623730951,45
550,2700,1,1,0,0.2928932188134524,24,31,4,1,18,24,1,7,1.4142135623730951,45
550,2701,1,1,0,0.2928932188134524,24,31,4,1,19,24,1,7,1.4142135623730951,45
550,2702,1,1,0,0.2928932188134524,24,31,4,1,20,24,1,7,1.4142135623730951,45
550,2703,1,1,0,0.2928932188134524,24,31,4,1,21,24,1,7,1.4142135623730951,45
550,2704,1,1,0,0.2928932188134524,24,31,4,1,22,24,1,7,1.4142135623730951,45
550,2705,1,1,0,0.2928932188134524,24,31,4,1,23,24,1,7,1.4142135623730951,45
550,2706,1,0.953,3.112354596268574e-9,0.2928932511323309,24,31,4,1,10,25,1,7,1.3813793830805496,43.62141221053497
550,2707,1,0.95,4.3028208773776555e-9,0.29289325763135754,24,31,4,1,11,25,1,7,1.379311422413372,43.53119928561418
550,2708,1,0.948,6.27928098406727e-9,0.2928932670303992,24,31,4,1,12,25,1,7,1.3779346864057092,43.470907000688804
550,2709,1,0.945,9.536100242790724e-9,0.29289328032466455,24,31,4,1,13,25,1,7,1.3758724504836921,43.38024250274473
550,2710,1,0.942,1.521365022849608e-8,0.2928932996830057,24,31,4,1,14,25,1,7,1.3738136700440857,43.289306039103366
550,2711,1,0.938,2.6577734235644357e-8,0.2928933315516027,24,31,4,1,15,25,1,7,1.3710740315533658,43.16763304046667
550,2712,1,0.934,5.042102868557663e-8,0.2928933854579171,24,31,4,1,16,25,1,7,1.3683406008739198,43.045473375173806
550,2713,1,0.929,1.0469208666652463e-7,0.29289348306894936,24,31,4,1,17,25,1,7,1.3649325990685401,42.8920866639288
550,2714,1,0.924,2.366288707200681e-7,0.29289367294182034,24,31,4,1,18,25,1,7,1.3615344285033706,42.73793318624221
550,2715,1,0.917,5.345307955151313e-7,0.29289403065557273,24,31,4,1,19,25,1,7,1.3567936468011634,42.52082345847564
550,2716,1,0.909,1.2679569943996327e-6,0.29289479683011077,24,31,4,1,20,25,1,7,1.35139964481274,42.270837050918736
550,2717,1,0.9,3.337848532569687e-6,0.29289684632142365,24,31,4,1,21,25,1,7,1.3453624047073711,41.98721249581666
550,2718,1,0.889,1.0053118735586786e-5,0.2929044744455983,24,31,4,1,22,25,1,7,1.3380287739805896,41.63709543013025
550,2719,1,0.876,3.54316476416372e-5,0.29295264424928846,24,31,4,1,23,25,1,7,1.3294269442131825,41.218359795425336
550,2720,1,0.857,1.2173413325244908e-4,0.29377876427844696,24,31,4,1,24,25,1,7,1.3169848138835922,40.59657583596283
550,2721,1,0.905,3.209794535719013e-7,0.29289516886749833,24,31,4,1,10,26,1,7,1.348712348872064,42.14509520315724
550,2722,1,0.9,4.274791121083865e-7,0.2928955257569026,24,31,4,1,11,26,1,7,1.3453624047073711,41.98721249581666
550,2723,1,0.895,5.964618643439223e-7,0.2928960304163787,24,31,4,1,12,26,1,7,1.3420227270802831,41.82854278370222
550,2724,1,0.889,8.61914085437121e-7,0.29289672845402004,24,31,4,1,13,26,1,7,1.3380287739805896,41.63709543013025
550,2725,1,0.883,1.2971428285935005e-6,0.29289772249094403,24,31,4,1,14,26,1,7,1.3340498491435768,41.4445038973404
550,2726,1,0.876,2.0986179954940454e-6,0.2928993023474993,24,31,4,1,15,26,1,7,1.3294269442131825,41.218359795425336
550,2727,1,0.867,3.6240809256904427e-6,0.29290185886938636,24,31,4,1,16,26,1,7,1.323513883569039,40.92528797789907
550,2728,1,0.857,6.708219258411141e-6,0.2929062135957641,24,31,4,1,17,26,1,7,1.3169848138835922,40.59657583596283
550,2729,1,0.847,1.3145967853178675e-5,0.29291396385695834,24,31,4,1,18,26,1,7,1.3104995230827061,40.26459927013793
550,2730,1,0.834,2.5664974944605845e-5,0.29292707409529406,24,31,4,1,19,26,1,7,1.3021351696348578,39.82810630428432
550,2731,1,0.819,5.207668820317313e-5,0.29295194032365113,24,31,4,1,20,26,1,7,1.2925792045364184,39.31747620953449
550,2732,1,0.8,1.1329630833389892e-4,0.2930081635760674,24,31,4,1,21,26,1,7,1.2806248474865698,38.659808254090095
550,2733,1,0.778,2.6478560932485795e-4,0.29317058917292393,24,31,4,1,22,26,1,7,1.266998026833507,37.88291605856699
550,2734,0.999,0.75,6.723264960604158e-4,0.29381272510187395,24,31,4,1,23,26,1,7,1.2492001440922107,36.89741723042958
550,2735,0.996,0.715,0.0017851396418618881,0.2976193275253808,24,31,4,1,24,26,1,7,1.2260672901598835,35.67348814612146
550,2736,0.983,0.857,0.0037503390022992633,0.3077134866255157,24,31,4,1,25,26,1,7,1.304123460413162,41.082600276792334
550,2737,1,0.858,3.991082727416995e-6,0.2929125436198795,24,31,4,1,10,27,1,7,1.317635761506191,40.62959351305883
550,2738,1,0.85,5.175538101531707e-6,0.29291578749747305,24,31,4,1,11,27,1,7,1.3124404748406686,40.36453657309736
550,2739,1,0.843,6.99793988745423e-6,0.29292028871589826,24,31,4,1,12,27,1,7,1.3079178108734508,40.1308887134993
550,2740,1,0.834,9.770393647912101e-6,0.2929264017963008,24,31,4,1,13,27,1,7,1.3021351696348578,39.82810630428432
550,2741,1,0.824,1.4123171291902104e-5,0.292934945633901,24,31,4,1,14,27,1,7,1.2957530628943155,39.48852258397938
550,2742,1,0.813,2.1782056931041183e-5,0.2929481243855001,24,31,4,1,15,27,1,7,1.2887858627405873,39.111110804715416
550,2743,1,0.8,3.55859419404192e-5,0.2929686655427729,24,31,4,1,16,27,1,7,1.2806248474865698,38.659808254090095
550,2744,1,0.786,6.14559987073271e-5,0.29300191133009834,24,31,4,1,17,27,1,7,1.2719260984821406,38.1673468344621
550,2745,1,0.769,1.1034412891131051e-4,0.2930570266075653,24,31,4,1,18,27,1,7,1.2614915774590014,37.560284279318815
550,2746,1,0.75,1.9405265221117407e-4,0.2931432618974259,24,31,4,1,19,27,1,7,1.25,36.86989764584402
550,2747,0.999,0.727,3.4570253462162803e-4,0.29329388438969084,24,31,4,1,20,27,1,7,1.2355282271158357,36.04442062634799
550,2748,0.999,0.7,6.585291526713943e-4,0.2936001415099375,24,31,4,1,21,27,1,7,1.219836464449231,35.01895575443812
550,2749,0.998,0.667,0.0014096215174594917,0.2943624282399112,24,31,4,1,22,27,1,7,1.2003720256653767,33.75625947840964
550,2750,0.995,0.625,0.003328305034958179,0.2967239795182218,24,31,4,1,23,27,1,7,1.1750106382497139,32.13460215794979
550,2751,0.987,0.572,0.008192386413620079,0.3055763523907532,24,31,4,1,24,27,1,7,1.140768600549647,30.09374766650679
550,2752,0.963,0.714,0.016272064153946553,0.3242578150901769,24,31,4,1,25,27,1,7,1.1988181680304981,36.55445860331468
550,2753,0.904,0.858,0.021794226322274457,0.33762420132723003,24,31,4,1,26,27,1,7,1.2463466612463805,43.504536136116364
550,2754,1,0.81,2.1435592376661816e-5,0.2929851103567609,24,31,4,1,10,28,1,7,1.2868954891520912,39.007472552121044
550,2755,1,0.8,2.721738947808472e-5,0.29299935006393996,24,31,4,1,11,28,1,7,1.2806248474865698,38.659808254090095
550,2756,1,0.79,3.590008827802915e-5,0.293018793799379,24,31,4,1,12,28,1,7,1.2744018204632321,38.30873556744772
550,2757,1,0.778,4.878156222098973e-5,0.29304479774668235,24,31,4,1,13,28,1,7,1.266998026833507,37.88291605856699
550,2758,1,0.765,6.850086881271533e-5,0.293080560239248,24,31,4,1,14,28,1,7,1.2590571869458511,37.41598861857788
550,2759,1,0.75,1.018869661981725e-4,0.2931343133322596,24,31,4,1,15,28,1,7,1.25,36.86989764584402
550,2760,1,0.733,1.5846111318496003e-4,0.2932154447732819,24,31,4,1,16,28,1,7,1.2398745904324355,36.24141615772501
550,2761,1,0.714,2.566247643196462e-4,0.2933412321938087,24,31,4,1,17,28,1,7,1.2287375635179385,35.52683658500573
550,2762,0.999,0.693,4.2537980020584953e-4,0.2935382831567097,24,31,4,1,18,28,1,7,1.2158330477495667,34.74880124918256
550,2763,0.999,0.667,6.975512531134376e-4,0.293829575664302,24,31,4,1,19,28,1,7,1.2012035630982785,33.729755198814786
550,2764,0.998,0.637,0.0011826729020317783,0.2943101835287154,24,31,4,1,20,28,1,7,1.1839649488054957,32.549135584723864
550,2765,0.996,0.6,0.0021599282451877366,0.2952209501040173,24,31,4,1,21,28,1,7,1.1627622284886967,31.065164885498643
550,2766,0.993,0.556,0.004376590042429629,0.29727969643883134,24,31,4,1,22,28,1,7,1.138061949104705,29.245312228206263
550,2767,0.986,0.5,0.009816986489931567,0.30275428511563096,24,31,4,1,23,28,1,7,1.1055297372753028,26.889538368531692
550,2768,0.971,0.429,0.020978201175814837,0.3183313417098542,24,31,4,1,24,28,1,7,1.0615469843582053,23.836443943211705
550,2769,0.936,0.572,0.03738877993647449,0.3449778896545611,24,31,4,1,25,28,1,7,1.0969412017059073,31.42956561483851
550,2770,0.861,0.715,0.057997597830918846,0.36978919876760485,24,31,4,1,26,28,1,7,1.1191720153756526,39.707248720789856
550,2771,0.744,0.858,0.060230544014487575,0.3757100421383578,24,31,4,1,27,28,1,7,1.1356495938448619,49.07036637322481
550,2772,1,0.762,7.34512873987736e-5,0.29318324176554134,24,31,4,1,10,29,1,7,1.2572366523451342,37.30740066286194
550,2773,1,0.75,9.175889830315143e-5,0.29322497176863005,24,31,4,1,11,29,1,7,1.25,36.86989764584402
550,2774,1,0.737,1.1860695371945784e-4,0.2932811688860707,24,31,4,1,12,29,1,7,1.2422435348996588,36.39021467612443
550,2775,1,0.722,1.5726094566537174e-4,0.29335535112606226,24,31,4,1,13,29,1,7,1.2334034214319336,35.82928433102471
550,2776,1,0.706,2.1482352954738104e-4,0.29345594861815505,24,31,4,1,14,29,1,7,1.2241062045427267,35.222091694589956
550,2777,0.999,0.688,3.0803943827084623e-4,0.293603781176917,24,31,4,1,15,29,1,7,1.2129901071319584,34.55474494650793
550,2778,0.999,0.667,4.5903854423312573e-4,0.2938208316903572,24,31,4,1,16,29,1,7,1.2012035630982785,33.729755198814786
550,2779,0.999,0.643,7.104312647265854e-4,0.29414545873045783,24,31,4,1,17,29,1,7,1.1880446119569754,32.767100722602
550,2780,0.998,0.616,0.0011312324570296184,0.29463165152458903,24,31,4,1,18,29,1,7,1.172800068212822,31.684314774709158
550,2781,0.997,0.583,0.001790529305913502,0.2953212907817351,24,31,4,1,19,29,1,7,1.1549450203364662,30.31714317083664
550,2782,0.995,0.546,0.0029324155828942544,0.2964145233228427,24,31,4,1,20,29,1,7,1.1349629949914666,28.75550176261427
550,2783,0.991,0.5,0.005129890201204912,0.29838759722345565,24,31,4,1,21,29,1,7,1.1099914414084462,26.772810949659604
550,2784,0.985,0.445,0.00996406409770434,0.3025565393012093,24,31,4,1,22,29,1,7,1.080856142139184,24.312341429565148
550,2785,0.973,0.375,0.020481960576657965,0.3124992193098013,24,31,4,1,23,29,1,7,1.0427626767390554,21.07696005493113
550,2786,0.95,0.286,0.03990832310889536,0.33584428862876237,24,31,4,1,24,29,1,7,0.9921169285925928,16.754559701952573
550,2787,0.903,0.429,0.06805733552073057,0.37047259896327833,24,31,4,1,25,29,1,7,0.999724962177098,25.411600725972622
550,2788,0.813,0.572,0.10574934883152143,0.4068524842610849,24,31,4,1,26,29,1,7,0.9940588513765167,35.128955623171144
550,2789,0.684,0.715,0.14013747740420224,0.43278859935277725,24,31,4,1,27,29,1,7,0.9894852196975961,46.269391384205186
550,2790,0.559,0.858,0.13727087369381008,0.4315158901259445,24,31,4,1,28,29,1,7,1.024033690852015,56.91514707126502
550,2791,1,0.714,1.9023161102593722e-4,0.29360751321268486,24,31,4,1,10,30,1,7,1.2287375635179385,35.52683658500573
550,2792,1,0.7,2.338382441323672e-4,0.29370347941899144,24,31,4,1,11,30,1,7,1.2206555615733703,34.99202019855866
550,2793,0.999,0.684,2.964350952858741e-4,0.29383117914628953,24,31,4,1,12,30,1,7,1.210725815368616,34.39884513634789
550,2794,0.999,0.667,3.8453561340967557e-4,0.29399787880361017,24,31,4,1,13,30,1,7,1.2012035630982785,33.729755198814786
550,2795,0.999,0.647,5.127638865225492e-4,0.2942211919223412,24,31,4,1,14,30,1,7,1.1902142664243274,32.92901710399405
550,2796,0.999,0.625,7.160438197851837e-4,0.2945429952548886,24,31,4,1,15,30,1,7,1.178399762389657,32.03115264932201
550,2797,0.998,0.6,0.0010398348162130588,0.29500447273123176,24,31,4,1,16,30,1,7,1.1644758477529709,31.01438607369365
550,2798,0.997,0.572,0.0015656603494201837,0.2956743981102189,24,31,4,1,17,30,1,7,1.1494315986608339,29.843805604839616
550,2799,0.995,0.539,0.002415518661610605,0.2966429083186093,24,31,4,1,18,30,1,7,1.1316121243606398,28.44478363713549
550,2800,0.993,0.5,0.003704673233840383,0.29797636246617143,24,31,4,1,19,30,1,7,1.1117774057786927,26.726382390524254
550,2801,0.989,0.454,0.0058631319473989585,0.3000311682584653,24,31,4,1,20,30,1,7,1.0882265389154961,24.65746761032109
550,2802,0.983,0.4,0.009932132810752337,0.30361233639919016,24,31,4,1,21,30,1,7,1.0612676382515391,22.14227274461758
550,2803,0.973,0.333,0.01832120321075148,0.3108092647564099,24,31,4,1,22,30,1,7,1.0284055620230765,18.89302340089749
550,2804,0.955,0.25,0.035280785861319996,0.32660368924229854,24,31,4,1,23,30,1,7,0.9871803280049699,14.66970907547461
550,2805,0.923,0.143,0.06540095079551045,0.3588403919376477,24,31,4,1,24,30,1,7,0.934011777227675,8.806792694435305
550,2806,0.864,0.286,0.10691613456995919,0.40275326827544167,24,31,4,1,25,30,1,7,0.9101054883913182,18.31549983785283
550,2807,0.761,0.429,0.16725806924532471,0.45287975619506404,24,31,4,1,26,30,1,7,0.8735914376869773,29.41134439158274
550,2808,0.622,0.572,0.23966409847551928,0.49839818205646835,24,31,4,1,27,30,1,7,0.8450254434039249,42.602080261673045
550,2809,0.496,0.714,0.27325201332779514,0.5157172719148031,24,31,4,1,28,30,1,7,0.8693744877784256,55.21314662349973
550,2810,0.457,0.857,0.17866115685257855,0.4579149818832593,24,31,4,1,29,30,1,7,0.9712352958989907,61.930983222189745
550,2811,0.999,0.667,4.0655496277930414e-4,0.2943785006475548,24,31,4,1,10,31,1,7,1.2012035630982785,33.729755198814786
550,2812,0.999,0.65,4.926554970255959e-4,0.29456577172116183,24,31,4,1,11,31,1,7,1.1918477251729769,33.05006682001603
550,2813,0.999,0.632,6.144396156959608e-4,0.29481239366138856,24,31,4,1,12,31,1,7,1.1821273197079916,32.318780598174655
550,2814,0.998,0.611,7.844111102397466e-4,0.295131268523238,24,31,4,1,13,31,1,7,1.1701816098366953,31.475987139631744
550,2815,0.998,0.589,0.001029431504744771,0.2955539108159386,24,31,4,1,14,31,1,7,1.158846409150065,30.54826977989445
550,2816,0.997,0.563,0.0014120946482805152,0.296152685285044,24,31,4,1,15,31,1,7,1.1449794757985838,29.453160100168347
550,2817,0.996,0.534,0.0020083652725105816,0.2969943207362874,24,31,4,1,16,31,1,7,1.1301203475736554,28.19774296885235
550,2818,0.994,0.5,0.0029518237652023105,0.2981864246561329,24,31,4,1,17,31,1,7,1.112670661067326,26.70322401094096
550,2819,0.992,0.462,0.0044211520374409785,0.299862695540125,24,31,4,1,18,31,1,7,1.0943070866991587,24.972610561380133
550,2820,0.988,0.417,0.006590323082975136,0.3021214135660871,24,31,4,1,19,31,1,7,1.0723959156953182,22.88289515596762
550,2821,0.982,0.364,0.01016974596310194,0.3055314130100817,24,31,4,1,20,31,1,7,1.0472917454081265,20.33833767284628
550,2822,0.972,0.3,0.0166728229318569,0.31132112175106563,24,31,4,1,21,31,1,7,1.0172433337210915,17.152421740211835
550,2823,0.957,0.222,0.029415111097870317,0.322508187835454,24,31,4,1,22,31,1,7,0.9824118281046905,13.060187579853606
550,2824,0.932,0.125,0.054507601413010254,0.34547451797713213,24,31,4,1,23,31,1,7,0.9403451493999424,7.638933842878695
550,2825,0.891,0,0.09719509563329909,0.387652523676279,24,31,4,1,24,31,1,7,0.891,0
550,2826,0.82,0.143,0.15399049594770609,0.4420945218562573,24,31,4,1,25,31,1,7,0.8323755162184913,9.892343685506454
550,2827,0.706,0.286,0.24066171686169124,0.506765137680524,24,31,4,1,26,31,1,7,0.7617296108200073,22.052827675473083
550,2828,0.559,0.429,0.34064268067432457,0.5677133973065125,24,31,4,1,27,31,1,7,0.704643172109118,37.50414236027014
550,2829,0.433,0.572,0.39524171345044556,0.594682068892431,24,31,4,1,28,31,1,7,0.7174071368476899,52.87453324561068
550,2830,0.404,0.715,0.33392794459390873,0.5499107809669022,24,31,4,1,29,31,1,7,0.8212435692290077,60.532033167443466
550,2831,0.466,0.857,0.1748271535284206,0.4550775689793852,24,31,4,1,30,31,1,7,0.9755024346458598,61.464540902520625
550,2832,0.999,0.682,7.588618207678977e-4,0.29560904623171047,24,31,4,1,10,32,1,7,1.2095970403402945,34.320676644511146
550,2833,0.998,0.667,9.104436509589364e-4,0.29593182405276575,24,31,4,1,11,32,1,7,1.2003720256653767,33.75625947840964
550,2834,0.998,0.65,0.00112222859264699,0.29635306000605055,24,31,4,1,12,32,1,7,1.1910096557123289,33.07630296063473
550,2835,0.997,0.632,0.0014156630031030293,0.2968932177803226,24,31,4,1,13,32,1,7,1.1804376307115934,32.370680013548665
550,2836,0.996,0.611,0.0018345572911073749,0.29760251061999754,24,31,4,1,14,32,1,7,1.1684763583402105,31.527193121457636
550,2837,0.995,0.588,0.002475721555667443,0.2985926489391789,24,31,4,1,15,32,1,7,1.155754731766217,30.581166866377114
550,2838,0.993,0.563,0.0034577486195191964,0.29996087268450533,24,31,4,1,16,32,1,7,1.141498138412849,29.551883095579317
550,2839,0.99,0.533,0.004963012007309864,0.30185984607416727,24,31,4,1,17,32,1,7,1.1243615966405114,28.297304420940193
550,2840,0.986,0.5,0.007245617327659271,0.3044722504834979,24,31,4,1,18,32,1,7,1.1055297372753028,26.889538368531692
550,2841,0.98,0.461,0.01057134173293317,0.3079372547723952,24,31,4,1,19,32,1,7,1.0830147736757796,25.19267626306433
550,2842,0.971,0.417,0.015925479022030342,0.31308869934595707,24,31,4,1,20,32,1,7,1.056754465332416,23.241306047120773
550,2843,0.958,0.364,0.025340540941606426,0.3216574185440104,24,31,4,1,21,32,1,7,1.0248219357527433,20.80470053622671
550,2844,0.937,0.3,0.04338194271138107,0.3376868980860247,24,31,4,1,22,32,1,7,0.9838541558584789,17.753546092287117
550,2845,0.905,0.222,0.07822286391599031,0.3688152918986044,24,31,4,1,23,32,1,7,0.9318309932600439,13.782723974154454
550,2846,0.854,0.125,0.13443050540228652,0.42147111859385233,24,31,4,1,24,32,1,7,0.863099646622567,8.327252382196722
550,2847,0.772,0.25,0.20814040465869899,0.4868976050197873,24,31,4,1,25,32,1,7,0.8114702705583243,17.94372658401137
550,2848,0.648,0.375,0.3181948349584447,0.5656003118192641,24,31,4,1,26,32,1,7,0.7486848469149086,30.058125479486673
550,2849,0.495,0.5,0.437438695859507,0.6392029626738389,24,31,4,1,27,32,1,7,0.7035801304755557,45.287916066557095
550,2850,0.371,0.625,0.5103552678683115,0.671512256901529,24,31,4,1,28,32,1,7,0.7268190971624232,59.30663211434269
550,2851,0.353,0.75,0.47097297276682315,0.6142547274180654,24,31,4,1,29,32,1,7,0.8289203821839586,64.79519741658771
550,2852,0.461,0.876,0.22518522953208875,0.48274739146024825,24,31,4,1,30,32,1,7,0.9898974694381232,62.24415516347704
550,2853,1,1,0,0.2928932188134524,24,31,4,1,31,32,1,7,1.4142135623730951,45
550,2854,0.998,0.696,0.0012866351242590834,0.29736343184891967,24,31,4,1,10,33,1,7,1.2167251127514382,34.89171796683471
550,2855,0.997,0.682,0.0015310017251637387,0.297866113334444,24,31,4,1,11,33,1,7,1.2079457769287494,34.374163727121775
550,2856,0.996,0.667,0.0018694283964312275,0.29851691980668715,24,31,4,1,12,33,1,7,1.198709722993853,33.80937832428409
550,2857,0.995,0.65,0.0023331050447489288,0.2993454571734081,24,31,4,1,13,33,1,7,1.1884969499329816,33.155233310383856
550,2858,0.993,0.632,0.002987382637565039,0.30042453699226923,24,31,4,1,14,33,1,7,1.177061170882805,32.474925644561395
550,2859,0.991,0.611,0.003975758930180651,0.30191157279785985,24,31,4,1,15,33,1,7,1.164217333662405,31.655863986645752
550,2860,0.988,0.588,0.0054516558072083,0.3039367218908541,24,31,4,1,16,33,1,7,1.1497338822527585,30.758641252552227
550,2861,0.984,0.563,0.0076671202370797165,0.3067002931551971,24,31,4,1,17,33,1,7,1.1336776437771012,29.776224718056913
550,2862,0.978,0.533,0.010971886177289947,0.31043609807758166,24,31,4,1,18,33,1,7,1.1138101274454277,28.58993237409733
550,2863,0.97,0.5,0.01568756421778439,0.31533250936098656,24,31,4,1,19,33,1,7,1.091283647820309,27.269471988458072
550,2864,0.957,0.462,0.023130058369613238,0.3225245610946269,24,31,4,1,20,33,1,7,1.0626819844149047,25.769327624338718
550,2865,0.94,0.416,0.03596395987801304,0.3342853139696996,24,31,4,1,21,33,1,7,1.0279377413053767,23.871938627978263
550,2866,0.913,0.364,0.06027107412084698,0.3556790880167827,24,31,4,1,22,33,1,7,0.9828860564683987,21.736460585949402
550,2867,0.874,0.3,0.10599524130536908,0.39527660934019926,24,31,4,1,23,33,1,7,0.9240541109696986,18.944754077528998
550,2868,0.814,0.222,0.17611959980446723,0.45793453120311645,24,31,4,1,24,33,1,7,0.843729814573362,15.255118703057777
550,2869,0.722,0.333,0.26638402702912756,0.5333769434847957,24,31,4,1,25,33,1,7,0.7950930763124529,24.760041540848768
550,2870,0.589,0.445,0.3947246123099677,0.6234985292760957,24,31,4,1,26,33,1,7,0.7382045786907583,37.07169717273248
550,2871,0.432,0.556,0.5286225299895843,0.7040797676930428,24,31,4,1,27,33,1,7,0.70410226529958,52.15356431839442
550,2872,0.313,0.667,0.6175804110435822,0.7268710130361055,24,31,4,1,28,33,1,7,0.7367889792878284,64.86096089951724
550,2873,0.316,0.778,0.5467098131843113,0.6300116079050895,24,31,4,1,29,33,1,7,0.8397261458356529,67.89450254436184
550,2874,0.612,0.889,0.22016601225701637,0.46125578483590113,24,31,4,1,30,33,1,7,1.0792891178919577,55.455933729351855
550,2875,1,1,0,0.2928932188134524,24,31,4,1,31,33,1,7,1.4142135623730951,45
550,2877,0.996,0.708,0.0020275164373247945,0.29964070409861276,24,31,4,1,10,34,1,7,1.2219983633376927,35.40686573726966
550,2878,0.995,0.696,0.002394553952353329,0.3003609650715393,24,31,4,1,11,34,1,7,1.214265621682505,34.97269224776264
550,2879,0.994,0.682,0.0028977741381336353,0.3012869169219283,24,31,4,1,12,34,1,7,1.2054708623604304,34.454668985357806
550,2880,0.992,0.667,0.003582135707030365,0.3024582865759201,24,31,4,1,13,34,1,7,1.1953882214577822,33.91605898783147
550,2881,0.99,0.65,0.004539058423428055,0.303972830019282,24,31,4,1,14,34,1,7,1.1843141475132348,33.2875276889125
550,2882,0.986,0.632,0.005955398938460421,0.3060364910878466,24,31,4,1,15,34,1,7,1.1711618163174549,32.65880059060561
550,2883,0.982,0.611,0.00803775995328937,0.3088119275722404,24,31,4,1,16,34,1,7,1.1565660378897522,31.8898570930541
550,2884,0.976,0.588,0.011119444652515686,0.31254587612200546,24,31,4,1,17,34,1,7,1.139438458188945,31.067240669118966
550,2885,0.968,0.563,0.015618564753296482,0.3175219765216222,24,31,4,1,18,34,1,7,1.1198182888308263,30.182778041657656
550,2886,0.957,0.533,0.02194544239656182,0.323983557119507,24,31,4,1,19,34,1,7,1.0954168156459896,29.115567842177953
550,2887,0.941,0.5,0.03176142959568273,0.33337975208561454,24,31,4,1,20,34,1,7,1.0655895082066076,27.983926044395233
550,2888,0.918,0.462,0.04852658326046555,0.34851736838461334,24,31,4,1,21,34,1,7,1.0277003454314881,26.714648172680498
550,2889,0.886,0.416,0.07987460202645258,0.3753684809985305,24,31,4,1,22,34,1,7,0.9788013077228698,25.15127414896079
550,2890,0.839,0.364,0.13700743828175987,0.4229803854352905,24,31,4,1,23,34,1,7,0.9145583633645258,23.453602349469843
550,2891,0.77,0.3,0.22060016935293647,0.4941747676781346,24,31,4,1,24,34,1,7,0.8263776376451628,21.286405113659086
550,2892,0.67,0.4,0.3251336749010175,0.5773854433383325,24,31,4,1,25,34,1,7,0.7803204469959762,30.837831944687245
550,2893,0.53,0.5,0.466490515033664,0.6744668501633829,24,31,4,1,26,34,1,7,0.7286288492778749,43.33166255170669
550,2894,0.372,0.6,0.6091011491965224,0.7531270534645611,24,31,4,1,27,34,1,7,0.705963171843971,58.201087175705574
550,2895,0.266,0.7,0.7005895405595468,0.7496436309925372,24,31,4,1,28,34,1,7,0.7488364307377146,69.19320898728877
550,2896,0.316,0.8,0.5378429381273129,0.6153934260198677,24,31,4,1,29,34,1,7,0.8601488243321618,68.44598007952115
550,2897,0.701,0.9,0.21268079151781694,0.436410820266647,24,31,4,1,30,34,1,7,1.1407896388028775,52.08537139362214
550,2898,1,1,0,0.2928932188134524,24,31,4,1,31,34,1,7,1.4142135623730951,45
550,2901,0.994,0.72,0.0030116081423406937,0.30239519720809127,24,31,4,1,10,35,1,7,1.227369545002645,35.91754574051073
550,2902,0.992,0.708,0.0035325534330515884,0.3033609356460377,24,31,4,1,11,35,1,7,1.2187403332949969,35.51581751851656
550,2903,0.991,0.696,0.004242580104507621,0.3045947293184964,24,31,4,1,12,35,1,7,1.2109900907934796,35.08116928970661
550,2904,0.988,0.682,0.005197719756917074,0.30614682001175264,24,31,4,1,13,35,1,7,1.2005282170777996,34.61667448077964
550,2905,0.985,0.667,0.006517097509112335,0.30814072695802663,24,31,4,1,14,35,1,7,1.1895856421460373,34.104182293121426
550,2906,0.98,0.65,0.008446141333042334,0.31083064160525864,24,31,4,1,15,35,1,7,1.175967686630887,33.554936221079
550,2907,0.974,0.632,0.011248757990308444,0.3144093001499835,24,31,4,1,16,35,1,7,1.1610770861575042,32.97835531994409
550,2908,0.966,0.611,0.015327720067141337,0.3191661012188749,24,31,4,1,17,35,1,7,1.1430122484033143,32.31356489814472
550,2909,0.956,0.588,0.02118008467209176,0.3254309378371113,24,31,4,1,18,35,1,7,1.122354667651897,31.594124758863437
550,2910,0.941,0.563,0.029290240424460934,0.3335047908637676,24,31,4,1,19,35,1,7,1.0965628116984452,30.892069638591476
550,2911,0.921,0.533,0.041761396353645286,0.3451433364858455,24,31,4,1,20,35,1,7,1.064109956724398,30.058772740713028
550,2912,0.894,0.5,0.06289426934445663,0.3636405123706551,24,31,4,1,21,35,1,7,1.0243222149304387,29.217591843143328
550,2913,0.855,0.462,0.10179524458277767,0.39569162807149116,24,31,4,1,22,35,1,7,0.9718379494545374,28.38460903179011
550,2914,0.801,0.417,0.17008276400815503,0.45033425943848115,24,31,4,1,23,35,1,7,0.9030448493845696,27.501451562738183
550,2915,0.725,0.364,0.2657343006025412,0.5280679849966439,24,31,4,1,24,35,1,7,0.8112465716414461,26.659807065629103
550,2916,0.617,0.454,0.38105543629764105,0.6161982421174552,24,31,4,1,25,35,1,7,0.7660319836664785,36.34632154573322
550,2917,0.474,0.546,0.5297215919173894,0.7149598175532634,24,31,4,1,26,35,1,7,0.723043567152077,49.03771062097712
550,2918,0.321,0.637,0.673246697839617,0.7817762220114958,24,31,4,1,27,35,1,7,0.7133091896225647,63.25533881717494
550,2919,0.237,0.727,0.7502088988549139,0.7453244931135912,24,31,4,1,28,35,1,7,0.7646554779768467,71.94417404423605
550,2920,0.36,0.819,0.5257151689139208,0.5908686329433441,24,31,4,1,29,35,1,7,0.8946289733738786,66.27160892404747
550,2921,0.755,0.909,0.20251851305909518,0.41633913712717485,24,31,4,1,30,35,1,7,1.1816539256482839,50.287552316113185
550,2922,1,1,0,0.2928932188134524,24,31,4,1,31,35,1,7,1.4142135623730951,45
550,3017,1,1,0,0.2928932188134524,24,31,4,1,10,24,4,7,1.4142135623730951,45
550,3018,1,1,0,0.2928932188134524,24,31,4,1,11,24,4,7,1.4142135623730951,45
550,3019,1,1,0,0.2928932188134524,24,31,4,1,12,24,4,7,1.4142135623730951,45
550,3020,1,1,0,0.2928932188134524,24,31,4,1,13,24,4,7,1.4142135623730951,45
550,3021,1,1,0,0.2928932188134524,24,31,4,1,14,24,4,7,1.4142135623730951,45
550,3022,1,1,0,0.2928932188134524,24,31,4,1,15,24,4,7,1.4142135623730951,45
550,3023,1,1,0,0.2928932188134524,24,31,4,1,16,24,4,7,1.4142135623730951,45
550,3024,1,1,0,0.2928932188134524,24,31,4,1,17,24,4,7,1.4142135623730951,45
550,3025,1,1,0,0.2928932188134524,24,31,4,1,18,24,4,7,1.4142135623730951,45
550,3026,1,1,0,0.2928932188134524,24,31,4,1,19,24,4,7,1.4142135623730951,45
550,3027,1,1,0,0.2928932188134524,24,31,4,1,20,24,4,7,1.4142135623730951,45
550,3028,1,1,0,0.2928932188134524,24,31,4,1,21,24,4,7,1.4142135623730951,45
550,3029,1,1,0,0.2928932188134524,24,31,4,1,22,24,4,7,1.4142135623730951,45
550,3030,1,1,0,0.2928932188134524,24,31,4,1,23,24,4,7,1.4142135623730951,45
550,3031,1,0.953,5.20957560423696e-8,0.2928933912872005,24,31,4,1,10,25,4,7,1.3813793830805496,43.62141221053497
550,3032,1,0.95,7.500557230866178e-8,0.292893435436974,24,31,4,1,11,25,4,7,1.379311422413372,43.53119928561418
550,3033,1,0.948,1.1154834977933348e-7,0.2928934981731608,24,31,4,1,12,25,4,7,1.3779346864057092,43.470907000688804
550,3034,1,0.945,1.7248866446273325e-7,0.2928935906827276,24,31,4,1,13,25,4,7,1.3758724504836921,43.38024250274473
550,3035,1,0.942,2.767739549769388e-7,0.29289373212451464,24,31,4,1,14,25,4,7,1.3738136700440857,43.289306039103366
550,3036,1,0.938,4.6059510538931647e-7,0.2928939554953115,24,31,4,1,15,25,4,7,1.3710740315533658,43.16763304046667
550,3037,1,0.934,7.938527212258961e-7,0.29289431960542245,24,31,4,1,16,25,4,7,1.3683406008739198,43.045473375173806
550,3038,1,0.929,1.388075400954314e-6,0.2928949294443206,24,31,4,1,17,25,4,7,1.3649325990685401,42.8920866639288
550,3039,1,0.924,2.466791837907323e-6,0.2928959904638091,24,31,4,1,18,25,4,7,1.3615344285033706,42.73793318624221
550,3040,1,0.917,4.531095483040204e-6,0.2928980319334996,24,31,4,1,19,25,4,7,1.3567936468011634,42.52082345847564
550,3041,1,0.909,8.6982807315783e-6,0.2929025527057816,24,31,4,1,20,25,4,7,1.35139964481274,42.270837050918736
550,3042,1,0.9,1.7925613722491462e-5,0.29291465780525516,24,31,4,1,21,25,4,7,1.3453624047073711,41.98721249581666
550,3043,1,0.889,3.966316024339722e-5,0.2929571719248808,24,31,4,1,22,25,4,7,1.3380287739805896,41.63709543013025
550,3044,1,0.876,8.875293556520614e-5,0.2931743669954999,24,31,4,1,23,25,4,7,1.3294269442131825,41.218359795425336
550,3045,0.999,0.857,1.7763528106784499e-4,0.29498637085713164,24,31,4,1,24,25,4,7,1.3162256645423687,40.624902299009705
550,3046,1,0.905,4.2909594480944335e-6,0.29290308120138475,24,31,4,1,10,26,4,7,1.348712348872064,42.14509520315724
550,3047,1,0.9,5.890986403023213e-6,0.2929053830500504,24,31,4,1,11,26,4,7,1.3453624047073711,41.98721249581666
550,3048,1,0.895,8.300362993818311e-6,0.29290857041747786,24,31,4,1,12,26,4,7,1.3420227270802831,41.82854278370222
550,3049,1,0.889,1.2062338122009741e-5,0.29291311528709163,24,31,4,1,13,26,4,7,1.3380287739805896,41.63709543013025
550,3050,1,0.883,1.8041159868031897e-5,0.2929197677389511,24,31,4,1,14,26,4,7,1.3340498491435768,41.4445038973404
550,3051,1,0.876,2.7812719635256222e-5,0.2929297098743494,24,31,4,1,15,26,4,7,1.3294269442131825,41.218359795425336
550,3052,1,0.867,4.377478772754628e-5,0.29294484442002344,24,31,4,1,16,26,4,7,1.323513883569039,40.92528797789907
550,3053,1,0.857,6.971639735364743e-5,0.2929682855038802,24,31,4,1,17,26,4,7,1.3169848138835922,40.59657583596283
550,3054,1,0.847,1.1174043335637762e-4,0.29300592588382,24,31,4,1,18,26,4,7,1.3104995230827061,40.26459927013793
550,3055,1,0.834,1.809687849939623e-4,0.2930718616268422,24,31,4,1,19,26,4,7,1.3021351696348578,39.82810630428432
550,3056,1,0.819,3.018178972054031e-4,0.2932007889866596,24,31,4,1,20,26,4,7,1.2925792045364184,39.31747620953449
550,3057,0.999,0.8,5.278278428143546e-4,0.29349015541439794,24,31,4,1,21,26,4,7,1.2798441311347253,38.687774465176346
550,3058,0.998,0.778,9.73606090877932e-4,0.29425433381001753,24,31,4,1,22,26,4,7,1.2654200883501099,37.93852205534109
550,3059,0.997,0.75,0.0018219410257028779,0.2966346888887297,24,31,4,1,23,26,4,7,1.2476012984924312,36.952562227091214
550,3060,0.993,0.715,0.0032210672605642587,0.3036682806230131,24,31,4,1,24,26,4,7,1.2236314804711426,35.75540723797567
550,3061,0.979,0.857,0.005028750887465128,0.31268844783002614,24,31,4,1,25,26,4,7,1.3011110636682788,41.19835285248889
550,3062,1,0.858,4.692060149147359e-5,0.29298656025676906,24,31,4,1,10,27,4,7,1.317635761506191,40.62959351305883
550,3063,1,0.85,6.258196145414452e-5,0.29300656563462113,24,31,4,1,11,27,4,7,1.3124404748406686,40.36453657309736
550,3064,1,0.843,8.542445007253541e-5,0.29303362875649563,24,31,4,1,12,27,4,7,1.3079178108734508,40.1308887134993
550,3065,1,0.834,1.190956754851813e-4,0.29307108546657945,24,31,4,1,13,27,4,7,1.3021351696348578,39.82810630428432
550,3066,1,0.824,1.6961475232168954e-4,0.2931238978970563,24,31,4,1,14,27,4,7,1.2957530628943155,39.48852258397938
550,3067,1,0.813,2.4423340554025064e-4,0.2931993520929851,24,31,4,1,15,27,4,7,1.2887858627405873,39.111110804715416
550,3068,0.999,0.8,3.5560625037323046e-4,0.29330844270276646,24,31,4,1,16,27,4,7,1.2798441311347253,38.687774465176346
550,3069,0.999,0.786,5.224691863129349e-4,0.2934686580185465,24,31,4,1,17,27,4,7,1.2711400394921089,38.19520098498541
550,3070,0.999,0.769,7.81543111494476e-4,0.29371321663298633,24,31,4,1,18,27,4,7,1.2606990124530122,37.58798896461457
550,3071,0.998,0.75,0.001207560550647968,0.2941172741859114,24,31,4,1,19,27,4,7,1.2484005767380917,36.92497207250216
550,3072,0.997,0.727,0.001956078892857871,0.2948497505108887,24,31,4,1,20,27,4,7,1.233911666206297,36.09906561782913
550,3073,0.995,0.7,0.0033197044126592745,0.2963281747746863,24,31,4,1,21,27,4,7,1.21656278095296,35.12706050628485
550,3074,0.992,0.667,0.005937142577516763,0.2996401377939196,24,31,4,1,22,27,4,7,1.1953882214577822,33.91605898783147
550,3075,0.986,0.625,0.01056591716684685,0.3074313244032645,24,31,4,1,23,27,4,7,1.1673992461878668,32.36955741638061
550,3076,0.973,0.572,0.01694393339418865,0.32243995949487037,24,31,4,1,24,27,4,7,1.1286775447398605,30.450102007247764
550,3077,0.944,0.714,0.024870866772510936,0.3399632915205667,24,31,4,1,25,27,4,7,1.1836097329778932,37.10225505880181
550,3078,0.885,0.858,0.027547054254856373,0.3464366030885505,24,31,4,1,26,27,4,7,1.2326349824664233,44.11252878477023
550,3079,1,0.81,2.2654734763893902e-4,0.29331874648290523,24,31,4,1,10,28,4,7,1.2868954891520912,39.007472552121044
550,3080,0.999,0.8,2.931442734140921e-4,0.2934029277805962,24,31,4,1,11,28,4,7,1.2798441311347253,38.687774465176346
550,3081,0.999,0.79,3.864776383581958e-4,0.29351444939562954,24,31,4,1,12,28,4,7,1.27361728945551,38.3366227353616
550,3082,0.999,0.778,5.197232456397582e-4,0.2936648389029819,24,31,4,1,13,28,4,7,1.266208908513915,37.910701733027835
550,3083,0.999,0.765,7.126974261745245e-4,0.2938703543240445,24,31,4,1,14,28,4,7,1.2582630885470654,37.443655943560536
550,3084,0.998,0.75,9.95078963599294e-4,0.29415376273965776,24,31,4,1,15,28,4,7,1.2484005767380917,36.92497207250216
550,3085,0.997,0.733,0.001409276783514657,0.2945484836387169,24,31,4,1,16,28,4,7,1.2374562618533231,36.323534541470714
550,3086,0.996,0.714,0.002027838548870897,0.2951080910377918,24,31,4,1,17,28,4,7,1.225484394025481,35.635507713146325
550,3087,0.995,0.693,0.0029676791058395047,0.295935060956351,24,31,4,1,18,28,4,7,1.2125485557288005,34.85653282979255
550,3088,0.993,0.667,0.004484713876395707,0.29724962799654053,24,31,4,1,19,28,4,7,1.1962182075190129,33.88933328707825
550,3089,0.989,0.637,0.007109576011938068,0.29951279684937293,24,31,4,1,20,28,4,7,1.1763885412566717,32.78497488066511
550,3090,0.984,0.6,0.011740759185826621,0.30374461044673806,24,31,4,1,21,28,4,7,1.152499891540125,31.37300514010846
550,3091,0.976,0.556,0.019406335191541668,0.3121044348495099,24,31,4,1,22,28,4,7,1.1232595425813217,29.66895937205882
550,3092,0.961,0.5,0.030793092073348793,0.3279022315520461,24,31,4,1,23,28,4,7,1.0832917427913868,27.487570707343835
550,3093,0.936,0.429,0.045721198310449074,0.3511246465615071,24,31,4,1,24,28,4,7,1.0296295450306387,24.62356478616361
550,3094,0.887,0.572,0.06577322849379141,0.37603104437952806,24,31,4,1,25,28,4,7,1.05543971879023,32.81676979486285
550,3095,0.805,0.715,0.0838677630684539,0.39413003097741783,24,31,4,1,26,28,4,7,1.0766847263707238,41.61144300927649
550,3096,0.706,0.858,0.07457017028194313,0.3884863857535047,24,31,4,1,27,28,4,7,1.111125555461668,50.55095485387257
550,3097,0.999,0.762,7.02152864377692e-4,0.29418549994331966,24,31,4,1,10,29,4,7,1.25644140332926,37.335039409695085
550,3098,0.998,0.75,8.944344569271623e-4,0.2944227898697278,24,31,4,1,11,29,4,7,1.2484005767380917,36.92497207250216
550,3099,0.998,0.737,0.0011611443236352326,0.29473147373788455,24,31,4,1,12,29,4,7,1.2406341120572173,36.44501330836485
550,3100,0.997,0.722,0.0015361720637586673,0.2951387348179657,24,31,4,1,13,29,4,7,1.2309723798688579,35.91102304014202
550,3101,0.996,0.706,0.0020706203048278526,0.2956815029121992,24,31,4,1,14,29,4,7,1.2208406939482317,35.330362031193346
550,3102,0.995,0.688,0.0028339009120619263,0.2964102890320478,24,31,4,1,15,29,4,7,1.2096978961707754,34.66220254544635
550,3103,0.993,0.667,0.0039248671397354995,0.2973991809715274,24,31,4,1,16,29,4,7,1.1962182075190129,33.88933328707825
550,3104,0.99,0.643,0.005509928231353656,0.2987692197539703,24,31,4,1,17,29,4,7,1.1804867640088135,33.00352032148276
550,3105,0.987,0.616,0.007912655077764286,0.3007509018487683,24,31,4,1,18,29,4,7,1.1634539097016263,31.968842537327703
550,3106,0.982,0.583,0.011718842251384753,0.3038149513419106,24,31,4,1,19,29,4,7,1.142021453388683,30.697026342279514
550,3107,0.974,0.546,0.017861975713021172,0.3088828014277861,24,31,4,1,20,29,4,7,1.1165984058738396,29.273897939409565
550,3108,0.964,0.5,0.02780578552423596,0.3177692002327297,24,31,4,1,21,29,4,7,1.0859539585083706,27.414514493072488
550,3109,0.947,0.445,0.043472524146517366,0.33350282173377577,24,31,4,1,22,29,4,7,1.0463431559483725,25.169064359200615
550,3110,0.922,0.375,0.0659481883741051,0.35858832042712485,24,31,4,1,23,29,4,7,0.9953436592453885,22.13278063581493
550,3111,0.881,0.286,0.09426784458972426,0.3905454668499454,24,31,4,1,24,29,4,7,0.9262596828103876,17.98504242356255
550,3112,0.811,0.429,0.13143754129647212,0.42550300460084844,24,31,4,1,25,29,4,7,0.9174758852416777,27.877791505571768
550,3113,0.706,0.572,0.17516607694475195,0.4562782180025535,24,31,4,1,26,29,4,7,0.9086363408977212,39.014332444275034
550,3114,0.594,0.715,0.2016014038973104,0.4713111071367052,24,31,4,1,27,29,4,7,0.9295488152862118,50.28124062844512
550,3115,0.519,0.858,0.16711393388017348,0.4507697493220024,24,31,4,1,28,29,4,7,1.0027586948014962,58.83046166594049
550,3116,0.996,0.714,0.0016988790473081439,0.2959727832453378,24,31,4,1,10,30,4,7,1.225484394025481,35.635507713146325
550,3117,0.995,0.7,0.0021400263839689293,0.29650149701812145,24,31,4,1,11,30,4,7,1.21656278095296,35.12706050628485
550,3118,0.994,0.684,0.0027446394206742664,0.29717895383105963,24,31,4,1,12,30,4,7,1.2066034974257285,34.53297909831954
550,3119,0.992,0.667,0.003575591510353804,0.2980572208890271,24,31,4,1,13,30,4,7,1.1953882214577822,33.91605898783147
550,3120,0.99,0.647,0.004729876693695623,0.29920555171693164,24,31,4,1,14,30,4,7,1.1826702837223906,33.16603537454939
550,3121,0.988,0.625,0.006340095818226699,0.30071827049334054,24,31,4,1,15,30,4,7,1.1690889615422773,32.317080810503235
550,3122,0.984,0.6,0.008619844339661897,0.30273545850572703,24,31,4,1,16,30,4,7,1.152499891540125,31.37300514010846
550,3123,0.979,0.572,0.011878875840722114,0.30548934301427944,24,31,4,1,17,30,4,7,1.1338540470448566,30.29644817623843
550,3124,0.972,0.539,0.016666720902863696,0.3094150354457871,24,31,4,1,18,30,4,7,1.1114427560607878,29.009540574713835
550,3125,0.963,0.5,0.023930290086808248,0.31535727106663836,24,31,4,1,19,30,4,7,1.085066357417831,27.438826731081082
550,3126,0.95,0.454,0.035319451304853255,0.3248609947690776,24,31,4,1,20,30,4,7,1.0529083530868202,25.542889988448206
550,3127,0.931,0.4,0.0534844603710245,0.34061040746963955,24,31,4,1,21,30,4,7,1.01329215925122,23.2505628275772
550,3128,0.905,0.333,0.08128524529868264,0.3660358877839601,24,31,4,1,22,30,4,7,0.9643204861455552,20.201384771204076
550,3129,0.866,0.25,0.118407172862112,0.40213706913547875,24,31,4,1,23,30,4,7,0.9013634117269238,16.102561619384442
550,3130,0.807,0.143,0.16561121637710197,0.44565920227257017,24,31,4,1,24,30,4,7,0.8195718394381302,10.048477235687665
550,3131,0.716,0.286,0.23259276883416624,0.4949185939813383,24,31,4,1,25,30,4,7,0.7710071335597356,21.773810365406906
550,3132,0.593,0.429,0.31051402431900155,0.5412226146628676,24,31,4,1,26,30,4,7,0.7319084642221321,35.88348674757036
550,3133,0.476,0.572,0.3614402156989459,0.567325410957099,24,31,4,1,27,30,4,7,0.7441505224079332,50.233861647216436
550,3134,0.419,0.714,0.3436878944075692,0.5540870250783728,24,31,4,1,28,30,4,7,0.8278629113567052,59.59410892055554
550,3135,0.441,0.857,0.20692126967056645,0.4742852319389713,24,31,4,1,29,30,4,7,0.9638101472800543,62.77029442149879
550,3136,0.992,0.667,0.0034690174451394995,0.29911592463067704,24,31,4,1,10,31,4,7,1.1953882214577822,33.91605898783147
550,3137,0.99,0.65,0.004321347800918973,0.30012183113377067,24,31,4,1,11,31,4,7,1.1843141475132348,33.2875276889125
550,3138,0.988,0.632,0.005465189770255119,0.301394897196809,24,31,4,1,12,31,4,7,1.1728461109625592,32.60607616816985
550,3139,0.985,0.611,0.007014860112242061,0.3030226877430565,24,31,4,1,13,31,4,7,1.1591143170541893,31.81151619832962
550,3140,0.981,0.589,0.009141760451493064,0.3051206564588299,24,31,4,1,14,31,4,7,1.1442386114792666,30.98093152541793
550,3141,0.976,0.563,0.012061559203161099,0.3078470452883446,24,31,4,1,15,31,4,7,1.1267408752681336,29.9782511911227
550,3142,0.969,0.534,0.016102369765935487,0.31144004308106044,24,31,4,1,16,31,4,7,1.1063982104107002,28.85843811980222
550,3143,0.961,0.5,0.021746552810696373,0.31629632402141283,24,31,4,1,17,31,4,7,1.0832917427913868,27.487570707343835
550,3144,0.95,0.462,0.029869191856343957,0.3231411402111918,24,31,4,1,18,31,4,7,1.0563825064814354,25.93438644199759
550,3145,0.935,0.417,0.04210844614156939,0.3333127055294596,24,31,4,1,19,31,4,7,1.0237743892088726,24.036360314551793
550,3146,0.914,0.364,0.0612200324143547,0.34908789740468615,24,31,4,1,20,31,4,7,0.983815023264028,21.71489270875087
550,3147,0.887,0.3,0.091145129002705,0.3739177266521284,24,31,4,1,21,31,4,7,0.9363594395316363,18.68649909240009
550,3148,0.848,0.222,0.13437277034017903,0.41103853485422004,24,31,4,1,22,31,4,7,0.8765774352560075,14.670371194173741
550,3149,0.795,0.125,0.19068897152122,0.45980385634471876,24,31,4,1,23,31,4,7,0.8047670470390795,8.935613842581752
550,3150,0.718,0,0.2637383906771791,0.5170933477184201,24,31,4,1,24,31,4,7,0.718,0
550,3151,0.608,0.143,0.3600932433655355,0.5816434595178189,24,31,4,1,25,31,4,7,0.6245902656942389,13.235267276816048
550,3152,0.471,0.286,0.460088001441987,0.6402757576833695,24,31,4,1,26,31,4,7,0.5510326669082333,31.266905975787648
550,3153,0.359,0.429,0.5218412297399251,0.6723933734225402,24,31,4,1,27,31,4,7,0.5593943153089778,50.0764016048689
550,3154,0.331,0.572,0.5117760528996704,0.6573196453306152,24,31,4,1,28,31,4,7,0.6608668549715593,59.94326412390154
550,3155,0.38,0.715,0.38586353983095567,0.5743910568539952,24,31,4,1,29,31,4,7,0.8097067370350823,62.010761504676225
550,3156,0.5,0.857,0.17727495191338993,0.4561033027998198,24,31,4,1,30,31,4,7,0.9921940334430559,59.73940614904963
550,3157,0.985,0.682,0.006243785171409111,0.3039761541308623,24,31,4,1,10,32,4,7,1.198060516000757,34.698178172497755
550,3158,0.982,0.667,0.007697237468947016,0.3056729291836332,24,31,4,1,11,32,4,7,1.1871027756685602,34.185369169439156
550,3159,0.978,0.65,0.009630678986572327,0.3077987203886505,24,31,4,1,12,32,4,7,1.174301494506415,33.60887375012734
550,3160,0.973,0.632,0.012219292397798731,0.31048720890585857,24,31,4,1,13,32,4,7,1.160238337584136,33.00523545587467
550,3161,0.966,0.611,0.01570248333857127,0.3139143878349281,24,31,4,1,14,32,4,7,1.1430122484033143,32.31356489814472
550,3162,0.958,0.588,0.020403669153273407,0.31832366684504776,24,31,4,1,15,32,4,7,1.1240587173275245,31.540716194770106
550,3163,0.948,0.563,0.026783416760532752,0.3240845387857433,24,31,4,1,16,32,4,7,1.102575620989327,30.705307887429484
550,3164,0.935,0.533,0.03562551533504821,0.33180933310593563,24,31,4,1,17,32,4,7,1.076249970963995,29.685452712097764
550,3165,0.918,0.5,0.04835167494842396,0.3425848594092248,24,31,4,1,18,32,4,7,1.045334396257963,28.575464538533055
550,3166,0.896,0.461,0.06750149668247307,0.3583144724986185,24,31,4,1,19,32,4,7,1.0076393203919745,27.2262247867297
550,3167,0.867,0.417,0.09703824474845302,0.3819914698820145,24,31,4,1,20,32,4,7,0.962069644048704,25.686105382807416
550,3168,0.829,0.364,0.14143377555867287,0.4175185723706968,24,31,4,1,21,32,4,7,0.9053932847111248,23.705472510718916
550,3169,0.778,0.3,0.20276181735390875,0.46735402486293065,24,31,4,1,22,32,4,7,0.8338369145102656,21.08684438632583
550,3170,0.71,0.222,0.28088111445853015,0.5294311366373259,24,31,4,1,23,32,4,7,0.7438978424488136,17.36321401541478
550,3171,0.617,0.125,0.37742823325056996,0.601254328729774,24,31,4,1,24,32,4,7,0.6295347488423495,11.452725398356346
550,3172,0.49,0.25,0.4953982095855992,0.681254103751677,24,31,4,1,25,32,4,7,0.5500909015790026,27.03086025984298
550,3173,0.344,0.375,0.6114735720029115,0.7518478413012175,24,31,4,1,26,32,4,7,0.5088821081547277,47.468803606327384
550,3174,0.25,0.5,0.6855881332967693,0.7817894701345907,24,31,4,1,27,32,4,7,0.5590169943749475,63.43494882292201
550,3175,0.263,0.625,0.6597072728605482,0.7262028017400736,24,31,4,1,28,32,4,7,0.678081116091578,67.17864193309902
550,3176,0.365,0.75,0.4299705630882932,0.590168403996193,24,31,4,1,29,32,4,7,0.834101312791198,64.04935722296229
550,3177,0.74,0.876,0.14980163390201084,0.41857563968720657,24,31,4,1,30,32,4,7,1.1467240295729395,49.81058619436565
550,3178,1,1,0,0.2928932188134524,24,31,4,1,31,32,4,7,1.4142135623730951,45
550,3179,0.975,0.696,0.010240684401326416,0.3106641520757807,24,31,4,1,10,33,4,7,1.1979319680182177,35.520997798409766
550,3180,0.97,0.682,0.012523723264611708,0.31325141414234514,24,31,4,1,11,33,4,7,1.185758828767469,35.11077596227056
550,3181,0.963,0.667,0.01551217547927164,0.31646522078940587,24,31,4,1,12,33,4,7,1.1714341637497174,34.70752709318675
550,3182,0.956,0.65,0.019462739268491625,0.32049302186818884,24,31,4,1,13,33,4,7,1.156043251786022,34.21242340399961
550,3183,0.946,0.632,0.02469449192839057,0.3255818219720651,24,31,4,1,14,33,4,7,1.1376906433648823,33.74593857556779
550,3184,0.934,0.611,0.0316610718413366,0.33207556336104593,24,31,4,1,15,33,4,7,1.1160990099449064,33.191732109566374
550,3185,0.919,0.588,0.041070275555765035,0.3404971621955891,24,31,4,1,16,33,4,7,1.0910109990279657,32.61216580482199
550,3186,0.901,0.563,0.05411015503321592,0.3517023365077485,24,31,4,1,17,33,4,7,1.062435880418202,31.999666777940522
550,3187,0.877,0.533,0.07287307377168639,0.36715925580509357,24,31,4,1,18,33,4,7,1.0262640985633278,31.289297230732824
550,3188,0.847,0.5,0.10083808249346271,0.3892992239714328,24,31,4,1,19,33,4,7,0.9835695196578633,30.55415113705478
550,3189,0.809,0.462,0.14282967507367605,0.42161871188037436,24,31,4,1,20,33,4,7,0.931624924527033,29.729624798963545
550,3190,0.76,0.416,0.2032160959567787,0.46793666543229573,24,31,4,1,21,33,4,7,0.8664040627790246,28.694904379343445
550,3191,0.696,0.364,0.28346957296208786,0.5294192546647658,24,31,4,1,22,33,4,7,0.7854374577265844,27.609050054449302
550,3192,0.614,0.3,0.3807733968023824,0.6028708862323234,24,31,4,1,23,33,4,7,0.6833710558693571,26.04010453550529
550,3193,0.507,0.222,0.49516742813983006,0.6862828147121977,24,31,4,1,24,33,4,7,0.5534735766050626,23.64716040529163
550,3194,0.368,0.333,0.6298137537849027,0.7761491852845763,24,31,4,1,25,33,4,7,0.4962993048554471,42.14167131457957
550,3195,0.226,0.445,0.7548575268916959,0.8415925388570464,24,31,4,1,26,33,4,7,0.4991001903425804,63.07557140630782
550,3196,0.173,0.556,0.8131982467954788,0.8160775183748399,24,31,4,1,27,33,4,7,0.5822928816326025,72.7164137417506
550,3197,0.277,0.667,0.6293609281725743,0.6880898012032399,24,31,4,1,28,33,4,7,0.7222312649006549,67.4472618265128
550,3198,0.575,0.778,0.35824141806684273,0.5228949181898916,24,31,4,1,29,33,4,7,0.967423898815819,53.532836367094696
550,3199,0.872,0.889,0.10356471717854343,0.3629791028774759,24,31,4,1,30,33,4,7,1.2452730624244628,45.55309369458591
550,3200,1,1,0,0.2928932188134524,24,31,4,1,31,33,4,7,1.4142135623730951,45
550,3202,0.96,0.708,0.015645025297983506,0.3190047282642161,24,31,4,1,10,34,4,7,1.1928386311651715,36.408774567772355
550,3203,0.953,0.696,0.018977147185303966,0.3226302088801828,24,31,4,1,11,34,4,7,1.1800953351318697,36.141600692767604
550,3204,0.944,0.682,0.02329689361565135,0.32709997031211646,24,31,4,1,12,34,4,7,1.164585763265205,35.84651609590659
550,3205,0.933,0.667,0.028925892975896872,0.3326577812070949,24,31,4,1,13,34,4,7,1.1468992981077284,35.56090737898988
550,3206,0.92,0.65,0.03631013483571055,0.33962491960324503,24,31,4,1,14,34,4,7,1.1264546151532249,35.242036558652195
550,3207,0.903,0.632,0.046095506385482765,0.34844976847417697,24,31,4,1,15,34,4,7,1.1021946289108835,34.98776155581988
550,3208,0.883,0.611,0.05928588005524171,0.359810473264925,24,31,4,1,16,34,4,7,1.073783032087954,34.68165470252553
550,3209,0.858,0.588,0.07753627300527488,0.3747957353316649,24,31,4,1,17,34,4,7,1.0401480663828586,34.42341345503125
550,3210,0.827,0.563,0.10359232631461046,0.3952024993374609,24,31,4,1,18,34,4,7,1.000448899244734,34.24601134313295
550,3211,0.789,0.533,0.14172486737283685,0.4238245091147108,24,31,4,1,19,34,4,7,0.9521607007223098,34.040547095597475
550,3212,0.741,0.5,0.19694215183149433,0.46426837350776196,24,31,4,1,20,34,4,7,0.893913306758547,34.01005303912939
550,3213,0.682,0.462,0.2730776942707299,0.5196301004047961,24,31,4,1,21,34,4,7,0.8237523899813585,34.11447294534126
550,3214,0.607,0.416,0.36913786779800606,0.5893791007175551,24,31,4,1,22,34,4,7,0.7358702331253791,34.42431172623363
550,3215,0.514,0.364,0.47940149057608494,0.6691413244623436,24,31,4,1,23,34,4,7,0.6298348990013176,35.305027326559305
550,3216,0.398,0.3,0.603711168407643,0.7556958254400803,24,31,4,1,24,34,4,7,0.4984014446206993,37.00784869431463
550,3217,0.258,0.4,0.7432647978282654,0.8364883174742916,24,31,4,1,25,34,4,7,0.4759873947910806,57.17798392376576
550,3218,0.143,0.5,0.8503701357803912,0.8500125404345168,24,31,4,1,26,34,4,7,0.5200471132503285,74.03947050737597
550,3219,0.19,0.6,0.7945460114034377,0.7591068180380701,24,31,4,1,27,34,4,7,0.6293647591023825,72.42874122167758
550,3220,0.437,0.7,0.5371616424930492,0.6132257652238653,24,31,4,1,28,34,4,7,0.8252084585121507,58.02405585394403
550,3221,0.705,0.8,0.28046810620292095,0.4609997224260992,24,31,4,1,29,34,4,7,1.0663137436983545,48.611885009222995
550,3222,0.931,0.9,0.06797920352864006,0.33526425585420694,24,31,4,1,30,34,4,7,1.2948980654862374,44.0300385127392
550,3223,1,1,0,0.2928932188134524,24,31,4,1,31,34,4,7,1.4142135623730951,45
550,3226,0.941,0.72,0.02255975899322815,0.32867433998162443,24,31,4,1,10,35,4,7,1.1848548434301982,37.42117358319321
550,3227,0.931,0.708,0.027159880292736638,0.3334233798571873,24,31,4,1,11,35,4,7,1.16962600860275,37.251994478097615
550,3228,0.919,0.696,0.03305747442929985,0.3392387105013773,24,31,4,1,12,35,4,7,1.1528126473976594,37.13828326906719
550,3229,0.904,0.682,0.040684504982163694,0.3464179190821617,24,31,4,1,13,35,4,7,1.1324045213615141,37.031806870860365
550,3230,0.886,0.667,0.05063655592515204,0.355352344827777,24,31,4,1,14,35,4,7,1.1090018034250442,36.97322626153014
550,3231,0.865,0.65,0.06376993547184973,0.3665865494768781,24,31,4,1,15,35,4,7,1.0820004621071102,36.922851216268796
550,3232,0.839,0.632,0.0814067301334821,0.3809346272911981,24,31,4,1,16,35,4,7,1.050402303881708,36.98990005503534
550,3233,0.808,0.611,0.1056133081520938,0.3996707069460036,24,31,4,1,17,35,4,7,1.013007897303866,37.09613844241305
550,3234,0.77,0.588,0.13972609343456788,0.42480472756622856,24,31,4,1,18,35,4,7,0.9688364155005735,37.3666694127687
550,3235,0.723,0.563,0.18827698697261552,0.4592349999208536,24,31,4,1,19,35,4,7,0.9163503696730853,37.90788704306676
550,3236,0.667,0.533,0.255873985369903,0.5062044130905466,24,31,4,1,20,35,4,7,0.8538020847948312,38.62836736854297
550,3237,0.599,0.5,0.34463720448161606,0.5674931230055755,24,31,4,1,21,35,4,7,0.780257008940003,39.85258107475304
550,3238,0.517,0.462,0.4499879277813066,0.640521107182752,24,31,4,1,22,35,4,7,0.6933491184100546,41.78451600825179
550,3239,0.42,0.417,0.564217146517769,0.718964386646322,24,31,4,1,23,35,4,7,0.5918521774902918,44.794639662505126
550,3240,0.306,0.364,0.6863013965468872,0.7944022402540177,24,31,4,1,24,35,4,7,0.47553338473760176,49.94759885898979
550,3241,0.182,0.454,0.8108145050721434,0.8365588569906051,24,31,4,1,25,35,4,7,0.48912166175707245,68.15508575396558
550,3242,0.129,0.546,0.8436774038853836,0.7932019469588909,24,31,4,1,26,35,4,7,0.5610320846440069,76.70685078591617
550,3243,0.311,0.637,0.6758997479486245,0.6847570074315985,24,31,4,1,27,35,4,7,0.7088652904466405,63.977163987868366
550,3244,0.555,0.727,0.43455197870469586,0.54809656519669,24,31,4,1,28,35,4,7,0.9146332598369687,52.64147755005842
550,3245,0.789,0.819,0.20836892384495997,0.4176130364051852,24,31,4,1,29,35,4,7,1.1372255712918171,46.06882711185
550,3246,0.96,0.909,0.04248781051805328,0.32037583910721423,24,31,4,1,30,35,4,7,1.3220745062211887,43.436939636320886
550,3247,1,1,0,0.2928932188134524,24,31,4,1,31,35,4,7,1.4142135623730951,45
550,3342,1,1,0,0.2928932188134524,24,31,4,1,10,24,7,7,1.4142135623730951,45
550,3343,1,1,0,0.2928932188134524,24,31,4,1,11,24,7,7,1.4142135623730951,45
550,3344,1,1,0,0.2928932188134524,24,31,4,1,12,24,7,7,1.4142135623730951,45
550,3345,1,1,0,0.2928932188134524,24,31,4,1,13,24,7,7,1.4142135623730951,45
550,3346,1,1,0,0.2928932188134524,24,31,4,1,14,24,7,7,1.4142135623730951,45
550,3347,1,1,0,0.2928932188134524,24,31,4,1,15,24,7,7,1.4142135623730951,45
550,3348,1,1,0,0.2928932188134524,24,31,4,1,16,24,7,7,1.4142135623730951,45
550,3349,1,1,0,0.2928932188134524,24,31,4,1,17,24,7,7,1.4142135623730951,45
550,3350,1,1,0,0.2928932188134524,24,31,4,1,18,24,7,7,1.4142135623730951,45
550,3351,1,1,0,0.2928932188134524,24,31,4,1,19,24,7,7,1.4142135623730951,45
550,3352,1,1,0,0.2928932188134524,24,31,4,1,20,24,7,7,1.4142135623730951,45
550,3353,1,1,0,0.2928932188134524,24,31,4,1,21,24,7,7,1.4142135623730951,45
550,3354,1,1,0,0.2928932188134524,24,31,4,1,22,24,7,7,1.4142135623730951,45
550,3355,1,1,0,0.2928932188134524,24,31,4,1,23,24,7,7,1.4142135623730951,45
550,3356,1,0.953,2.9005631430045753e-7,0.29289375241018967,24,31,4,1,10,25,7,7,1.3813793830805496,43.62141221053497
550,3357,1,0.95,4.124696411089701e-7,0.29289390273323535,24,31,4,1,11,25,7,7,1.379311422413372,43.53119928561418
550,3358,1,0.948,5.986315895212257e-7,0.29289411634759965,24,31,4,1,12,25,7,7,1.3779346864057092,43.470907000688804
550,3359,1,0.945,8.908234127025239e-7,0.2928944266926874,24,31,4,1,13,25,7,7,1.3758724504836921,43.38024250274473
550,3360,1,0.942,1.340663298599054e-6,0.29289488738634584,24,31,4,1,14,25,7,7,1.3738136700440857,43.289306039103366
550,3361,1,0.938,2.0508508048466823e-6,0.29289558690620654,24,31,4,1,15,25,7,7,1.3710740315533658,43.16763304046667
550,3362,1,0.934,3.1789889278766026e-6,0.29289668013263104,24,31,4,1,16,25,7,7,1.3683406008739198,43.045473375173806
550,3363,1,0.929,4.9751773600892335e-6,0.29289847082689713,24,31,4,1,17,25,7,7,1.3649325990685401,42.8920866639288
550,3364,1,0.924,7.96303326766612e-6,0.29290163346617515,24,31,4,1,18,25,7,7,1.3615344285033706,42.73793318624221
550,3365,1,0.917,1.3155710138601506e-5,0.2929077930851586,24,31,4,1,19,25,7,7,1.3567936468011634,42.52082345847564
550,3366,1,0.909,2.2655472470711757e-5,0.2929213888134078,24,31,4,1,20,25,7,7,1.35139964481274,42.270837050918736
550,3367,1,0.9,4.070311700299367e-5,0.29295683240712855,24,31,4,1,21,25,7,7,1.3453624047073711,41.98721249581666
550,3368,1,0.889,7.42283572302549e-5,0.29307095466277766,24,31,4,1,22,25,7,7,1.3380287739805896,41.63709543013025
550,3369,1,0.876,1.2846068931171573e-4,0.29355941690261966,24,31,4,1,23,25,7,7,1.3294269442131825,41.218359795425336
550,3370,0.999,0.857,2.0562481279051692e-4,0.2958874091511686,24,31,4,1,24,25,7,7,1.3162256645423687,40.624902299009705
550,3371,1,0.905,2.0206207750228522e-5,0.29292227024502615,24,31,4,1,10,26,7,7,1.348712348872064,42.14509520315724
550,3372,1,0.9,2.7409031641667525e-5,0.29292956328979647,24,31,4,1,11,26,7,7,1.3453624047073711,41.98721249581666
550,3373,1,0.895,3.776600866367552e-5,0.2929395276721225,24,31,4,1,12,26,7,7,1.3420227270802831,41.82854278370222
550,3374,1,0.889,5.285419101286326e-5,0.29295334139900997,24,31,4,1,13,26,7,7,1.3380287739805896,41.63709543013025
550,3375,1,0.883,7.4568337482539e-5,0.29297276924963167,24,31,4,1,14,26,7,7,1.3340498491435768,41.4445038973404
550,3376,1,0.876,1.0591501573042894e-4,0.2930005727309778,24,31,4,1,15,26,7,7,1.3294269442131825,41.218359795425336
550,3377,1,0.867,1.5075718991630627e-4,0.2930414296003244,24,31,4,1,16,26,7,7,1.323513883569039,40.92528797789907
550,3378,1,0.857,2.1514674498257502e-4,0.2931041460458952,24,31,4,1,17,26,7,7,1.3169848138835922,40.59657583596283
550,3379,1,0.847,3.119972458135445e-4,0.2932066797103775,24,31,4,1,18,26,7,7,1.3104995230827061,40.26459927013793
550,3380,0.999,0.834,4.641867552875878e-4,0.29338746411748096,24,31,4,1,19,26,7,7,1.3013673578202274,39.85630524032165
550,3381,0.999,0.819,7.119547681569971e-4,0.2937358810524413,24,31,4,1,20,26,7,7,1.2918057129460296,39.3455791773593
550,3382,0.998,0.8,0.00113120635202546,0.29447790491275794,24,31,4,1,21,26,7,7,1.2790637200702708,38.71577480968507
550,3383,0.997,0.778,0.0018028129365887935,0.2962179909206881,24,31,4,1,22,26,7,7,1.26463156690002,37.96637707721167
550,3384,0.995,0.75,0.0028036085234680597,0.3004524326846467,24,31,4,1,23,26,7,7,1.2460036115517483,37.00784869431463
550,3385,0.989,0.715,0.00418487404307899,0.30818603775483977,24,31,4,1,24,26,7,7,1.2203876433330516,35.86514105541582
550,3386,0.974,0.857,0.005643481632067737,0.3149654174945383,24,31,4,1,25,26,7,7,1.2973530745329123,41.343798714502874
550,3387,1,0.858,1.99085958032863e-4,0.2931565548519205,24,31,4,1,10,27,7,7,1.317635761506191,40.62959351305883
550,3388,1,0.85,2.580972141286164e-4,0.29321593093418696,24,31,4,1,11,27,7,7,1.3124404748406686,40.36453657309736
550,3389,0.999,0.843,3.383272330871323e-4,0.29329447753428584,24,31,4,1,12,27,7,7,1.3071533957420605,40.159140324335844
550,3390,0.999,0.834,4.4771796629627936e-4,0.29339950963556893,24,31,4,1,13,27,7,7,1.3013673578202274,39.85630524032165
550,3391,0.999,0.824,5.985555987148006e-4,0.2935416825477942,24,31,4,1,14,27,7,7,1.294981467048853,39.516658694700745
550,3392,0.999,0.813,8.091989704062108e-4,0.2937375028998995,24,31,4,1,15,27,7,7,1.2880100931281555,39.13917245226401
550,3393,0.998,0.8,0.001107669398623723,0.2940147741716749,24,31,4,1,16,27,7,7,1.2790637200702708,38.71577480968507
550,3394,0.997,0.786,0.0015493077612432904,0.2944242888703369,24,31,4,1,17,27,7,7,1.2695688244439527,38.251012729141095
550,3395,0.997,0.769,0.0022118909231032546,0.29506334623045893,24,31,4,1,18,27,7,7,1.2591147683988144,37.64350293703427
550,3396,0.995,0.75,0.0032403853760608614,0.2961238829070929,24,31,4,1,19,27,7,7,1.2460036115517483,37.00784869431463
550,3397,0.993,0.727,0.004921150430610699,0.2980024204842431,24,31,4,1,20,27,7,7,1.230681924788042,36.20878602423973
550,3398,0.99,0.7,0.007643445217684786,0.30152454864509337,24,31,4,1,21,27,7,7,1.2124768039018314,35.26301172959725
550,3399,0.985,0.667,0.011666563485926651,0.3082333807311509,24,31,4,1,22,27,7,7,1.1895856421460373,34.104182293121426
550,3400,0.976,0.625,0.016805436676604724,0.31976009490595625,24,31,4,1,23,27,7,7,1.1589654869753456,32.634233245723415
550,3401,0.959,0.572,0.02292507919738984,0.33485019904136093,24,31,4,1,24,27,7,7,1.1166310939607584,30.814159536471013
550,3402,0.925,0.714,0.02967663525596065,0.3478352271429117,24,31,4,1,25,27,7,7,1.168512302031947,37.6642592994021
550,3403,0.869,0.858,0.02900155136009286,0.34847588571195465,24,31,4,1,26,27,7,7,1.2211981821145983,44.63506366426936
550,3404,0.998,0.81,8.741938847205422e-4,0.29404718898730153,24,31,4,1,10,28,7,7,1.285341977840917,39.06358713596362
550,3405,0.998,0.8,0.00111460759121762,0.2942830057921525,24,31,4,1,11,28,7,7,1.2790637200702708,38.71577480968507
550,3406,0.997,0.79,0.001436921160603566,0.2945872481607861,24,31,4,1,12,28,7,7,1.272049134271157,38.39250023384801
550,3407,0.997,0.778,0.0018760900262108082,0.2949836057095051,24,31,4,1,13,28,7,7,1.26463156690002,37.96637707721167
550,3408,0.996,0.765,0.0024707085050489352,0.29550654482998395,24,31,4,1,14,28,7,7,1.2558825582035924,37.526867757501506
550,3409,0.994,0.75,0.003289551741625485,0.29620971759501535,24,31,4,1,15,28,7,7,1.2452052039724215,37.03554511738589
550,3410,0.993,0.733,0.004440354064131791,0.2971828284516824,24,31,4,1,16,28,7,7,1.2342357959482457,36.433525976848244
550,3411,0.99,0.714,0.0061289174238117194,0.2985842642143476,24,31,4,1,17,28,7,7,1.2206129607701206,35.799599530929655
550,3412,0.987,0.693,0.008655424021025482,0.3007003212238023,24,31,4,1,18,28,7,7,1.2059925372903433,35.0737544933483
550,3413,0.983,0.667,0.012465538745522808,0.30405176277584145,24,31,4,1,19,28,7,7,1.1879301326256524,34.1582691711514
550,3414,0.977,0.637,0.01805348591157363,0.30957780404620283,24,31,4,1,20,28,7,7,1.166318138416787,33.104185802348525
550,3415,0.968,0.6,0.02594514522887903,0.31879013693935176,24,31,4,1,21,28,7,7,1.138869615013062,31.7920715372209
550,3416,0.955,0.556,0.03640900661745872,0.33327328005388357,24,31,4,1,22,28,7,7,1.1050615367480672,30.207919383719688
550,3417,0.934,0.5,0.049406731831626693,0.35267029885465595,24,31,4,1,23,28,7,7,1.0594130450395636,28.161564144837747
550,3418,0.9,0.429,0.06556720472730437,0.3741478922371797,24,31,4,1,24,28,7,7,0.9970160480152764,25.48558145642651
550,3419,0.842,0.572,0.08470884658962707,0.3940829854617365,24,31,4,1,25,28,7,7,1.0179135523216103,34.18963659471575
550,3420,0.762,0.715,0.09450938769811279,0.40318901078020386,24,31,4,1,26,28,7,7,1.0449253561857899,43.177391163458026
550,3421,0.682,0.858,0.07689999475985454,0.39016854866190787,24,31,4,1,27,28,7,7,1.0960328462231412,51.519801751656985
550,3422,0.995,0.762,0.0026464595504865907,0.2962792387972175,24,31,4,1,10,29,7,7,1.2532633402441804,37.445944962516556
550,3423,0.993,0.75,0.0033309215751198273,0.2969140531093952,24,31,4,1,11,29,7,7,1.2444070877329492,37.06327707384731
550,3424,0.992,0.737,0.0042335218888178705,0.29771836259049733,24,31,4,1,12,29,7,7,1.235812688072104,36.61026488235921
550,3425,0.99,0.722,0.00543298015661009,0.29874779002611995,24,31,4,1,13,29,7,7,1.2253097567554092,36.10300679546767
550,3426,0.988,0.706,0.007056262752120568,0.30008383263716965,24,31,4,1,14,29,7,7,1.2143228565748072,35.548647690272865
550,3427,0.984,0.688,0.009267007837288732,0.30185342822318406,24,31,4,1,15,29,7,7,1.2006664815842907,34.96074521284764
550,3428,0.98,0.667,0.012338027707253008,0.3042650472810846,24,31,4,1,16,29,7,7,1.1854488601369526,34.23968261857017
550,3429,0.975,0.643,0.016636144443491596,0.3076718733571159,24,31,4,1,17,29,7,7,1.1679357859060575,33.404339338974886
550,3430,0.968,0.616,0.022728631972506075,0.3126724371219388,24,31,4,1,18,29,7,7,1.1473796233156661,32.47119229084849
550,3431,0.958,0.583,0.03146092491884367,0.32025174994753247,24,31,4,1,19,29,7,7,1.1214512918535517,31.323000480137797
550,3432,0.946,0.546,0.04393953821155494,0.3318917619203854,24,31,4,1,20,29,7,7,1.0922600422976207,29.992124779489266
550,3433,0.928,0.5,0.06115185182426697,0.34923470313991434,24,31,4,1,21,29,7,7,1.0541271270582122,28.315480972444725
550,3434,0.903,0.445,0.08292388902623349,0.3727047484606305,24,31,4,1,22,29,7,7,1.0066945912241707,26.234159638703755
550,3435,0.866,0.375,0.1085117794164624,0.4005287159898926,24,31,4,1,23,29,7,7,0.9437059923514314,23.413837316091588
550,3436,0.81,0.286,0.1404864440322583,0.43083526492024327,24,31,4,1,24,29,7,7,0.8590087310382823,19.447434515531803
550,3437,0.726,0.429,0.18168288877090644,0.46045250162404894,24,31,4,1,25,29,7,7,0.8432775343859221,30.579226872489016
550,3438,0.627,0.572,0.21711325791752634,0.48115530002063345,24,31,4,1,26,29,7,7,0.8487125544022546,42.37359436170925
550,3439,0.545,0.715,0.22133273964170974,0.48328719970711553,24,31,4,1,27,29,7,7,0.8990272520897239,52.68398182973396
550,3440,0.504,0.858,0.16676367967574157,0.45077547043426247,24,31,4,1,28,29,7,7,0.9950778863988486,59.56948765307027
550,3441,0.987,0.714,0.006233812985422582,0.3007513941653194,24,31,4,1,10,30,7,7,1.2181810210309467,35.88213724620421
550,3442,0.984,0.7,0.007754553418908516,0.3021239268851086,24,31,4,1,11,30,7,7,1.207582709382674,35.42736645443285
550,3443,0.981,0.684,0.009736414058257647,0.30384200123181426,24,31,4,1,12,30,7,7,1.1959168031263714,34.88604785420828
550,3444,0.977,0.667,0.0123356256559356,0.3060164604550315,24,31,4,1,13,30,7,7,1.1829699911663019,34.32143742924617
550,3445,0.972,0.647,0.015765932917035874,0.3088103289599947,24,31,4,1,14,30,7,7,1.1676442095090438,33.649239186444056
550,3446,0.966,0.625,0.020321622835055675,0.3124753781294467,24,31,4,1,15,30,7,7,1.1505568217172066,32.9027835600022
550,3447,0.958,0.6,0.026473659604860256,0.3174141641559076,24,31,4,1,16,30,7,7,1.130382236236929,32.05911141768479
550,3448,0.948,0.572,0.03498402999102046,0.3242769045273708,24,31,4,1,17,30,7,7,1.1071982658945958,31.105753216606644
550,3449,0.934,0.539,0.047020805901086815,0.3340871633254846,24,31,4,1,18,30,7,7,1.078367748034037,29.98871969622694
550,3450,0.917,0.5,0.06415647024216109,0.3483374651059934,24,31,4,1,19,30,7,7,1.0444563178994133,28.601703529483665
550,3451,0.895,0.454,0.08800675599145147,0.3688204568914153,24,31,4,1,20,30,7,7,1.0035641484230093,26.89697488525009
550,3452,0.865,0.4,0.11884945961447424,0.39669780498887586,24,31,4,1,21,30,7,7,0.9530083945065752,24.817130872426855
550,3453,0.825,0.333,0.1566421457297017,0.43123388304398735,24,31,4,1,22,30,7,7,0.8896707256058277,21.980794559310805
550,3454,0.769,0.25,0.20405023353216112,0.47073349164909717,24,31,4,1,23,30,7,7,0.8086167200843674,18.009215629379817
550,3455,0.69,0.143,0.26546533971591113,0.5141334398995654,24,31,4,1,24,30,7,7,0.7046623304817705,11.708588575551738
550,3456,0.583,0.286,0.3367315213155998,0.5561124564564442,24,31,4,1,25,30,7,7,0.6493727742983993,26.13100054493858
550,3457,0.476,0.429,0.39129308447637,0.5847354031913659,24,31,4,1,26,30,7,7,0.640794038673894,42.02708891636794
550,3458,0.41,0.572,0.4050320071626555,0.5893370227453463,24,31,4,1,27,30,7,7,0.7037641650439441,54.36768109900066
550,3459,0.403,0.714,0.3431197404885453,0.5539675109933901,24,31,4,1,28,30,7,7,0.8198810889391217,60.5584974537157
550,3460,0.444,0.857,0.19880817089970315,0.4698798342942233,24,31,4,1,29,30,7,7,0.9651865104734939,62.61194279665502
550,3461,0.974,0.667,0.012388467091856592,0.3084536371557546,24,31,4,1,10,31,7,7,1.180493540854841,34.40353541966217
550,3462,0.969,0.65,0.015236158812927947,0.31101896342918267,24,31,4,1,11,31,7,7,1.1668166094121217,33.85349692686028
550,3463,0.963,0.632,0.018883991731395877,0.31420398950295736,24,31,4,1,12,31,7,7,1.1518650094520624,33.27618756248651
550,3464,0.956,0.611,0.023579375835934613,0.3182052223635228,24,31,4,1,13,31,7,7,1.1345734881443335,32.583514029328796
550,3465,0.947,0.589,0.029686094232294402,0.3233105134412706,24,31,4,1,14,31,7,7,1.1152264344069323,31.880128875840875
550,3466,0.936,0.563,0.03777346492766742,0.3299567017819819,24,31,4,1,15,31,7,7,1.092275148485948,31.02672878754517
550,3467,0.922,0.534,0.048750431687487716,0.3388185643967807,24,31,4,1,16,31,7,7,1.0654764192604171,30.078380321683692
550,3468,0.906,0.5,0.06395139150297036,0.350927162843108,24,31,4,1,17,31,7,7,1.0348120602312285,28.893268559144236
550,3469,0.885,0.462,0.08533033618102293,0.3677707929555365,24,31,4,1,18,31,7,7,0.9983331107400977,27.566085242532246
550,3470,0.858,0.417,0.11495104206343143,0.3912243411248024,24,31,4,1,19,31,7,7,0.9539669805606481,25.92040013037763
550,3471,0.824,0.364,0.15417822974468864,0.4229760763185878,24,31,4,1,20,31,7,7,0.9008174065813782,23.833328283734424
550,3472,0.78,0.3,0.2039066283078237,0.46331393319909575,24,31,4,1,21,31,7,7,0.8357032966310471,21.037511025421814
550,3473,0.723,0.222,0.26492319416426213,0.5107543513645216,24,31,4,1,22,31,7,7,0.7563154103943671,17.06931061208773
550,3474,0.648,0.125,0.33841753984061884,0.5639081751578082,24,31,4,1,23,31,7,7,0.6599462099292639,10.91831808840081
550,3475,0.547,0,0.42510031730524345,0.6207929398636775,24,31,4,1,24,31,7,7,0.547,0
550,3476,0.424,0.143,0.5149318431949335,0.6724637970267324,24,31,4,1,25,31,7,7,0.44746508243660754,18.637406565140203
550,3477,0.327,0.286,0.5724218179907775,0.7048092805471354,24,31,4,1,26,31,7,7,0.4344249072049161,41.17351811100684
550,3478,0.297,0.429,0.5839398267838593,0.7054368403975073,24,31,4,1,27,31,7,7,0.5217758139277826,55.30484646876604
550,3479,0.333,0.572,0.5105641029318537,0.6528833014530054,24,31,4,1,28,31,7,7,0.6618708333202181,59.79341233298501
550,3480,0.396,0.715,0.35659884922653595,0.5588524331787229,24,31,4,1,29,31,7,7,0.8173377514834366,61.02029230207121
550,3481,0.547,0.857,0.15136950755989165,0.4405672532739474,24,31,4,1,30,31,7,7,1.0166897265144366,57.451007211461764
550,3482,0.953,0.682,0.02175944744647551,0.3201482123149738,24,31,4,1,10,32,7,7,1.1718929131964235,35.58882964978785
550,3483,0.945,0.667,0.02647197336810192,0.3244279293012271,24,31,4,1,11,32,7,7,1.1566823245818187,35.21521248792847
550,3484,0.935,0.65,0.032449523258225255,0.3297088417912031,24,31,4,1,12,32,7,7,1.1387383369325896,34.80653091290825
550,3485,0.924,0.632,0.040123918695984306,0.33630394788175744,24,31,4,1,13,32,7,7,1.1194641575325224,34.371452006313746
550,3486,0.91,0.611,0.05013858133207716,0.3446662539808135,24,31,4,1,14,32,7,7,1.0960935179080296,33.87853980510965
550,3487,0.893,0.588,0.06345352435729157,0.35546606982037976,24,31,4,1,15,32,7,7,1.0692020389056505,33.363091270385475
550,3488,0.872,0.563,0.08148539610891048,0.3696961849637701,24,31,4,1,16,32,7,7,1.0379561647776847,32.84799350730759
550,3489,0.848,0.533,0.10628980275713484,0.38877800504137106,24,31,4,1,17,32,7,7,1.001595227624413,32.1509113858
550,3490,0.817,0.5,0.1402129101389632,0.414563084530269,24,31,4,1,18,32,7,7,0.9578564610629298,31.4664281819423
550,3491,0.779,0.461,0.1854389030023329,0.4490031965647232,24,31,4,1,19,32,7,7,0.9051861686968047,30.616382056969762
550,3492,0.732,0.417,0.2436054187966573,0.4932595505214904,24,31,4,1,20,32,7,7,0.8424446569359912,29.66895937205882
550,3493,0.674,0.364,0.31467752778042335,0.5467371632791624,24,31,4,1,21,32,7,7,0.7660104437930335,28.3716788874466
550,3494,0.601,0.3,0.39713311707366583,0.6078019132869223,24,31,4,1,22,32,7,7,0.6717149693136218,26.526904858138302
550,3495,0.507,0.222,0.4911049506849108,0.6755691881099283,24,31,4,1,23,32,7,7,0.5534735766050626,23.64716040529163
550,3496,0.388,0.125,0.5983391069506785,0.7471265386091058,24,31,4,1,24,32,7,7,0.4076383200828892,17.857121141403578
550,3497,0.261,0.25,0.6991173230460364,0.8089491586942513,24,31,4,1,25,32,7,7,0.36141527361194903,43.76681751208307
550,3498,0.198,0.375,0.757967879271366,0.8306889987982116,24,31,4,1,26,32,7,7,0.424062495394252,62.165946059449176
550,3499,0.224,0.5,0.7306965907474241,0.7775698641267392,24,31,4,1,27,32,7,7,0.547883199231369,65.86762040541919
550,3500,0.311,0.625,0.535886788948911,0.6580343602960842,24,31,4,1,28,32,7,7,0.6981017117870433,63.54506229308116
550,3501,0.574,0.75,0.305844190068184,0.5163568747800384,24,31,4,1,29,32,7,7,0.9444448104574453,52.571965443983856
550,3502,0.864,0.876,0.08603738490254342,0.3626031950533133,24,31,4,1,30,32,7,7,1.2303950585076322,45.39513704250749
550,3503,1,1,0,0.2928932188134524,24,31,4,1,31,32,7,7,1.4142135623730951,45
550,3504,0.923,0.696,0.03489622518497393,0.33588030255193224,24,31,4,1,10,33,7,7,1.1560038927270098,37.0185887813659
550,3505,0.911,0.682,0.04212871794896644,0.342334120111938,24,31,4,1,11,33,7,7,1.1380004393672263,36.81954987364223
550,3506,0.897,0.667,0.0512987227641617,0.35025101543664416,24,31,4,1,12,33,7,7,1.1178094649805037,36.634113875967415
550,3507,0.88,0.65,0.06308759130848052,0.36007611616035096,24,31,4,1,13,33,7,7,1.0940292500660118,36.45092317958131
550,3508,0.86,0.632,0.0784620851075788,0.37244068149434684,24,31,4,1,14,33,7,7,1.067250673459614,36.311560647104955
550,3509,0.836,0.611,0.09882293869051761,0.38824753023911396,24,31,4,1,15,33,7,7,1.0354791161583126,36.1616219837846
550,3510,0.807,0.588,0.12613185719213238,0.4087654110587434,24,31,4,1,16,33,7,7,0.9984953680413345,36.07799919875707
550,3511,0.773,0.563,0.16278092068138317,0.43567027626393207,24,31,4,1,17,33,7,7,0.9562938878817536,36.067018340383264
550,3512,0.732,0.533,0.21127989461356478,0.47087777776402595,24,31,4,1,18,33,7,7,0.9054904748256605,36.05993837482465
550,3513,0.683,0.5,0.27378149927580175,0.5159574722069036,24,31,4,1,19,33,7,7,0.8464567325032037,36.206530975652896
550,3514,0.624,0.462,0.35054702312647634,0.5711880830495952,24,31,4,1,20,33,7,7,0.7764148375707409,36.515677865029595
550,3515,0.551,0.416,0.43909201155283084,0.6351953617328789,24,31,4,1,21,33,7,7,0.6904035052054704,37.05247338206245
550,3516,0.464,0.364,0.5373222602868202,0.706285245666777,24,31,4,1,22,33,7,7,0.5897389252881312,38.11357266856801
550,3517,0.357,0.3,0.646885032776291,0.7830207906602231,24,31,4,1,23,33,7,7,0.4663142717095414,40.041549080514635
550,3518,0.229,0.222,0.7684479409139284,0.8566693945492416,24,31,4,1,24,33,7,7,0.31894356867634127,44.1107799227743
550,3519,0.13,0.333,0.8598561419393771,0.8830879370369544,24,31,4,1,25,33,7,7,0.35747587331175235,68.67480420846339
550,3520,0.155,0.445,0.8325486651128908,0.8150739474900559,24,31,4,1,26,33,7,7,0.4712218161333365,70.79602649449996
550,3521,0.327,0.556,0.6302319725540266,0.6943683111363788,24,31,4,1,27,33,7,7,0.64503100700664,59.53895875758737
550,3522,0.553,0.667,0.40814142504497963,0.5541968449653045,24,31,4,1,28,33,7,7,0.866428300553485,50.338366576223784
550,3523,0.783,0.778,0.19571541584395458,0.4200493596546834,24,31,4,1,29,33,7,7,1.1037993477077255,44.816477951413646
550,3524,0.963,0.889,0.03693248386785308,0.31716292778329724,24,31,4,1,30,33,7,7,1.3106067297248247,42.71186098765765
550,3525,1,1,0,0.2928932188134524,24,31,4,1,31,33,7,7,1.4142135623730951,45
550,3527,0.884,0.708,0.052305351809713185,0.3549304047641302,24,31,4,1,10,34,7,7,1.1325722934983002,38.69141099744513
550,3528,0.867,0.696,0.06281000785248958,0.3638369800604617,24,31,4,1,11,34,7,7,1.1118025903909379,38.75638764768034
550,3529,0.847,0.682,0.07611048692204536,0.3746897278492858,24,31,4,1,12,34,7,7,1.0874433318568835,38.84083697085692
550,3530,0.824,0.667,0.09312926335424487,0.3880534961532658,24,31,4,1,13,34,7,7,1.060124992630586,38.98899370107861
550,3531,0.797,0.65,0.11519353184349257,0.4047055153119856,24,31,4,1,14,34,7,7,1.0284498043171577,39.199251437912245
550,3532,0.766,0.632,0.14405902341278676,0.42570724962099527,24,31,4,1,15,34,7,7,0.9930659595414597,39.524856522821125
550,3533,0.729,0.611,0.1819192946247855,0.45244958458768125,24,31,4,1,16,34,7,7,0.9511897812739579,39.96753207826704
550,3534,0.686,0.588,0.23119384124085918,0.4865763033615679,24,31,4,1,17,34,7,7,0.903515356814703,40.601294645004465
550,3535,0.635,0.563,0.294113706416425,0.5296183945733551,24,31,4,1,18,34,7,7,0.8486424453207605,41.56065111542663
550,3536,0.576,0.533,0.371446776404568,0.5822415566361973,24,31,4,1,19,34,7,7,0.7847706671378588,42.77954465089059
550,3537,0.506,0.5,0.46078814147147484,0.6434425663930057,24,31,4,1,20,34,7,7,0.7113620737711562,44.65827972074461
550,3538,0.425,0.462,0.5582265942713469,0.7105386883632574,24,31,4,1,21,34,7,7,0.6277491537230456,47.38863081957855
550,3539,0.332,0.416,0.661731394307931,0.7795631083579557,24,31,4,1,22,34,7,7,0.5322405471213181,51.40744028253317
550,3540,0.227,0.364,0.7713935856057079,0.8406318350095228,24,31,4,1,23,34,7,7,0.42898135157603295,58.05124714611025
550,3541,0.118,0.3,0.8762230866007985,0.8602181637465545,24,31,4,1,24,34,7,7,0.32237245539903064,68.5286316760854
550,3542,0.126,0.4,0.8528663190387543,0.8060531936605952,24,31,4,1,25,34,7,7,0.4193757265269415,72.5155726767793
550,3543,0.309,0.5,0.6823363784454157,0.7065131527228278,24,31,4,1,26,34,7,7,0.5877763179986073,58.28393477046186
550,3544,0.511,0.6,0.47858131422310224,0.587582236401738,24,31,4,1,27,34,7,7,0.7881123016423485,49.580070415192935
550,3545,0.713,0.7,0.2813987332180462,0.4676267748621893,24,31,4,1,28,34,7,7,0.9991841672084281,44.47287748133047
550,3546,0.89,0.8,0.11166911795049206,0.36563160118732707,24,31,4,1,29,34,7,7,1.196703806294607,41.951625059701705
550,3547,0.99,0.9,0.012446708520818528,0.30306014691380456,24,31,4,1,30,34,7,7,1.3379461872586655,42.27368900609374
550,3548,1,1,0,0.2928932188134524,24,31,4,1,31,34,7,7,1.4142135623730951,45
550,3551,0.835,0.72,0.07418689224763331,0.37624783466593614,24,31,4,1,10,35,7,7,1.1025538535599972,40.77039138822591
550,3552,0.812,0.708,0.08863067311588424,0.38766977659030977,24,31,4,1,11,35,7,7,1.0773151813652306,41.085862781387576
550,3553,0.787,0.696,0.10678779752832668,0.4014746578800624,24,31,4,1,12,35,7,7,1.050611726566956,41.48861316202194
550,3554,0.758,0.682,0.1298465043438185,0.4183045260047621,24,31,4,1,13,35,7,7,1.019650920658634,41.97885912373514
550,3555,0.724,0.667,0.1593044298464229,0.4390048683243163,24,31,4,1,14,35,7,7,0.9844109914055207,42.653462767285006
550,3556,0.686,0.65,0.1970195078061463,0.46465636691805834,24,31,4,1,15,35,7,7,0.9450375653909214,43.45647525803572
550,3557,0.642,0.632,0.24503582099044174,0.4965335398303026,24,31,4,1,16,35,7,7,0.9008817902477549,44.550277842501295
550,3558,0.591,0.611,0.3053275911638147,0.5358768834772842,24,31,4,1,17,35,7,7,0.8500599978825024,45.953252793115375
550,3559,0.534,0.588,0.3787075396043007,0.5833413325349115,24,31,4,1,18,35,7,7,0.7942921376924236,47.75542470050276
550,3560,0.47,0.563,0.4634210166349504,0.6381493294359188,24,31,4,1,19,35,7,7,0.7333955276656655,50.14441514642138
550,3561,0.397,0.533,0.5548788669106186,0.6973227663756181,24,31,4,1,20,35,7,7,0.6646036412780177,53.31976569228052
550,3562,0.319,0.5,0.6478947212428674,0.7551630936209459,24,31,4,1,21,35,7,7,0.5930944275577035,57.46212443192519
550,3563,0.236,0.462,0.7384778545528337,0.8012379035220005,24,31,4,1,22,35,7,7,0.518787046869908,62.94103192430325
550,3564,0.156,0.417,0.8183834843288047,0.8158149465816928,24,31,4,1,23,35,7,7,0.4452246623896749,69.48914071703685
550,3565,0.116,0.364,0.796838432247108,0.7812384202685797,24,31,4,1,24,35,7,7,0.382036647456759,72.32389130134653
550,3566,0.277,0.454,0.6758439078195341,0.7066555909912173,24,31,4,1,25,35,7,7,0.5318317403089063,58.61129062532684
550,3567,0.463,0.546,0.5136125293618652,0.6108146357197302,24,31,4,1,26,35,7,7,0.7158805766327231,49.70254376181608
550,3568,0.648,0.637,0.3399646810401846,0.5075501145484952,24,31,4,1,27,35,7,7,0.9086655050127082,44.509542271944206
550,3569,0.818,0.727,0.18022684852121973,0.41105492736430826,24,31,4,1,28,35,7,7,1.094373336663499,41.62919150082858
550,3570,0.944,0.819,0.05906669279886523,0.33621143695211264,24,31,4,1,29,35,7,7,1.2497587767245324,40.944408820278525
550,3571,0.997,0.909,0.003700373872316476,0.2976778249877843,24,31,4,1,30,35,7,7,1.3491812331929318,42.35653172673995
550,3572,1,1,0,0.2928932188134524,24,31,4,1,31,35,7,7,1.4142135623730951,45
550,3667,1,1,0,0.2928932188134524,24,31,4,1,10,24,10,7,1.4142135623730951,45
550,3668,1,1,0,0.2928932188134524,24,31,4,1,11,24,10,7,1.4142135623730951,45
550,3669,1,1,0,0.2928932188134524,24,31,4,1,12,24,10,7,1.4142135623730951,45
550,3670,1,1,0,0.2928932188134524,24,31,4,1,13,24,10,7,1.4142135623730951,45
550,3671,1,1,0,0.2928932188134524,24,31,4,1,14,24,10,7,1.4142135623730951,45
550,3672,1,1,0,0.2928932188134524,24,31,4,1,15,24,10,7,1.4142135623730951,45
550,3673,1,1,0,0.2928932188134524,24,31,4,1,16,24,10,7,1.4142135623730951,45
550,3674,1,1,0,0.2928932188134524,24,31,4,1,17,24,10,7,1.4142135623730951,45
550,3675,1,1,0,0.2928932188134524,24,31,4,1,18,24,10,7,1.4142135623730951,45
550,3676,1,1,0,0.2928932188134524,24,31,4,1,19,24,10,7,1.4142135623730951,45
550,3677,1,1,0,0.2928932188134524,24,31,4,1,20,24,10,7,1.4142135623730951,45
550,3678,1,1,0,0.2928932188134524,24,31,4,1,21,24,10,7,1.4142135623730951,45
550,3679,1,1,0,0.2928932188134524,24,31,4,1,22,24,10,7,1.4142135623730951,45
550,3680,1,1,0,0.2928932188134524,24,31,4,1,23,24,10,7,1.4142135623730951,45
550,3681,1,0.953,9.443436332912114e-7,0.29289448568231524,24,31,4,1,10,25,10,7,1.3813793830805496,43.62141221053497
550,3682,1,0.95,1.2996492303463114e-6,0.29289484925631726,24,31,4,1,11,25,10,7,1.379311422413372,43.53119928561418
550,3683,1,0.948,1.8135465210677992e-6,0.29289535640128916,24,31,4,1,12,25,10,7,1.3779346864057092,43.470907000688804
550,3684,1,0.945,2.5518328339302343e-6,0.2928960763798406,24,31,4,1,13,25,10,7,1.3758724504836921,43.38024250274473
550,3685,1,0.942,3.633736567310031e-6,0.29289712063819695,24,31,4,1,14,25,10,7,1.3738136700440857,43.289306039103366
550,3686,1,0.938,5.19298210854835e-6,0.2928986805434918,24,31,4,1,15,25,10,7,1.3710740315533658,43.16763304046667
550,3687,1,0.934,7.526544439029337e-6,0.2929011120772864,24,31,4,1,16,25,10,7,1.3683406008739198,43.045473375173806
550,3688,1,0.929,1.1052651114673573e-5,0.2929051286664578,24,31,4,1,17,25,10,7,1.3649325990685401,42.8920866639288
550,3689,1,0.924,1.6707161681228655e-5,0.2929122601855809,24,31,4,1,18,25,10,7,1.3615344285033706,42.73793318624221
550,3690,1,0.917,2.587032631506947e-5,0.2929261021658872,24,31,4,1,19,25,10,7,1.3567936468011634,42.52082345847564
550,3691,1,0.909,4.109477166103215e-5,0.292956163374926,24,31,4,1,20,25,10,7,1.35139964481274,42.270837050918736
550,3692,1,0.9,6.6163595091151e-5,0.2930310237863424,24,31,4,1,21,25,10,7,1.3453624047073711,41.98721249581666
550,3693,1,0.889,1.0396710303239853e-4,0.29325142163215023,24,31,4,1,22,25,10,7,1.3380287739805896,41.63709543013025
550,3694,1,0.876,1.57716410110198e-4,0.2940552782805924,24,31,4,1,23,25,10,7,1.3294269442131825,41.218359795425336
550,3695,0.999,0.857,2.2210117894716497e-4,0.2965000548404574,24,31,4,1,24,25,10,7,1.3162256645423687,40.624902299009705
550,3696,1,0.905,5.841155198227366e-5,0.2929584771322864,24,31,4,1,10,26,10,7,1.348712348872064,42.14509520315724
550,3697,1,0.9,7.661144111681395e-5,0.2929746829768384,24,31,4,1,11,26,10,7,1.3453624047073711,41.98721249581666
550,3698,1,0.895,1.0109270043423546e-4,0.2929963125698134,24,31,4,1,12,26,10,7,1.3420227270802831,41.82854278370222
550,3699,1,0.889,1.3392729320649277e-4,0.29302560072909256,24,31,4,1,13,26,10,7,1.3380287739805896,41.63709543013025
550,3700,1,0.883,1.7707928429355757e-4,0.29306604309108364,24,31,4,1,14,26,10,7,1.3340498491435768,41.4445038973404
550,3701,1,0.876,2.3554267983072474e-4,0.29312345860475764,24,31,4,1,15,26,10,7,1.3294269442131825,41.218359795425336
550,3702,1,0.867,3.1605607038420747e-4,0.2932081191866813,24,31,4,1,16,26,10,7,1.323513883569039,40.92528797789907
550,3703,0.999,0.857,4.303992250013211e-4,0.29333901411091645,24,31,4,1,17,26,10,7,1.3162256645423687,40.624902299009705
550,3704,0.999,0.847,5.980330154220503e-4,0.29355281498065966,24,31,4,1,18,26,10,7,1.3097366147435903,40.29287313802627
550,3705,0.999,0.834,8.465234959318391e-4,0.29392445142483925,24,31,4,1,19,26,10,7,1.3013673578202274,39.85630524032165
550,3706,0.998,0.819,0.001228151548165135,0.29461553517668226,24,31,4,1,20,26,10,7,1.2910325325103158,39.37371581286992
550,3707,0.997,0.8,0.0017823106353580531,0.29598615615351365,24,31,4,1,21,26,10,7,1.2782836148523535,38.74380933674647
550,3708,0.996,0.778,0.0025481079147903207,0.2988101865988432,24,31,4,1,22,26,10,7,1.2638433447227548,37.99426685040793
550,3709,0.993,0.75,0.0035814169965415754,0.30413253491724823,24,31,4,1,23,26,10,7,1.2444070877329492,37.06327707384731
550,3710,0.986,0.715,0.00486990752891614,0.3113839519386805,24,31,4,1,24,26,10,7,1.2179577168358513,35.94782478664514
550,3711,0.97,0.857,0.005908731467684669,0.316013102272252,24,31,4,1,25,26,10,7,1.294352733994872,41.460762904219756
550,3712,0.999,0.858,5.080450530391412e-4,0.29345812693611617,24,31,4,1,10,27,10,7,1.3168769874213764,40.65792499919822
550,3713,0.999,0.85,6.408650183312714e-4,0.29358192133465744,24,31,4,1,11,27,10,7,1.3116786954128667,40.39282667395615
550,3714,0.999,0.843,8.149599000696339e-4,0.2937423123066001,24,31,4,1,12,27,10,7,1.3071533957420605,40.159140324335844
550,3715,0.998,0.834,0.0010443731766796027,0.293953205507539,24,31,4,1,13,27,10,7,1.30059986160233,39.88453746411934
550,3716,0.998,0.824,0.0013541446222348208,0.2942361952934285,24,31,4,1,14,27,10,7,1.2942101838573208,39.544828347592805
550,3717,0.997,0.813,0.0017764804492704789,0.294626480541332,24,31,4,1,15,27,10,7,1.286459482455627,39.19539724518994
550,3718,0.996,0.8,0.002360880106302421,0.29518368092184677,24,31,4,1,16,27,10,7,1.2775038160412673,38.77187809554532
550,3719,0.995,0.786,0.0031851577225520122,0.29601163141787046,24,31,4,1,17,27,10,7,1.2679988170341485,38.306962736170114
550,3720,0.994,0.769,0.004404495163027433,0.2972956800477863,24,31,4,1,18,27,10,7,1.2567406255866802,37.72703619277356
550,3721,0.992,0.75,0.006204415026667021,0.2993733041174844,24,31,4,1,19,27,10,7,1.2436092633942544,37.09104461910611
550,3722,0.989,0.727,0.00881764225199888,0.3028487980094865,24,31,4,1,20,27,10,7,1.227456720214607,36.319083428729755
550,3723,0.984,0.7,0.01232122890024312,0.308685982735855,24,31,4,1,21,27,10,7,1.207582709382674,35.42736645443285
550,3724,0.977,0.667,0.016594788238760372,0.31788097470871746,24,31,4,1,22,27,10,7,1.1829699911663019,34.32143742924617
550,3725,0.966,0.625,0.02149355151778687,0.3301568845562799,24,31,4,1,23,27,10,7,1.1505568217172066,32.9027835600022
550,3726,0.946,0.572,0.027183589147276033,0.3430406885829147,24,31,4,1,24,27,10,7,1.105486318323298,31.159304508344377
550,3727,0.909,0.714,0.032647281198766476,0.3521053893078586,24,31,4,1,25,27,10,7,1.1558879703500682,38.14887443298024
550,3728,0.857,0.858,0.02893392006546447,0.3485330363358966,24,31,4,1,26,27,10,7,1.212688335888492,45.033408614005644
550,3729,0.996,0.81,0.002200663320881646,0.2952768786368951,24,31,4,1,10,28,10,7,1.2837897024045644,39.119837474117396
550,3730,0.995,0.8,0.002745710006639701,0.29574767430843363,24,31,4,1,11,28,10,7,1.2767243241984545,38.79998113532084
550,3731,0.994,0.79,0.0034517903311422904,0.2963462867840374,24,31,4,1,12,28,10,7,1.2696991769706714,38.476575143534824
550,3732,0.993,0.778,0.0043771215455252754,0.2971195076140938,24,31,4,1,13,28,10,7,1.261480479436761,38.07814519658472
550,3733,0.991,0.765,0.005622803024153855,0.2981391893414793,24,31,4,1,14,28,10,7,1.251920924020363,37.66625678023893
550,3734,0.989,0.75,0.007313818010837081,0.2995192550874989,24,31,4,1,15,28,10,7,1.241217547410606,37.17456134287004
550,3735,0.986,0.733,0.009649954756822732,0.30144403592504754,24,31,4,1,16,28,10,7,1.2286110043459646,36.627397015510304
550,3736,0.983,0.714,0.012860653943081446,0.3042139982693799,24,31,4,1,17,28,10,7,1.2149423854652532,35.99270120808745
550,3737,0.978,0.693,0.017224682169305505,0.30831457607122636,24,31,4,1,18,28,10,7,1.1986379770389388,35.32096508272057
550,3738,0.971,0.667,0.02306177973519119,0.3144929095432204,24,31,4,1,19,28,10,7,1.178019524456195,34.48597841594605
550,3739,0.963,0.637,0.03069595535626679,0.3237276843308422,24,31,4,1,20,28,10,7,1.1546159534667793,33.4836219402446
550,3740,0.951,0.6,0.04016914384577008,0.3367890458828461,24,31,4,1,21,28,10,7,1.1244558684092496,32.24843511348256
550,3741,0.933,0.556,0.051534564134362526,0.3533030798543664,24,31,4,1,22,28,10,7,1.0861054276634474,30.79186066209674
550,3742,0.907,0.5,0.06494791780639853,0.3716468485225993,24,31,4,1,23,28,10,7,1.0356876942399191,28.866538350121786
550,3743,0.866,0.429,0.08078390242108813,0.3899027159754376,24,31,4,1,24,28,10,7,0.9664352021734307,26.35294375357332
550,3744,0.803,0.572,0.09653986314371077,0.40421637855494374,24,31,4,1,25,28,10,7,0.985897053449294,35.46336424154059
550,3745,0.731,0.715,0.0985720389844521,0.40651427790890826,24,31,4,1,26,28,10,7,1.0225389968113685,44.36604767512625
550,3746,0.667,0.858,0.07493146705250231,0.3888546834110569,24,31,4,1,27,28,10,7,1.0867626235751762,52.13888829912217
550,3747,0.988,0.762,0.006540126409191771,0.2996916340630339,24,31,4,1,10,29,10,7,1.2477131080500838,37.64138764384767
550,3748,0.986,0.75,0.00807832247490703,0.3009287563512696,24,31,4,1,11,29,10,7,1.2388284788460426,37.2584003677061
550,3749,0.983,0.737,0.01005452282081265,0.3024836188729383,24,31,4,1,12,29,10,7,1.228600016278691,36.86057064291273
550,3750,0.98,0.722,0.012614694812960625,0.3044695517421808,24,31,4,1,13,29,10,7,1.2172444290281226,36.380362970150806
550,3751,0.975,0.706,0.015936048093462163,0.3070567947689533,24,31,4,1,14,29,10,7,1.203769496207642,35.908393741586835
550,3752,0.97,0.688,0.02028229330669562,0.31050503631769255,24,31,4,1,15,29,10,7,1.1892199123795395,35.347252637456
550,3753,0.964,0.667,0.02603422384753029,0.3152103199082372,24,31,4,1,16,29,10,7,1.172256371277205,34.67969742707339
550,3754,0.955,0.643,0.03373045775471817,0.3217626567287065,24,31,4,1,17,29,10,7,1.1512923173547194,33.95232052726602
550,3755,0.945,0.616,0.04402351751632827,0.3309853035014696,24,31,4,1,18,29,10,7,1.1280429956344749,33.09839376183243
550,3756,0.931,0.583,0.05759337806841569,0.34385268270073144,24,31,4,1,19,29,10,7,1.0984762173119635,32.05514311216264
550,3757,0.913,0.546,0.07470393661995378,0.36108712939690335,24,31,4,1,20,29,10,7,1.0638068433696035,30.88062552227651
550,3758,0.889,0.5,0.09478843071417586,0.38247935505127806,24,31,4,1,21,29,10,7,1.0199612737746468,29.354693524661673
550,3759,0.856,0.445,0.11778027749638009,0.40685968184358534,24,31,4,1,22,29,10,7,0.964759555537026,27.46810875197728
550,3760,0.809,0.375,0.1455143964693304,0.4331406321964826,24,31,4,1,23,29,10,7,0.8916871648734214,24.869384344554256
550,3761,0.742,0.286,0.18078076964665057,0.4597250715686373,24,31,4,1,24,29,10,7,0.7952106639123999,21.07889475207368
550,3762,0.656,0.429,0.21809389763093434,0.48184339091576023,24,31,4,1,25,29,10,7,0.7838220461303701,33.18321787150694
550,3763,0.575,0.572,0.23903055172114263,0.49327988829364733,24,31,4,1,26,29,10,7,0.8110542521927864,44.850142156422
550,3764,0.518,0.715,0.2263743034772019,0.48608685961814646,24,31,4,1,27,29,10,7,0.8829207212428531,54.0775900372606
550,3765,0.497,0.858,0.16002910023665196,0.44607532906874214,24,31,4,1,28,29,10,7,0.991550805556629,59.91825723084886
550,3766,0.972,0.714,0.01513403576384642,0.3083944878922782,24,31,4,1,10,30,10,7,1.2060597000148874,36.29980920084513
550,3767,0.967,0.7,0.01844081799206887,0.3110508713204798,24,31,4,1,11,30,10,7,1.1937709160471284,35.900339777748066
550,3768,0.962,0.684,0.022601938260848886,0.314365888703688,24,31,4,1,12,30,10,7,1.1803812943282352,35.413539011504334
550,3769,0.955,0.667,0.02789610734779957,0.3185673171699587,24,31,4,1,13,30,10,7,1.1648665159579443,34.931577384444964
550,3770,0.946,0.647,0.03472318045358913,0.3239866960904362,24,31,4,1,14,30,10,7,1.1460911831089182,34.36948708146715
550,3771,0.936,0.625,0.04368055806443172,0.33110548302908993,24,31,4,1,15,30,10,7,1.125487005700199,33.73242516699139
550,3772,0.924,0.6,0.05553095074614056,0.34060528442996607,24,31,4,1,16,30,10,7,1.1017150266743212,32.99770510121629
550,3773,0.908,0.572,0.07132405884716109,0.3533901988281145,24,31,4,1,17,30,10,7,1.0731486383535134,32.209120798841866
550,3774,0.889,0.539,0.09195223303013078,0.3704985615835398,24,31,4,1,18,30,10,7,1.0396355130525314,31.228400282917583
550,3775,0.865,0.5,0.11772907987100145,0.39277195691266165,24,31,4,1,19,30,10,7,0.9991121058219643,30.029401761514666
550,3776,0.834,0.454,0.14884399627545664,0.4203041275418681,24,31,4,1,20,30,10,7,0.9495641105265089,28.56230387001481
550,3777,0.795,0.4,0.18616367668271872,0.45227347561429687,24,31,4,1,21,30,10,7,0.8899578641711079,26.709010119149994
550,3778,0.743,0.333,0.23135857504782664,0.48771914075868206,24,31,4,1,22,30,10,7,0.8142100466095957,24.141113472293735
550,3779,0.673,0.25,0.2861160736875731,0.5257182319906508,24,31,4,1,23,30,10,7,0.7179338409630793,20.378572717268078
550,3780,0.58,0.143,0.34879265800945003,0.5628262208120718,24,31,4,1,24,30,10,7,0.5973683955483416,13.85014333629901
550,3781,0.482,0.286,0.4026720550528845,0.5912732000443651,24,31,4,1,25,30,10,7,0.560464093408311,30.683240881066773
550,3782,0.412,0.429,0.42834764041255546,0.6032137551835974,24,31,4,1,26,30,10,7,0.5947982851353893,46.158020950418674
550,3783,0.387,0.572,0.41051140175737166,0.5924137231922711,24,31,4,1,27,30,10,7,0.6906178393293935,55.91876254699417
550,3784,0.405,0.714,0.32750656308193904,0.5451017808227566,24,31,4,1,28,30,10,7,0.8208660061179291,60.43692700336491
550,3785,0.45,0.857,0.18560625607533077,0.46216748839670563,24,31,4,1,29,30,10,7,0.9679612595553605,62.29659654163012
550,3786,0.945,0.667,0.02935334876882434,0.3232625656796507,24,31,4,1,10,31,10,7,1.1566823245818187,35.21521248792847
550,3787,0.937,0.65,0.03540966271103496,0.32823346521011565,24,31,4,1,11,31,10,7,1.1403810766581495,34.74917316204282
550,3788,0.927,0.632,0.04305403042751388,0.3344007934429277,24,31,4,1,12,31,10,7,1.1219416205846007,34.28495906265143
550,3789,0.915,0.611,0.052830484810366896,0.34215862317301016,24,31,4,1,13,31,10,7,1.1002481538271265,33.73339681909094
550,3790,0.9,0.589,0.06547964250286953,0.35205703603680427,24,31,4,1,14,31,10,7,1.0756026217892927,33.202518509009415
550,3791,0.883,0.563,0.08207077387056505,0.364846437231925,24,31,4,1,15,31,10,7,1.047214400206567,32.52154743784833
550,3792,0.863,0.534,0.10380030039213528,0.38149337902028313,24,31,4,1,16,31,10,7,1.0148522059886356,31.74805064560412
550,3793,0.838,0.5,0.1318126604015395,0.4031010281331775,24,31,4,1,17,31,10,7,0.9758299032105954,30.822783018100026
550,3794,0.808,0.462,0.16705282911178732,0.4306377477322625,24,31,4,1,18,31,10,7,0.9307566814157179,29.760152026728047
550,3795,0.771,0.417,0.2104232976809155,0.4644678391625233,24,31,4,1,19,31,10,7,0.8765443514164015,28.407006510253098
550,3796,0.726,0.364,0.2623219094248137,0.5040396166249255,24,31,4,1,20,31,10,7,0.8121403819537605,26.62815223032495
550,3797,0.669,0.3,0.32258257023530457,0.5482976428797686,24,31,4,1,21,31,10,7,0.7331855154052077,24.152918782772172
550,3798,0.597,0.222,0.39095273709851053,0.5962739092503606,24,31,4,1,22,31,10,7,0.6369403425753467,20.39811899462773
550,3799,0.505,0.125,0.46748400396807865,0.6458802341315012,24,31,4,1,23,31,10,7,0.5202403290787826,13.902687114220553
550,3800,0.394,0,0.5472690883215594,0.6910309503276718,24,31,4,1,24,31,10,7,0.394,0
550,3801,0.308,0.143,0.6003154990025066,0.7221064923742497,24,31,4,1,25,31,10,7,0.3395776788895289,24.904768808095184
550,3802,0.277,0.286,0.6183644521951195,0.7298260461664359,24,31,4,1,26,31,10,7,0.3981519810323691,45.915840314949214
550,3803,0.3,0.429,0.5799538077597075,0.7013914516065074,24,31,4,1,27,31,10,7,0.5234892549040524,55.034879226466444
550,3804,0.349,0.572,0.4681733513775267,0.6286290967532245,24,31,4,1,28,31,10,7,0.6700634298333255,58.610969065001704
550,3805,0.424,0.715,0.3148356230262398,0.5371176760349256,24,31,4,1,29,31,10,7,0.8312646991181569,59.33176271404461
550,3806,0.589,0.857,0.12616860233189797,0.42507369401965467,24,31,4,1,30,31,10,7,1.0398894171978095,55.49999007940477
550,3807,0.905,0.682,0.05085310778866914,0.3456682948924039,24,31,4,1,10,32,10,7,1.1332029826999221,37.00135613978438
550,3808,0.891,0.667,0.061107978914590744,0.3539680430903679,24,31,4,1,11,32,10,7,1.1130004492362078,36.8184189719036
550,3809,0.876,0.65,0.0740576413227243,0.3641962620082958,24,31,4,1,12,32,10,7,1.090814374676095,36.575752480417876
550,3810,0.857,0.632,0.09062027018330521,0.3769426803278526,24,31,4,1,13,32,10,7,1.0648347289603208,36.407150660485556
550,3811,0.835,0.611,0.11193514101910529,0.3929874897209934,24,31,4,1,14,32,10,7,1.0346719286807775,36.19429730422362
550,3812,0.81,0.588,0.13932896224758573,0.413314502446985,24,31,4,1,15,32,10,7,1.0009215753494378,35.97687028710933
550,3813,0.78,0.563,0.17417003881346937,0.4390485737379941,24,31,4,1,16,32,10,7,0.9619610179212046,35.821557881099025
550,3814,0.744,0.533,0.2178676236989734,0.4712448407688218,24,31,4,1,17,32,10,7,0.9152185531336218,35.61773027064017
550,3815,0.702,0.5,0.2714726790811087,0.510510226984956,24,31,4,1,18,32,10,7,0.8618607776201445,35.46039731616132
550,3816,0.651,0.461,0.3346527221795773,0.5566591556190705,24,31,4,1,19,32,10,7,0.7976979378185706,35.30388692594655
550,3817,0.59,0.417,0.4060813040283845,0.608854119404205,24,31,4,1,20,32,10,7,0.7224880621851132,35.25189268576741
550,3818,0.516,0.364,0.484822304061877,0.666282008797618,24,31,4,1,21,32,10,7,0.6314681306289336,35.20015133113236
550,3819,0.426,0.3,0.5718099909212107,0.7281569308283193,24,31,4,1,22,32,10,7,0.5210335881687476,35.15417763214743
550,3820,0.316,0.222,0.6677951441030765,0.7913000450585725,24,31,4,1,23,32,10,7,0.38618648345067697,35.08925519984534
550,3821,0.209,0.125,0.7544126009514066,0.8441176499435985,24,31,4,1,24,32,10,7,0.24352823244954577,30.88305830443041
550,3822,0.171,0.25,0.7979244851465657,0.8575939578499592,24,31,4,1,25,32,10,7,0.30288776799336087,55.62787208084756
550,3823,0.203,0.375,0.7675687367236125,0.806110731877785,24,31,4,1,26,32,10,7,0.42641998077013227,61.57183959753996
550,3824,0.277,0.5,0.6044561223724303,0.7049953182679983,24,31,4,1,27,32,10,7,0.5716021343557073,61.01354717831341
550,3825,0.478,0.625,0.40859840179215456,0.5819323152338033,24,31,4,1,28,32,10,7,0.7868347984170502,52.59124080433908
550,3826,0.71,0.75,0.21241195978469296,0.4514210168122723,24,31,4,1,29,32,10,7,1.0327632836231155,46.56935480474899
550,3827,0.932,0.876,0.04848887566107396,0.3292789342064294,24,31,4,1,30,32,10,7,1.2790621564255586,43.225919141182104
550,3828,1,1,0,0.2928932188134524,24,31,4,1,31,32,10,7,1.4142135623730951,45
550,3829,0.849,0.696,0.08139925823384642,0.37530663022383437,24,31,4,1,10,33,10,7,1.097823756347074,39.34448834862049
550,3830,0.829,0.682,0.09749990931201191,0.3877169660552271,24,31,4,1,11,33,10,7,1.07348265006939,39.443376929046515
550,3831,0.807,0.667,0.11775281421908179,0.40286428690786724,24,31,4,1,12,33,10,7,1.0469660930517282,39.574343201948366
550,3832,0.781,0.65,0.14331694784652027,0.4214952671361154,24,31,4,1,13,33,10,7,1.0161008808184353,39.769472445634726
550,3833,0.75,0.632,0.17553537551225395,0.44452843048196566,24,31,4,1,14,33,10,7,0.98077724280287,40.11972234875837
550,3834,0.716,0.611,0.21587583277161426,0.4730038570779199,24,31,4,1,15,33,10,7,0.9412635125192095,40.47584891197154
550,3835,0.675,0.588,0.26580695175882285,0.5079226273641368,24,31,4,1,16,33,10,7,0.8951921581425968,41.059484495620964
550,3836,0.628,0.563,0.32628368337380664,0.5499499005503525,24,31,4,1,17,33,10,7,0.843417452985175,41.87612537412492
550,3837,0.574,0.533,0.39672042269632846,0.5990843672077761,24,31,4,1,18,33,10,7,0.7833039001562547,42.87890360333855
550,3838,0.51,0.5,0.47539066494854,0.6545829818261732,24,31,4,1,19,33,10,7,0.7142128534267638,44.432733590142064
550,3839,0.436,0.462,0.5607191764879524,0.7153344735579118,24,31,4,1,20,33,10,7,0.6352479830743266,46.65843453528419
550,3840,0.35,0.416,0.6529783489854515,0.780072341781056,24,31,4,1,21,33,10,7,0.5436506231027424,49.924549700118966
550,3841,0.25,0.364,0.753360974153833,0.8452186610261527,24,31,4,1,22,33,10,7,0.44158351418502934,55.518207021828374
550,3842,0.137,0.3,0.8577447638462321,0.8932024458168704,24,31,4,1,23,33,10,7,0.32980145542432043,65.45540029007827
550,3843,0.098,0.222,0.9008706062845313,0.8761137629680992,24,31,4,1,24,33,10,7,0.2426684981615867,66.18134950026624
550,3844,0.184,0.333,0.7960823710676134,0.7969150459181817,24,31,4,1,25,33,10,7,0.38045367654945855,61.07704285220511
550,3845,0.355,0.445,0.6197709801126088,0.690966135806008,24,31,4,1,26,33,10,7,0.5692538976590323,51.418786730238786
550,3846,0.539,0.556,0.43450609299795684,0.5735522499061778,24,31,4,1,27,33,10,7,0.7743752320419346,45.88945206085007
550,3847,0.727,0.667,0.2556246374600246,0.4584279694434378,24,31,4,1,28,33,10,7,0.9866194808536876,42.535418775354465
550,3848,0.896,0.778,0.0990523866854991,0.3592167687455259,24,31,4,1,29,33,10,7,1.1866338946785568,40.96789883447415
550,3849,0.992,0.889,0.009487067148751027,0.3005509603300598,24,31,4,1,30,33,10,7,1.3320604340644608,41.865721710792045
550,3850,1,1,0,0.2928932188134524,24,31,4,1,31,33,10,7,1.4142135623730951,45
550,3852,0.778,0.708,0.12183701911924316,0.41009599268370245,24,31,4,1,10,34,10,7,1.0519258529002888,42.303000055851925
550,3853,0.752,0.696,0.14518408652947434,0.4268271948425648,24,31,4,1,11,34,10,7,1.0246560398494706,42.78524487268077
550,3854,0.722,0.682,0.1740718950340744,0.44696680515820253,24,31,4,1,12,34,10,7,0.9931807489072672,43.36808304617399
550,3855,0.688,0.667,0.2097418208998889,0.47128882740345923,24,31,4,1,13,34,10,7,0.9582447495290543,44.11209221445276
550,3856,0.65,0.65,0.2535248295069651,0.500640728280549,24,31,4,1,14,34,10,7,0.9192388155425119,45
550,3857,0.606,0.632,0.30665831195716164,0.5358107712907472,24,31,4,1,15,34,10,7,0.875591228827699,46.20312706552497
550,3858,0.557,0.611,0.36978930789938613,0.5772811764640087,24,31,4,1,16,34,10,7,0.8267829219329582,47.647063769871956
550,3859,0.502,0.588,0.44214523268400396,0.6248985807792187,24,31,4,1,17,34,10,7,0.773141642908982,49.51123900843702
550,3860,0.439,0.563,0.5216795213275478,0.6775921769496953,24,31,4,1,18,34,10,7,0.7139257664491456,52.054628448792194
550,3861,0.37,0.533,0.6057218519529368,0.7332137182506273,24,31,4,1,19,34,10,7,0.648836651245905,55.23224243962155
550,3862,0.293,0.5,0.6923809167444919,0.7879756548214176,24,31,4,1,20,34,10,7,0.5795248053362341,59.62969732096472
550,3863,0.211,0.462,0.7801510029573371,0.8335504588873448,24,31,4,1,21,34,10,7,0.5079025497081109,65.45334798971513
550,3864,0.127,0.416,0.8642166816706645,0.8508755109685684,24,31,4,1,22,34,10,7,0.43495402055849536,73.02317433297523
550,3865,0.091,0.364,0.856414519280242,0.8208562800033334,24,31,4,1,23,34,10,7,0.37520261193120713,75.96375653207353
550,3866,0.231,0.3,0.7492505303372621,0.7527474572463485,24,31,4,1,24,34,10,7,0.3786304266695956,52.403728852788014
550,3867,0.392,0.4,0.5966977621685321,0.6643918708854274,24,31,4,1,25,34,10,7,0.5600571399419885,45.57872556560776
550,3868,0.558,0.5,0.43394163509525674,0.5669424207446072,24,31,4,1,26,34,10,7,0.7492422839108855,41.86216238194495
550,3869,0.721,0.6,0.2759415699068447,0.4700609856935526,24,31,4,1,27,34,10,7,0.9379984008515153,39.76646668971481
550,3870,0.866,0.7,0.13675948971161256,0.384578331538587,24,31,4,1,28,34,10,7,1.1135331158075183,38.94909724915906
550,3871,0.966,0.8,0.03819102559459775,0.322100150428303,24,31,4,1,29,34,10,7,1.2542551574540166,39.630104778280426
550,3872,0.999,0.9,0.0011692633256691343,0.2950214548891005,24,31,4,1,30,34,10,7,1.3446192769702507,42.015717856406624
550,3873,1,1,0,0.2928932188134524,24,31,4,1,31,34,10,7,1.4142135623730951,45
550,3876,0.696,0.72,0.17095223870686127,0.44720072679570044,24,31,4,1,10,35,10,7,1.0014070101612031,45.971021931079164
550,3877,0.663,0.708,0.2018783531375994,0.4677787939405559,24,31,4,1,11,35,10,7,0.969965463302689,46.879930544339445
550,3878,0.627,0.696,0.23923724022001058,0.4920746380986373,24,31,4,1,12,35,10,7,0.9367737186748997,47.985510296287885
550,3879,0.587,0.682,0.2840577575597508,0.5206887905727209,24,31,4,1,13,35,10,7,0.8998294282807159,49.281296135086485
550,3880,0.543,0.667,0.3371528909177759,0.554113510997932,24,31,4,1,14,35,10,7,0.8600802288158936,50.85120749732103
550,3881,0.495,0.65,0.3986975726724945,0.5925128278849614,24,31,4,1,15,35,10,7,0.8170220315266903,52.70933308003393
550,3882,0.442,0.632,0.4676663644515825,0.6353947558212913,24,31,4,1,16,35,10,7,0.7712249995948005,55.03232472434979
550,3883,0.385,0.611,0.5415314396949829,0.6812078776027528,24,31,4,1,17,35,10,7,0.7221814176507174,57.78437342499132
550,3884,0.325,0.588,0.616818092882425,0.7268763396752207,24,31,4,1,18,35,10,7,0.6718400107168372,61.069645625583355
550,3885,0.264,0.563,0.6895285617938937,0.7671012572085018,24,31,4,1,19,35,10,7,0.6218239300638083,64.87734352041389
550,3886,0.205,0.533,0.7544448483163795,0.7933537750789472,24,31,4,1,20,35,10,7,0.5710639193645489,68.96248897457819
550,3887,0.153,0.5,0.7988634108734779,0.7949037909354828,24,31,4,1,21,35,10,7,0.5228852646613786,72.9858892919256
550,3888,0.118,0.462,0.7682438392155819,0.7661924703528177,24,31,4,1,22,35,10,7,0.4768312070324257,75.67232578233512
550,3889,0.254,0.417,0.6716924774518422,0.7119501873815485,24,31,4,1,23,35,10,7,0.48826734480200495,58.653874781775166
550,3890,0.406,0.364,0.5501914776113574,0.6410782900316503,24,31,4,1,24,35,10,7,0.5452815786362125,41.87786953788429
550,3891,0.559,0.454,0.4156167069561062,0.56150210016048,24,31,4,1,25,35,10,7,0.720136792560969,39.0822808627754
550,3892,0.706,0.546,0.2812182456263854,0.48032613624445,24,31,4,1,26,35,10,7,0.8924976190444431,37.71733056760452
550,3893,0.838,0.637,0.15991110351896043,0.4052278135617168,24,31,4,1,27,35,10,7,1.0526219644297756,37.240034336703324
550,3894,0.937,0.727,0.06551564181136416,0.3446133507014967,24,31,4,1,28,35,10,7,1.185958683934647,37.807188055448776
550,3895,0.99,0.819,0.011903128509322736,0.3064711890812942,24,31,4,1,29,35,10,7,1.2848583579523465,39.600026576674935
550,3896,1,0.909,1.493981254986343e-4,0.2936133414387876,24,31,4,1,30,35,10,7,1.35139964481274,42.270837050918736
550,3897,1,1,0,0.2928932188134524,24,31,4,1,31,35,10,7,1.4142135623730951,45
550,3992,1,1,0,0.2928932188134524,24,31,4,1,10,24,1,10,1.4142135623730951,45
550,3993,1,1,0,0.2928932188134524,24,31,4,1,11,24,1,10,1.4142135623730951,45
550,3994,1,1,0,0.2928932188134524,24,31,4,1,12,24,1,10,1.4142135623730951,45
550,3995,1,1,0,0.2928932188134524,24,31,4,1,13,24,1,10,1.4142135623730951,45
550,3996,1,1,0,0.2928932188134524,24,31,4,1,14,24,1,10,1.4142135623730951,45
550,3997,1,1,0,0.2928932188134524,24,31,4,1,15,24,1,10,1.4142135623730951,45
550,3998,1,1,0,0.2928932188134524,24,31,4,1,16,24,1,10,1.4142135623730951,45
550,3999,1,1,0,0.2928932188134524,24,31,4,1,17,24,1,10,1.4142135623730951,45
550,4000,1,1,0,0.2928932188134524,24,31,4,1,18,24,1,10,1.4142135623730951,45
550,4001,1,1,0,0.2928932188134524,24,31,4,1,19,24,1,10,1.4142135623730951,45
550,4002,1,1,0,0.2928932188134524,24,31,4,1,20,24,1,10,1.4142135623730951,45
550,4003,1,1,0,0.2928932188134524,24,31,4,1,21,24,1,10,1.4142135623730951,45
550,4004,1,1,0,0.2928932188134524,24,31,4,1,22,24,1,10,1.4142135623730951,45
550,4005,1,1,0,0.2928932188134524,24,31,4,1,23,24,1,10,1.4142135623730951,45
550,4006,1,0.953,2.172373392284044e-12,0.29289321922029377,24,31,4,1,10,25,1,10,1.3813793830805496,43.62141221053497
550,4007,1,0.95,3.640310275443426e-12,0.29289321934418777,24,31,4,1,11,25,1,10,1.379311422413372,43.53119928561418
550,4008,1,0.948,6.70286048887192e-12,0.2928932195412516,24,31,4,1,12,25,1,10,1.3779346864057092,43.470907000688804
550,4009,1,0.945,1.3177348101578445e-11,0.29289321984704286,24,31,4,1,13,25,1,10,1.3758724504836921,43.38024250274473
550,4010,1,0.942,2.7488678000509026e-11,0.2928932203273613,24,31,4,1,14,25,1,10,1.3738136700440857,43.289306039103366
550,4011,1,0.938,6.587996814744201e-11,0.29289322121240113,24,31,4,1,15,25,1,10,1.3710740315533658,43.16763304046667
550,4012,1,0.934,1.785684933253151e-10,0.29289322291497766,24,31,4,1,16,25,1,10,1.3683406008739198,43.045473375173806
550,4013,1,0.929,5.61369284390878e-10,0.292893226525606,24,31,4,1,17,25,1,10,1.3649325990685401,42.8920866639288
550,4014,1,0.924,2.142783728231734e-9,0.29289323517707555,24,31,4,1,18,25,1,10,1.3615344285033706,42.73793318624221
550,4015,1,0.917,8.465730005902117e-9,0.29289325605532446,24,31,4,1,19,25,1,10,1.3567936468011634,42.52082345847564
550,4016,1,0.909,3.674316606527839e-8,0.292893313035253,24,31,4,1,20,25,1,10,1.35139964481274,42.270837050918736
550,4017,1,0.9,1.929163068181694e-7,0.292893518196099,24,31,4,1,21,25,1,10,1.3453624047073711,41.98721249581666
550,4018,1,0.889,1.2299211371580299e-6,0.2928946235349502,24,31,4,1,22,25,1,10,1.3380287739805896,41.63709543013025
550,4019,1,0.876,9.147171757817318e-6,0.29290665416641926,24,31,4,1,23,25,1,10,1.3294269442131825,41.218359795425336
550,4020,1,0.857,6.829595356838691e-5,0.2934152044724567,24,31,4,1,24,25,1,10,1.3169848138835922,40.59657583596283
550,4021,1,0.905,1.5646242079725425e-9,0.2928932823095338,24,31,4,1,10,26,1,10,1.348712348872064,42.14509520315724
550,4022,1,0.9,2.4728882275226738e-9,0.2928932998433045,24,31,4,1,11,26,1,10,1.3453624047073711,41.98721249581666
550,4023,1,0.895,4.230350958422946e-9,0.2928933268561299,24,31,4,1,12,26,1,10,1.3420227270802831,41.82854278370222
550,4024,1,0.889,7.565160609068755e-9,0.2928933673438522,24,31,4,1,13,26,1,10,1.3380287739805896,41.63709543013025
550,4025,1,0.883,1.4109364676606617e-8,0.2928934289735491,24,31,4,1,14,26,1,10,1.3340498491435768,41.4445038973404
550,4026,1,0.876,2.9640354393123403e-8,0.2928935375031311,24,31,4,1,15,26,1,10,1.3294269442131825,41.218359795425336
550,4027,1,0.867,6.878382274866368e-8,0.29289373499867055,24,31,4,1,16,26,1,10,1.323513883569039,40.92528797789907
550,4028,1,0.857,1.7874624325120436e-7,0.2928941243174419,24,31,4,1,17,26,1,10,1.3169848138835922,40.59657583596283
550,4029,1,0.847,5.178041247999587e-7,0.29289496374374524,24,31,4,1,18,26,1,10,1.3104995230827061,40.26459927013793
550,4030,1,0.834,1.5047758754604956e-6,0.2928967179937778,24,31,4,1,19,26,1,10,1.3021351696348578,39.82810630428432
550,4031,1,0.819,4.511451969335667e-6,0.29290077092027245,24,31,4,1,20,26,1,10,1.2925792045364184,39.31747620953449
550,4032,1,0.8,1.5003923026557509e-5,0.2929123049829424,24,31,4,1,21,26,1,10,1.2806248474865698,38.659808254090095
550,4033,1,0.778,5.857410198051305e-5,0.29295607956519876,24,31,4,1,22,26,1,10,1.266998026833507,37.88291605856699
550,4034,1,0.75,2.3928213120105735e-4,0.29320702125678744,24,31,4,1,23,26,1,10,1.25,36.86989764584402
550,4035,0.997,0.715,9.362036856052081e-4,0.29572606598332085,24,31,4,1,24,26,1,10,1.2268797822117699,35.646254087082475
550,4036,0.985,0.857,0.002714769821550944,0.3051010239284869,24,31,4,1,25,26,1,10,1.3056316479007393,41.02492440775422
550,4037,1,0.858,5.271458380917693e-8,0.2928942655881952,24,31,4,1,10,27,1,10,1.317635761506191,40.62959351305883
550,4038,1,0.85,7.92740142419035e-8,0.29289452951211503,24,31,4,1,11,27,1,10,1.3124404748406686,40.36453657309736
550,4039,1,0.843,1.2757049028255807e-7,0.2928949252314734,24,31,4,1,12,27,1,10,1.3079178108734508,40.1308887134993
550,4040,1,0.834,2.1408363570785127e-7,0.29289550177098633,24,31,4,1,13,27,1,10,1.3021351696348578,39.82810630428432
550,4041,1,0.824,3.739722791440414e-7,0.292896357162053,24,31,4,1,14,27,1,10,1.2957530628943155,39.48852258397938
550,4042,1,0.813,7.180077699064924e-7,0.2928978077106874,24,31,4,1,15,27,1,10,1.2887858627405873,39.111110804715416
550,4043,1,0.8,1.4970709244499503e-6,0.2929003286024294,24,31,4,1,16,27,1,10,1.2806248474865698,38.659808254090095
550,4044,1,0.786,3.4014246790281533e-6,0.2929050051016372,24,31,4,1,17,27,1,10,1.2719260984821406,38.1673468344621
550,4045,1,0.769,8.395270317262948e-6,0.29291424901717855,24,31,4,1,18,27,1,10,1.2614915774590014,37.560284279318815
550,4046,1,0.75,2.0395196650424552e-5,0.29293155974263974,24,31,4,1,19,27,1,10,1.25,36.86989764584402
550,4047,1,0.727,5.092058402889066e-5,0.29296706725562327,24,31,4,1,20,27,1,10,1.236336928187458,36.01715173092213
550,4048,1,0.7,1.361189776699634e-4,0.29305357107058316,24,31,4,1,21,27,1,10,1.2206555615733703,34.99202019855866
550,4049,0.999,0.667,3.883232764503308e-4,0.2933192189954573,24,31,4,1,22,27,1,10,1.2012035630982785,33.729755198814786
550,4050,0.998,0.625,0.0012372866785895775,0.29440555047014627,24,31,4,1,23,27,1,10,1.1775521219886618,32.056959195154654
550,4051,0.992,0.572,0.004068432370883279,0.30040714682365943,24,31,4,1,24,27,1,10,1.1450973757720344,29.968303914763805
550,4052,0.971,0.714,0.010947166932965269,0.31715874750142237,24,31,4,1,25,27,1,10,1.20525391515647,36.32795240264527
550,4053,0.909,0.858,0.017192417313924402,0.3314513316460215,24,31,4,1,26,27,1,10,1.2499779998063965,43.34676075077436
550,4054,1,0.81,5.348560135898239e-7,0.2929002685678739,24,31,4,1,10,28,1,10,1.2868954891520912,39.007472552121044
550,4055,1,0.8,7.741169603114884e-7,0.2929019016854072,24,31,4,1,11,28,1,10,1.2806248474865698,38.659808254090095
550,4056,1,0.79,1.1872304073179407e-6,0.2929042941984571,24,31,4,1,12,28,1,10,1.2744018204632321,38.30873556744772
550,4057,1,0.778,1.8923870841458523e-6,0.2929076992587849,24,31,4,1,13,28,1,10,1.266998026833507,37.88291605856699
550,4058,1,0.765,3.1271333061910767e-6,0.29291264461802213,24,31,4,1,14,28,1,10,1.2590571869458511,37.41598861857788
550,4059,1,0.75,5.623317293479424e-6,0.2929207661637916,24,31,4,1,15,28,1,10,1.25,36.86989764584402
550,4060,1,0.733,1.0863367973734661e-5,0.29293434033641874,24,31,4,1,16,28,1,10,1.2398745904324355,36.24141615772501
550,4061,1,0.714,2.2525349093527325e-5,0.2929582543524686,24,31,4,1,17,28,1,10,1.2287375635179385,35.52683658500573
550,4062,1,0.693,4.976748846086121e-5,0.29300222148395283,24,31,4,1,18,28,1,10,1.2166548401251687,34.72195926903065
550,4063,1,0.667,1.0720702826272355e-4,0.29307786421581083,24,31,4,1,19,28,1,10,1.202035357217083,33.70328759485296
550,4064,1,0.637,2.3085335496886294e-4,0.29322012090340643,24,31,4,1,20,28,1,10,1.1856512978106168,32.49713642883802
550,4065,0.999,0.6,5.217808450302952e-4,0.29353155653704155,24,31,4,1,21,28,1,10,1.165332999618564,30.98905268032532
550,4066,0.998,0.556,0.0013288048170606581,0.29436462177264155,24,31,4,1,22,28,1,10,1.1424272405715823,29.12280172995387
550,4067,0.994,0.5,0.0037872934078765352,0.2971383885238832,24,31,4,1,23,28,1,10,1.112670661067326,26.70322401094096
550,4068,0.983,0.429,0.011086133469706771,0.3080482022176779,24,31,4,1,24,28,1,10,1.072534381733285,23.577376877297006
550,4069,0.952,0.572,0.024579595560092482,0.3321878227554107,24,31,4,1,25,28,1,10,1.1106250492402916,30.999146138143175
550,4070,0.878,0.715,0.04253341541938005,0.3565855078556891,24,31,4,1,26,28,1,10,1.1323025214137783,39.157676289789535
550,4071,0.753,0.858,0.048281666455689765,0.3650463236648569,24,31,4,1,27,28,1,10,1.1415660296277215,48.729087337392315
550,4072,1,0.762,2.8645032453811226e-6,0.2929221278733978,24,31,4,1,10,29,1,10,1.2572366523451342,37.30740066286194
550,4073,1,0.75,4.0198252763135045e-6,0.29292831487921,24,31,4,1,11,29,1,10,1.25,36.86989764584402
550,4074,1,0.737,5.944418585368538e-6,0.2929371995895669,24,31,4,1,12,29,1,10,1.2422435348996588,36.39021467612443
550,4075,1,0.722,9.097565472071523e-6,0.29294959868446613,24,31,4,1,13,29,1,10,1.2334034214319336,35.82928433102471
550,4076,1,0.706,1.4418527577109153e-5,0.29296728290262386,24,31,4,1,14,29,1,10,1.2241062045427267,35.222091694589956
550,4077,1,0.688,2.463655185913627e-5,0.2929955296581698,24,31,4,1,15,29,1,10,1.2138138242745466,34.52797165613836
550,4078,1,0.667,4.483890193507367e-5,0.29304117386922823,24,31,4,1,16,29,1,10,1.202035357217083,33.70328759485296
550,4079,1,0.643,8.677878298823938e-5,0.2931180810628421,24,31,4,1,17,29,1,10,1.1888856126642293,32.741017526902965
550,4080,1,0.616,1.746683884030764e-4,0.2932511396278178,24,31,4,1,18,29,1,10,1.174502447847598,31.633069303683154
550,4081,0.999,0.583,3.3809429810061076e-4,0.2934654171785639,24,31,4,1,19,29,1,10,1.1566719500359641,30.267133991990413
550,4082,0.999,0.546,6.620591494475025e-4,0.2938432644701421,24,31,4,1,20,29,1,10,1.1384713435128704,28.658657996983475
550,4083,0.997,0.5,0.0013937928445165726,0.2946099094789405,24,31,4,1,21,29,1,10,1.1153515140976857,26.633971488078767
550,4084,0.994,0.445,0.003297360480235101,0.2964733737335943,24,31,4,1,22,29,1,10,1.0890642772582342,24.117399804072694
550,4085,0.988,0.375,0.008676936651285883,0.30186893251821,24,31,4,1,23,29,1,10,1.0567729178967449,20.784491020041802
550,4086,0.971,0.286,0.021747699145648558,0.3187354149876227,24,31,4,1,24,29,1,10,1.012243547769014,16.411900284764044
550,4087,0.93,0.429,0.04350052017920225,0.3499037324034634,24,31,4,1,25,29,1,10,1.0241782071495176,24.763418846509143
550,4088,0.843,0.572,0.0761813942510452,0.3839732057880839,24,31,4,1,26,29,1,10,1.0187408895298156,34.15803244949001
550,4089,0.708,0.715,0.10533639068780942,0.409183149007471,24,31,4,1,27,29,1,10,1.0062251239161144,45.28184625548386
550,4090,0.572,0.858,0.11050235789558494,0.4133583993804809,24,31,4,1,28,29,1,10,1.031187664782701,56.309932474020215
550,4091,1,0.714,1.0414184979601337e-5,0.29298017269513477,24,31,4,1,10,30,1,10,1.2287375635179385,35.52683658500573
550,4092,1,0.7,1.4261275873783674e-5,0.2929974528328261,24,31,4,1,11,30,1,10,1.2206555615733703,34.99202019855866
550,4093,1,0.684,2.045268355244101e-5,0.29302184203245585,24,31,4,1,12,30,1,10,1.2115510719734435,34.37212791915244
550,4094,1,0.667,3.0273399837854598e-5,0.2930553176407976,24,31,4,1,13,30,1,10,1.202035357217083,33.70328759485296
550,4095,1,0.647,4.636020986814593e-5,0.2931023212173849,24,31,4,1,14,30,1,10,1.191053735143801,32.902867180587094
550,4096,1,0.625,7.603557531909999e-5,0.2931755955583074,24,31,4,1,15,30,1,10,1.1792476415070754,32.005383208083494
550,4097,1,0.6,1.3164607166216147e-4,0.2932905601827833,24,31,4,1,16,30,1,10,1.16619037896906,30.96375653207352
550,4098,1,0.572,2.3878583705505552e-4,0.29347692292694016,24,31,4,1,17,30,1,10,1.15203472169896,29.7695564803922
550,4099,0.999,0.539,4.4390059188159636e-4,0.2937833325904373,24,31,4,1,18,30,1,10,1.1351308294641635,28.348616191222078
550,4100,0.999,0.5,8.049841195690854e-4,0.29425198019392196,24,31,4,1,19,30,1,10,1.1171396510732219,26.587987836986883
550,4101,0.997,0.454,0.0014965009419997122,0.29503953464883215,24,31,4,1,20,30,1,10,1.0955021679576906,24.482910883472933
550,4102,0.995,0.4,0.002988517561318682,0.29655138755169475,24,31,4,1,21,30,1,10,1.0723921857231151,21.900622858208287
550,4103,0.989,0.333,0.0066450764890140235,0.2999792146540238,24,31,4,1,22,30,1,10,1.043556419174354,18.6085718657605
550,4104,0.978,0.25,0.016035137066400695,0.3089362054079403,24,31,4,1,23,30,1,10,1.009447373566349,14.339101567292428
550,4105,0.955,0.143,0.03602527716422488,0.33258189820365824,24,31,4,1,24,30,1,10,0.9656469334078579,8.516096200797344
550,4106,0.904,0.286,0.0679666807159236,0.3710790960687106,24,31,4,1,25,30,1,10,0.9481624333414608,17.555896435421975
550,4107,0.805,0.429,0.11597570966207826,0.41587268451966963,24,31,4,1,26,30,1,10,0.9121765180051502,28.054012770144723
550,4108,0.662,0.572,0.17711037282362396,0.4587569204739841,24,31,4,1,27,30,1,10,0.8748874213291673,40.82860128093303
550,4109,0.524,0.714,0.2168996139536905,0.48335206851691626,24,31,4,1,28,30,1,10,0.8856477855219873,53.72529455210978
550,4110,0.469,0.857,0.14595312802310634,0.4377708366954991,24,31,4,1,29,30,1,10,0.9769390973852976,61.30996941454118
550,4111,1,0.667,2.9256757041684622e-5,0.2931056929049515,24,31,4,1,10,31,1,10,1.202035357217083,33.70328759485296
550,4112,1,0.65,3.9177847701354906e-5,0.2931450864155648,24,31,4,1,11,31,1,10,1.1926860441876563,33.02386755579665
550,4113,1,0.632,5.480947174529849e-5,0.29319985520228753,24,31,4,1,12,31,1,10,1.182972527153526,32.292886498683416
550,4114,1,0.611,7.895871015572986e-5,0.29327396919669013,24,31,4,1,13,31,1,10,1.171887793263502,31.424930221497785
550,4115,1,0.589,1.1743701610689161e-4,0.2933766242104543,24,31,4,1,14,31,1,10,1.1605692568735397,30.49808511402463
550,4116,1,0.563,1.8539894209490537e-4,0.2935332552999943,24,31,4,1,15,31,1,10,1.1475926977808808,29.379511088434793
550,4117,0.999,0.534,3.0650140024579553e-4,0.29377272285708067,24,31,4,1,16,31,1,10,1.1327652007366753,28.12604271976925
550,4118,0.999,0.5,5.263571242578591e-4,0.2941481117102708,24,31,4,1,17,31,1,10,1.1171396510732219,26.587987836986883
550,4119,0.998,0.462,9.300055753528325e-4,0.29473957172365994,24,31,4,1,18,31,1,10,1.0997490622864836,24.840638065465726
550,4120,0.997,0.417,0.0016145332030168547,0.29560859872319867,24,31,4,1,19,31,1,10,1.0806932959910505,22.69735225297672
550,4121,0.995,0.364,0.0028794246830383674,0.2970170418325765,24,31,4,1,20,31,1,10,1.0594909154872447,20.0939924981527
550,4122,0.99,0.3,0.0054741581186428245,0.29961160209217874,24,31,4,1,21,31,1,10,1.034456378974,16.85839876773828
550,4123,0.982,0.222,0.01156604312823828,0.30519251661803537,24,31,4,1,22,31,1,10,1.0067810089587508,12.738681420719061
550,4124,0.966,0.125,0.025728829807967646,0.31865793751887317,24,31,4,1,23,31,1,10,0.9740538999459938,7.373080061042615
550,4125,0.935,0,0.05404501679937557,0.3498778801602833,24,31,4,1,24,31,1,10,0.935,0
550,4126,0.874,0.143,0.0972048946761721,0.3964871527023561,24,31,4,1,25,31,1,10,0.8856212508742097,9.292147755352598
550,4127,0.766,0.286,0.16402848039801787,0.4532502892225976,24,31,4,1,26,31,1,10,0.8176502919953004,20.474030131721978
550,4128,0.615,0.429,0.2550503458235358,0.5119528233292188,24,31,4,1,27,31,1,10,0.7498439837726245,34.8981235610295
550,4129,0.477,0.572,0.3186738673622833,0.547162207669428,24,31,4,1,28,31,1,10,0.7447905745912738,50.174729482857586
550,4130,0.429,0.715,0.27128779380194135,0.5152482885470191,24,31,4,1,29,31,1,10,0.8338261209628779,59.03624346792648
550,4131,0.474,0.857,0.1491932943828631,0.4394435961131409,24,31,4,1,30,31,1,10,0.9793492737527302,61.05336163753464
550,4132,1,0.682,6.840592171797333e-5,0.29333976466421563,24,31,4,1,10,32,1,10,1.2104230665350029,34.29398784028299
550,4133,1,0.667,8.996224560997579e-5,0.2934173347864175,24,31,4,1,11,32,1,10,1.202035357217083,33.70328759485296
550,4134,1,0.65,1.2309173159474884e-4,0.29352376612717734,24,31,4,1,12,32,1,10,1.1926860441876563,33.02386755579665
550,4135,1,0.632,1.7294836642944844e-4,0.29366603804028146,24,31,4,1,13,32,1,10,1.182972527153526,32.292886498683416
550,4136,1,0.611,2.5015019217633494e-4,0.29386074522131467,24,31,4,1,14,32,1,10,1.171887793263502,31.424930221497785
550,4137,0.999,0.588,3.818601896786733e-4,0.294152217740854,24,31,4,1,15,32,1,10,1.1592001552794926,30.4805812081878
550,4138,0.999,0.563,6.074031407090619e-4,0.29458778730148316,24,31,4,1,16,32,1,10,1.1467214134217605,29.404023460609075
550,4139,0.998,0.533,0.0010055787236455949,0.29525101743799964,24,31,4,1,17,32,1,10,1.1314119497336061,28.105254613191565
550,4140,0.997,0.5,0.0017099123506331138,0.2962594959614998,24,31,4,1,18,32,1,10,1.1153515140976857,26.633971488078767
550,4141,0.995,0.461,0.002863592801749859,0.29769557737686614,24,31,4,1,19,32,1,10,1.0966065839671035,24.859071655144643
550,4142,0.991,0.417,0.004910157709666962,0.2999598002794165,24,31,4,1,20,32,1,10,1.0751604531417625,22.820729346304365
550,4143,0.984,0.364,0.008995530420684128,0.3040014675805379,24,31,4,1,21,32,1,10,1.049167288853403,20.30037632522733
550,4144,0.973,0.3,0.018059243763459798,0.3123418359466902,24,31,4,1,22,32,1,10,1.0181989000190483,17.13582639017452
550,4145,0.952,0.222,0.037867584028849155,0.33120323379808647,24,31,4,1,23,32,1,10,0.9775418149624086,13.126411789138421
550,4146,0.913,0.125,0.07582833212802131,0.370659131000985,24,31,4,1,24,32,1,10,0.9215172271856886,7.795968692484507
550,4147,0.843,0.25,0.13094211228229713,0.4260408261547891,24,31,4,1,25,32,1,10,0.8792889172507521,16.518245096885668
550,4148,0.724,0.375,0.21872302449746628,0.495104550416711,24,31,4,1,26,32,1,10,0.8153532976569114,27.382159939257786
550,4149,0.568,0.5,0.33191097877971043,0.5669501068850762,24,31,4,1,27,32,1,10,0.7567192345910073,41.35687178779396
550,4150,0.43,0.625,0.40978994742103336,0.6096204647486569,24,31,4,1,28,32,1,10,0.7586336401715916,55.47202834386164
550,4151,0.389,0.75,0.3864726556868312,0.5796278085295817,24,31,4,1,29,32,1,10,0.8448792813177514,62.58573529779188
550,4152,0.451,0.876,0.22688967059799936,0.48110625225867254,24,31,4,1,30,32,1,10,0.9852801632023249,62.75877038118024
550,4153,1,1,0,0.2928932188134524,24,31,4,1,31,32,1,10,1.4142135623730951,45
550,4154,1,0.696,1.3960574194094022e-4,0.29372828319128064,24,31,4,1,10,33,1,10,1.218366119029908,34.83791680599924
550,4155,1,0.682,1.8050047060846897e-4,0.29386471131623537,24,31,4,1,11,33,1,10,1.2104230665350029,34.29398784028299
550,4156,1,0.667,2.4184052070863604e-4,0.2940497325217847,24,31,4,1,12,33,1,10,1.202035357217083,33.70328759485296
550,4157,0.999,0.65,3.3234667883219604e-4,0.29429443550077705,24,31,4,1,13,33,1,10,1.1918477251729769,33.05006682001603
550,4158,0.999,0.632,4.689380117032238e-4,0.2946257683125111,24,31,4,1,14,33,1,10,1.1821273197079916,32.318780598174655
550,4159,0.999,0.611,6.964458651484984e-4,0.29511339412266924,24,31,4,1,15,33,1,10,1.171034585313346,31.45044008323516
550,4160,0.998,0.588,0.0010780143523387853,0.29582754567804026,24,31,4,1,16,33,1,10,1.1583384652164497,30.505671520279726
550,4161,0.997,0.563,0.0017334687070006405,0.2968878768531381,24,31,4,1,17,33,1,10,1.1449794757985838,29.453160100168347
550,4162,0.995,0.533,0.002852434360156142,0.29845298826218003,24,31,4,1,18,33,1,10,1.1287665834883667,28.176992124197124
550,4163,0.991,0.5,0.004618586369583011,0.300627721930236,24,31,4,1,19,33,1,10,1.1099914414084462,26.772810949659604
550,4164,0.986,0.462,0.007675899983835666,0.30398427280188245,24,31,4,1,20,33,1,10,1.0888709749093324,25.105901497175882
550,4165,0.977,0.416,0.013602803089975413,0.3098289476371239,24,31,4,1,21,33,1,10,1.0618780532622378,23.063977207388028
550,4166,0.961,0.364,0.02610431603049923,0.32148712843437055,24,31,4,1,22,33,1,10,1.0276268778112025,20.74529027238102
550,4167,0.934,0.3,0.052540639367214204,0.34645283673654004,24,31,4,1,23,33,1,10,0.9809974515767104,17.806973807350907
550,4168,0.888,0.222,0.10102752544138116,0.3944820515570405,24,31,4,1,24,33,1,10,0.9153294488871206,14.036243467926479
550,4169,0.808,0.333,0.1689379315149171,0.45880620549166595,24,31,4,1,25,33,1,10,0.8739296310344444,22.397965318239375
550,4170,0.681,0.445,0.27672864466577696,0.5395052473385284,24,31,4,1,26,33,1,10,0.8135023048522974,33.162640880779556
550,4171,0.52,0.556,0.40614583992374864,0.6216712209905777,24,31,4,1,27,33,1,10,0.7612726187115888,46.91624437249638
550,4172,0.383,0.667,0.49732196080768876,0.6668507860658439,24,31,4,1,28,33,1,10,0.7691410793866104,60.135001940847836
550,4173,0.351,0.778,0.48518142881867543,0.6179765998047979,24,31,4,1,29,33,1,10,0.8535133273710493,65.71715966023042
550,4174,0.5,0.889,0.22424447050043872,0.4775684732106191,24,31,4,1,30,33,1,10,1.0199612737746468,60.64530647533833
550,4175,1,1,0,0.2928932188134524,24,31,4,1,31,33,1,10,1.4142135623730951,45
550,4177,1,0.708,2.561482036571583e-4,0.2943137152194548,24,31,4,1,10,34,1,10,1.2252607885670708,35.29849376407058
550,4178,0.999,0.696,3.2615436162608535e-4,0.294532712830361,24,31,4,1,11,34,1,10,1.2175454816966798,34.86479925813331
550,4179,0.999,0.682,4.2916489238054023e-4,0.294826659575421,24,31,4,1,12,34,1,10,1.2095970403402945,34.320676644511146
550,4180,0.999,0.667,5.778716142508245e-4,0.29521179727113844,24,31,4,1,13,34,1,10,1.2012035630982785,33.729755198814786
550,4181,0.998,0.65,8.002539756806204e-4,0.2957283185384284,24,31,4,1,14,34,1,10,1.1910096557123289,33.07630296063473
550,4182,0.998,0.632,0.001163743261107797,0.29647697985393673,24,31,4,1,15,34,1,10,1.181282354054271,32.34471174682118
550,4183,0.996,0.611,0.00176169376356472,0.2975540238136122,24,31,4,1,16,34,1,10,1.1684763583402105,31.527193121457636
550,4184,0.994,0.588,0.0027592459516503354,0.29911849762033693,24,31,4,1,17,34,1,10,1.1548939345238591,30.606407031509484
550,4185,0.992,0.563,0.004406071536088074,0.30137100211978474,24,31,4,1,18,34,1,10,1.140628335611561,29.57665798227922
550,4186,0.987,0.533,0.00693273507300507,0.3044407986317049,24,31,4,1,19,34,1,10,1.121720999179386,28.369945177505507
550,4187,0.979,0.5,0.011231863515809293,0.3090997470669514,24,31,4,1,20,34,1,10,1.099291135232155,27.054547554682166
550,4188,0.967,0.462,0.0193013320789035,0.31705015312904183,24,31,4,1,21,34,1,10,1.0716963189262152,25.53689839509382
550,4189,0.947,0.416,0.03573650597288658,0.33245760254806067,24,31,4,1,22,34,1,10,1.0343427865074517,23.715016841309055
550,4190,0.914,0.364,0.06970838128516677,0.36392815776469445,24,31,4,1,23,34,1,10,0.983815023264028,21.71489270875087
550,4191,0.861,0.3,0.12913506313557876,0.42037499899570563,24,31,4,1,24,34,1,10,0.9117680626124168,19.20997452976115
550,4192,0.772,0.4,0.21027503780629242,0.4931093667939326,24,31,4,1,25,34,1,10,0.8694734038485594,27.390241970032854
550,4193,0.638,0.5,0.3350880908977272,0.5836839181955453,24,31,4,1,26,34,1,10,0.8105825065963366,38.08576570208169
550,4194,0.473,0.6,0.47674371464859944,0.6721715674577162,24,31,4,1,27,34,1,10,0.7640215965533959,51.750109584777995
550,4195,0.339,0.7,0.5794509958449301,0.7106977882540886,24,31,4,1,28,34,1,10,0.7777666745239217,64.15975613123497
550,4196,0.325,0.8,0.5445633485528156,0.6285077239215822,24,31,4,1,29,34,1,10,0.8634958019585273,67.89055165624833
550,4197,0.615,0.9,0.22037727077371527,0.4596022121184178,24,31,4,1,30,34,1,10,1.0900573379414498,55.65390259993849
550,4198,1,1,0,0.2928932188134524,24,31,4,1,31,34,1,10,1.4142135623730951,45
550,4201,0.999,0.72,4.3248717097299494e-4,0.2951280660690798,24,31,4,1,10,35,1,10,1.2314223483435731,35.78107386189255
550,4202,0.999,0.708,5.428452114932814e-4,0.29545418970430104,24,31,4,1,11,35,1,10,1.2244447721314342,35.32553261115608
550,4203,0.999,0.696,7.03246517226308e-4,0.29588790928562814,24,31,4,1,12,35,1,10,1.2175454816966798,34.86479925813331
550,4204,0.998,0.682,9.328082434875151e-4,0.29645148918881536,24,31,4,1,13,35,1,10,1.2087712769585486,34.34740191907299
550,4205,0.997,0.667,0.0012717739609446888,0.2972008497954778,24,31,4,1,14,35,1,10,1.1995407454521918,33.78280049855468
550,4206,0.996,0.65,0.0018176427596886535,0.2982722135186616,24,31,4,1,15,35,1,10,1.1893342675631609,33.12888613874253
550,4207,0.994,0.632,0.002695308286998155,0.2997892805250868,24,31,4,1,16,35,1,10,1.1779049197622022,32.44880821352145
550,4208,0.992,0.611,0.004125174480428484,0.3019513081909888,24,31,4,1,17,35,1,10,1.1650686675041948,31.630054564955543
550,4209,0.987,0.588,0.006410449949604602,0.3049996847579931,24,31,4,1,18,35,1,10,1.148874666793554,30.784146526326445
550,4210,0.981,0.563,0.009856778237559372,0.30909033848355283,24,31,4,1,19,35,1,10,1.1310747101761227,29.85169422855195
550,4211,0.971,0.533,0.015597420124599748,0.31521472664827765,24,31,4,1,20,35,1,10,1.1076687230395195,28.763204014970874
550,4212,0.955,0.5,0.0260780379565545,0.3254902209467727,24,31,4,1,21,35,1,10,1.0779726341609976,27.63476507636205
550,4213,0.931,0.462,0.0469894682450398,0.34490656616522997,24,31,4,1,22,35,1,10,1.0393291105323665,26.392474049839155
550,4214,0.892,0.417,0.08921900670829308,0.38293304203715117,24,31,4,1,23,35,1,10,0.984658824161953,25.055561707988723
550,4215,0.831,0.364,0.1596173616831701,0.44716474985636523,24,31,4,1,24,35,1,10,0.9072248894292969,23.654691441241017
550,4216,0.735,0.454,0.25352563112427473,0.5271810614047164,24,31,4,1,25,35,1,10,0.8639102962692364,31.70308926223823
550,4217,0.594,0.546,0.3918336420981251,0.625110101119006,24,31,4,1,26,35,1,10,0.8068159641454797,42.58897025338877
550,4218,0.426,0.637,0.5421140041667152,0.7149751202465533,24,31,4,1,27,35,1,10,0.7663191241251911,56.22698533035677
550,4219,0.3,0.727,0.6496548345785489,0.73684434556973,24,31,4,1,28,35,1,10,0.7864661467603039,67.57627594098237
550,4220,0.317,0.819,0.5430237151614028,0.6211514177081773,24,31,4,1,29,35,1,10,0.8782084035125148,68.84070283790028
550,4221,0.685,0.909,0.21512400515980223,0.4410762778749653,24,31,4,1,30,35,1,10,1.1382029695972506,52.99922134236124
550,4222,1,1,0,0.2928932188134524,24,31,4,1,31,35,1,10,1.4142135623730951,45
550,4317,1,1,0,0.2928932188134524,24,31,4,1,10,24,4,10,1.4142135623730951,45
550,4318,1,1,0,0.2928932188134524,24,31,4,1,11,24,4,10,1.4142135623730951,45
550,4319,1,1,0,0.2928932188134524,24,31,4,1,12,24,4,10,1.4142135623730951,45
550,4320,1,1,0,0.2928932188134524,24,31,4,1,13,24,4,10,1.4142135623730951,45
550,4321,1,1,0,0.2928932188134524,24,31,4,1,14,24,4,10,1.4142135623730951,45
550,4322,1,1,0,0.2928932188134524,24,31,4,1,15,24,4,10,1.4142135623730951,45
550,4323,1,1,0,0.2928932188134524,24,31,4,1,16,24,4,10,1.4142135623730951,45
550,4324,1,1,0,0.2928932188134524,24,31,4,1,17,24,4,10,1.4142135623730951,45
550,4325,1,1,0,0.2928932188134524,24,31,4,1,18,24,4,10,1.4142135623730951,45
550,4326,1,1,0,0.2928932188134524,24,31,4,1,19,24,4,10,1.4142135623730951,45
550,4327,1,1,0,0.2928932188134524,24,31,4,1,20,24,4,10,1.4142135623730951,45
550,4328,1,1,0,0.2928932188134524,24,31,4,1,21,24,4,10,1.4142135623730951,45
550,4329,1,1,0,0.2928932188134524,24,31,4,1,22,24,4,10,1.4142135623730951,45
550,4330,1,1,0,0.2928932188134524,24,31,4,1,23,24,4,10,1.4142135623730951,45
550,4331,1,0.953,1.0044631792993641e-10,0.29289322187393096,24,31,4,1,10,25,4,10,1.3813793830805496,43.62141221053497
550,4332,1,0.95,1.7792467499333497e-10,0.29289322298847575,24,31,4,1,11,25,4,10,1.379311422413372,43.53119928561418
550,4333,1,0.948,3.3233393814668943e-10,0.2928932247023428,24,31,4,1,12,25,4,10,1.3779346864057092,43.470907000688804
550,4334,1,0.945,6.643459116162376e-10,0.29289322748033986,24,31,4,1,13,25,4,10,1.3758724504836921,43.38024250274473
550,4335,1,0.942,1.4502082867906552e-9,0.292893232254281,24,31,4,1,14,25,4,10,1.3738136700440857,43.289306039103366
550,4336,1,0.938,3.4388916159144856e-9,0.29289324091238467,24,31,4,1,15,25,4,10,1.3710740315533658,43.16763304046667
550,4337,1,0.934,8.682691565731204e-9,0.29289325759668994,24,31,4,1,16,25,4,10,1.3683406008739198,43.045473375173806
550,4338,1,0.929,2.3740787336024027e-8,0.2928932915499347,24,31,4,1,17,25,4,10,1.3649325990685401,42.8920866639288
550,4339,1,0.924,6.722251655322253e-8,0.29289336318150416,24,31,4,1,18,25,4,10,1.3615344285033706,42.73793318624221
550,4340,1,0.917,1.9824227526221705e-7,0.29289353025794507,24,31,4,1,19,25,4,10,1.3567936468011634,42.52082345847564
550,4341,1,0.909,6.302012798276024e-7,0.2928939961977568,24,31,4,1,20,25,4,10,1.35139964481274,42.270837050918736
550,4342,1,0.9,2.174722339431945e-6,0.2928956345420014,24,31,4,1,21,25,4,10,1.3453624047073711,41.98721249581666
550,4343,1,0.889,8.18214376929749e-6,0.29290394539310516,24,31,4,1,22,25,4,10,1.3380287739805896,41.63709543013025
550,4344,1,0.876,3.244010149072718e-5,0.2929757203921233,24,31,4,1,23,25,4,10,1.3294269442131825,41.218359795425336
550,4345,1,0.857,1.1744544243419419e-4,0.2942676864533751,24,31,4,1,24,25,4,10,1.3169848138835922,40.59657583596283
550,4346,1,0.905,5.065632879830417e-8,0.29289366553967155,24,31,4,1,10,26,4,10,1.348712348872064,42.14509520315724
550,4347,1,0.9,8.284741437325494e-8,0.29289381309310714,24,31,4,1,11,26,4,10,1.3453624047073711,41.98721249581666
550,4348,1,0.895,1.4124964786699223e-7,0.29289403349020116,24,31,4,1,12,26,4,10,1.3420227270802831,41.82854278370222
550,4349,1,0.889,2.535432906958235e-7,0.29289437806446317,24,31,4,1,13,26,4,10,1.3380287739805896,41.63709543013025
550,4350,1,0.883,4.800269606253238e-7,0.2928949427920279,24,31,4,1,14,26,4,10,1.3340498491435768,41.4445038973404
550,4351,1,0.876,9.591102559936004e-7,0.29289590667437926,24,31,4,1,15,26,4,10,1.3294269442131825,41.218359795425336
550,4352,1,0.867,2.0052470953713097e-6,0.29289761969667216,24,31,4,1,16,26,4,10,1.323513883569039,40.92528797789907
550,4353,1,0.857,4.320574721106141e-6,0.2929007536623873,24,31,4,1,17,26,4,10,1.3169848138835922,40.59657583596283
550,4354,1,0.847,9.375434359415458e-6,0.29290661451403277,24,31,4,1,18,26,4,10,1.3104995230827061,40.26459927013793
550,4355,1,0.834,2.0918797301150427e-5,0.292918566861057,24,31,4,1,19,26,4,10,1.3021351696348578,39.82810630428432
550,4356,1,0.819,4.9779925013537785e-5,0.2929464544173984,24,31,4,1,20,26,4,10,1.2925792045364184,39.31747620953449
550,4357,1,0.8,1.242050747114476e-4,0.2930235493039096,24,31,4,1,21,26,4,10,1.2806248474865698,38.659808254090095
550,4358,0.999,0.778,3.1014075500046534e-4,0.29329057092131305,24,31,4,1,22,26,4,10,1.266208908513915,37.910701733027835
550,4359,0.998,0.75,7.885262935631854e-4,0.29447384651775366,24,31,4,1,23,26,4,10,1.2484005767380917,36.92497207250216
550,4360,0.995,0.715,0.00192868878390684,0.3001311633162298,24,31,4,1,24,26,4,10,1.2252550754842846,35.700758317936604
550,4361,0.981,0.857,0.0038516044504890434,0.30957062084878195,24,31,4,1,25,26,4,10,1.302616597468342,41.14040964306452
550,4362,1,0.858,1.341788422370982e-6,0.29290016008336706,24,31,4,1,10,27,4,10,1.317635761506191,40.62959351305883
550,4363,1,0.85,2.069824573514012e-6,0.2929022584149674,24,31,4,1,11,27,4,10,1.3124404748406686,40.36453657309736
550,4364,1,0.843,3.3051848508103276e-6,0.2929053140113256,24,31,4,1,12,27,4,10,1.3079178108734508,40.1308887134993
550,4365,1,0.834,5.506987050818424e-6,0.29290994018604966,24,31,4,1,13,27,4,10,1.3021351696348578,39.82810630428432
550,4366,1,0.824,9.59148054990866e-6,0.29291720987868386,24,31,4,1,14,27,4,10,1.2957530628943155,39.48852258397938
550,4367,1,0.813,1.736331278334724e-5,0.29292897061155254,24,31,4,1,15,27,4,10,1.2887858627405873,39.111110804715416
550,4368,1,0.8,3.2491783568122656e-5,0.292948477210602,24,31,4,1,16,27,4,10,1.2806248474865698,38.659808254090095
550,4369,1,0.786,6.176316470718479e-5,0.29298130026191993,24,31,4,1,17,27,4,10,1.2719260984821406,38.1673468344621
550,4370,1,0.769,1.169123563300456e-4,0.2930376267945264,24,31,4,1,18,27,4,10,1.2614915774590014,37.560284279318815
550,4371,1,0.75,2.2220484606505497e-4,0.2931423565890642,24,31,4,1,19,27,4,10,1.25,36.86989764584402
550,4372,0.999,0.727,4.3534237936471154e-4,0.2933600301867437,24,31,4,1,20,27,4,10,1.2355282271158357,36.04442062634799
550,4373,0.998,0.7,9.096068554385051e-4,0.2938780318334624,24,31,4,1,21,27,4,10,1.2190176372801174,35.04592750208645
550,4374,0.997,0.667,0.0020368391803510244,0.29531715714010853,24,31,4,1,22,27,4,10,1.1995407454521918,33.78280049855468
550,4375,0.993,0.625,0.004656358492186374,0.2998553750248676,24,31,4,1,23,27,4,10,1.173317518832818,32.186550937754845
550,4376,0.983,0.572,0.010018275211318706,0.31237264039531587,24,31,4,1,24,27,4,10,1.137309544495253,30.194789829614336
550,4377,0.956,0.714,0.01809771708882657,0.3309335155276276,24,31,4,1,25,27,4,10,1.1932024136750645,36.754653189433
550,4378,0.895,0.858,0.022757103610724028,0.34050261879063026,24,31,4,1,26,27,4,10,1.239834263117454,43.79085617780448
550,4379,1,0.81,1.1318050598951857e-05,0.2929375724931461,24,31,4,1,10,28,4,10,1.2868954891520912,39.007472552121044
550,4380,1,0.8,1.675163433789706e-5,0.2929499329241001,24,31,4,1,11,28,4,10,1.2806248474865698,38.659808254090095
550,4381,1,0.79,2.5568464901537524e-5,0.2929675265467929,24,31,4,1,12,28,4,10,1.2744018204632321,38.30873556744772
550,4382,1,0.778,4.05042436936176e-5,0.29299340023165366,24,31,4,1,13,28,4,10,1.266998026833507,37.88291605856699
550,4383,1,0.765,6.645806786009789e-5,0.29303255816589135,24,31,4,1,14,28,4,10,1.2590571869458511,37.41598861857788
550,4384,1,0.75,1.1199493231084379e-4,0.2930930033400837,24,31,4,1,15,28,4,10,1.25,36.86989764584402
550,4385,1,0.733,1.9124014886262586e-4,0.29318766618890746,24,31,4,1,16,28,4,10,1.2398745904324355,36.24141615772501
550,4386,0.999,0.714,3.250876704948835e-4,0.29333713568505315,24,31,4,1,17,28,4,10,1.227923857574239,35.553950378731706
550,4387,0.999,0.693,5.542449883363387e-4,0.29357867937203364,24,31,4,1,18,28,4,10,1.2158330477495667,34.74880124918256
550,4388,0.998,0.667,9.753615626979517e-4,0.2940002984913692,24,31,4,1,19,28,4,10,1.2003720256653767,33.75625947840964
550,4389,0.997,0.637,0.0018121309521808016,0.29481188869422403,24,31,4,1,20,28,4,10,1.183122140778373,32.5751907392162
550,4390,0.994,0.6,0.003568084781390257,0.29656106155268247,24,31,4,1,21,28,4,10,1.1610495252141486,31.116093548476528
550,4391,0.99,0.556,0.0074884270243053,0.30076776200331234,24,31,4,1,22,28,4,10,1.1354452871010563,29.319270488072316
550,4392,0.98,0.5,0.015326240538628633,0.31129542219626427,24,31,4,1,23,28,4,10,1.1001818031580053,27.03086025984298
550,4393,0.96,0.429,0.027446763116579342,0.33216259028823647,24,31,4,1,24,28,4,10,1.0514946504856788,24.078673767989905
550,4394,0.916,0.572,0.04506515019085244,0.3580895734765701,24,31,4,1,25,28,4,10,1.0799259233854885,31.982887810922502
550,4395,0.833,0.715,0.0654504326300206,0.37917998440097833,24,31,4,1,26,28,4,10,1.0977768443540792,40.640922190962414
550,4396,0.723,0.858,0.06249751520786562,0.37881855802251985,24,31,4,1,27,28,4,10,1.122004010688019,49.88059004985189
550,4397,1,0.762,5.267743025827443e-5,0.2930664887923611,24,31,4,1,10,29,4,10,1.2572366523451342,37.30740066286194
550,4398,1,0.75,7.553497722956326e-5,0.29311123683702633,24,31,4,1,11,29,4,10,1.25,36.86989764584402
550,4399,1,0.737,1.1128891802403285e-4,0.2931736139966772,24,31,4,1,12,29,4,10,1.2422435348996588,36.39021467612443
550,4400,1,0.722,1.683455751665397e-4,0.29326294508420636,24,31,4,1,13,29,4,10,1.2334034214319336,35.82928433102471
550,4401,0.999,0.706,2.6091889042889616e-4,0.2933936753596448,24,31,4,1,14,29,4,10,1.2232894179220222,35.249105081031196
550,4402,0.999,0.688,4.107844821400475e-4,0.29358746954782367,24,31,4,1,15,29,4,10,1.2129901071319584,34.55474494650793
550,4403,0.999,0.667,6.558602908011135e-4,0.29387717734203567,24,31,4,1,16,29,4,10,1.2012035630982785,33.729755198814786
550,4404,0.998,0.643,0.0010592215691198614,0.2943135020364216,24,31,4,1,17,29,4,10,1.1872038578104436,32.79322086692087
550,4405,0.997,0.616,0.0017350503661311967,0.29498970527689117,24,31,4,1,18,29,4,10,1.171949230982298,31.709993329530594
550,4406,0.995,0.583,0.0029364958771420646,0.29611906505238816,24,31,4,1,19,29,4,10,1.1532189731356313,30.36730208757951
550,4407,0.992,0.546,0.005213260824856514,0.29817861153257286,24,31,4,1,20,29,4,10,1.1323338730250896,28.82852825591381
550,4408,0.986,0.5,0.009826026937035826,0.30230595042835195,24,31,4,1,21,29,4,10,1.1055297372753028,26.889538368531692
550,4409,0.976,0.445,0.018736776962000934,0.31118205043552705,24,31,4,1,22,29,4,10,1.0726607105697494,24.510264193964176
550,4410,0.958,0.375,0.033924977370332066,0.32961919633267034,24,31,4,1,23,29,4,10,1.0287803458464786,21.377387090380633
550,4411,0.925,0.286,0.056315701258246254,0.3588697123304099,24,31,4,1,24,29,4,10,0.9682050402678144,17.18104344919305
550,4412,0.863,0.429,0.08866393795966687,0.3932012924042717,24,31,4,1,25,29,4,10,0.9637478923452959,26.432114572203982
550,4413,0.759,0.572,0.12796187554969018,0.4257912181724245,24,31,4,1,26,29,4,10,0.9504025462928853,37.00252652819617
550,4414,0.634,0.715,0.15887481450205332,0.44552376672108396,24,31,4,1,27,29,4,10,0.9556050439381324,48.43616958125345
550,4415,0.537,0.858,0.14342506385089382,0.4357817196199,24,31,4,1,28,29,4,10,1.0121921754291523,57.958615678518584
550,4416,1,0.714,1.7028205768987448e-4,0.2933918911383271,24,31,4,1,10,30,4,10,1.2287375635179385,35.52683658500573
550,4417,1,0.7,2.3694153936115736e-4,0.29351182802560116,24,31,4,1,11,30,4,10,1.2206555615733703,34.99202019855866
550,4418,0.999,0.684,3.3648488906801166e-4,0.29367586864092754,24,31,4,1,12,30,4,10,1.210725815368616,34.39884513634789
550,4419,0.999,0.667,4.89092078731157e-4,0.29390525764603315,24,31,4,1,13,30,4,10,1.2012035630982785,33.729755198814786
550,4420,0.999,0.647,7.277487377369551e-4,0.2942312630339168,24,31,4,1,14,30,4,10,1.1902142664243274,32.92901710399405
550,4421,0.998,0.625,0.001105826355334738,0.29469848376738894,24,31,4,1,15,30,4,10,1.1775521219886618,32.056959195154654
550,4422,0.997,0.6,0.0017047502634924827,0.2953720530745063,24,31,4,1,16,30,4,10,1.1636189238749943,31.039756784569477
550,4423,0.995,0.572,0.002659731272536825,0.29635261692606896,24,31,4,1,17,30,4,10,1.1476972597335937,29.893492085296447
550,4424,0.992,0.539,0.004202306290672642,0.297829192550103,24,31,4,1,18,30,4,10,1.1289751990190042,28.517302464807685
550,4425,0.988,0.5,0.006874542934511063,0.3002191937506945,24,31,4,1,19,30,4,10,1.1073138669772,26.842734525620685
550,4426,0.982,0.454,0.011763771040739446,0.30440604791087733,24,31,4,1,20,30,4,10,1.0818687535925973,24.812129446529372
550,4427,0.972,0.4,0.020740376173850383,0.31232307260683656,24,31,4,1,21,30,4,10,1.0510870563373902,22.36827502739018
550,4428,0.955,0.333,0.036656556205386215,0.3278148507419114,24,31,4,1,22,30,4,10,1.011392109915833,19.223208748324467
550,4429,0.926,0.25,0.06243507889190869,0.35553709355022833,24,31,4,1,23,30,4,10,0.9591537937161069,15.108421709567331
550,4430,0.879,0.143,0.09830328223782137,0.3941417374565338,24,31,4,1,24,30,4,10,0.8905560060995603,9.240205659702116
550,4431,0.797,0.286,0.14967208219560157,0.43999503163740006,24,31,4,1,25,30,4,10,0.8467614776310978,19.740304752686946
550,4432,0.674,0.429,0.2216625214511163,0.48798070683046846,24,31,4,1,26,30,4,10,0.7989474325636199,32.476692509657845
550,4433,0.54,0.572,0.2849726336001386,0.5244264492048349,24,31,4,1,27,30,4,10,0.7866282476494217,46.64834450489613
550,4434,0.453,0.714,0.29557622481122214,0.5269789290937331,24,31,4,1,28,30,4,10,0.8455796828211992,57.6067611025666
550,4435,0.451,0.857,0.1806493507853404,0.4588496978551816,24,31,4,1,29,30,4,10,0.9684265589088313,62.24421493106468
550,4436,0.999,0.667,4.284368311037179e-4,0.2940643002442386,24,31,4,1,10,31,4,10,1.2012035630982785,33.729755198814786
550,4437,0.999,0.65,5.810969177165726e-4,0.29432788014234734,24,31,4,1,11,31,4,10,1.1918477251729769,33.05006682001603
550,4438,0.998,0.632,8.053912436726263e-4,0.29468228756843984,24,31,4,1,12,31,4,10,1.181282354054271,32.34471174682118
550,4439,0.998,0.611,0.001143510998656505,0.29516758645642627,24,31,4,1,13,31,4,10,1.1701816098366953,31.475987139631744
550,4440,0.997,0.589,0.001659551212916277,0.2958403346978793,24,31,4,1,14,31,4,10,1.157985319423351,30.573418101648212
550,4441,0.995,0.563,0.0024536417825019585,0.2967785145213533,24,31,4,1,15,31,4,10,1.1432383828406043,29.50244644119229
550,4442,0.993,0.534,0.0036687245293522963,0.298094441039807,24,31,4,1,16,31,4,10,1.1274772724982087,28.26977949608526
550,4443,0.99,0.5,0.005535297448588716,0.29996494107910143,24,31,4,1,17,31,4,10,1.1090987332063813,26.796081293973465
550,4444,0.985,0.462,0.008513365590713473,0.3027263339028685,24,31,4,1,18,31,4,10,1.0879655325422768,25.12824612167643
550,4445,0.978,0.417,0.013501368993962148,0.30709365671914945,24,31,4,1,19,31,4,10,1.0631900112397596,23.092448027599996
550,4446,0.967,0.364,0.022076366122401492,0.31450374175920437,24,31,4,1,20,31,4,10,1.0332400495528618,20.627437748861457
550,4447,0.95,0.3,0.03706912618208591,0.327835908668747,24,31,4,1,21,31,4,10,0.9962429422585637,17.52556837372287
550,4448,0.924,0.222,0.0628290592741817,0.3518672931970629,24,31,4,1,22,31,4,10,0.9502946911353342,13.509803953281386
550,4449,0.884,0.125,0.10207786153566578,0.39023356857797187,24,31,4,1,23,31,4,10,0.8927939291908296,8.04841984722252
550,4450,0.821,0,0.1548388482519708,0.4400971257934002,24,31,4,1,24,31,4,10,0.821,0
550,4451,0.721,0.143,0.2341217155820422,0.5001753042847884,24,31,4,1,25,31,4,10,0.7350442163570842,11.218210386663918
550,4452,0.581,0.286,0.33640867258417706,0.563173451165245,24,31,4,1,26,31,4,10,0.6475777945544458,26.208935586325747
550,4453,0.444,0.429,0.41909142134253374,0.6082970148047091,24,31,4,1,27,31,4,10,0.6173953352593458,44.01563329694528
550,4454,0.375,0.572,0.4341356128147206,0.6130029149406335,24,31,4,1,28,31,4,10,0.6839656424119562,56.751375405898195
550,4455,0.399,0.715,0.34074474803803756,0.5519142862991666,24,31,4,1,29,31,4,10,0.8187954567533945,60.83664959351865
550,4456,0.488,0.857,0.16558895841457633,0.44972677444318643,24,31,4,1,30,31,4,10,0.9862012979103202,60.34159195574553
550,4457,0.998,0.682,9.104110396609411e-4,0.29526644150543613,24,31,4,1,10,32,4,10,1.2087712769585486,34.34740191907299
550,4458,0.997,0.667,0.0012149950118643948,0.29576849685216156,24,31,4,1,11,32,4,10,1.1995407454521918,33.78280049855468
550,4459,0.996,0.65,0.0016560653751074295,0.29643338862252167,24,31,4,1,12,32,4,10,1.1893342675631609,33.12888613874253
550,4460,0.995,0.632,0.002305227351604211,0.2973274012790452,24,31,4,1,13,32,4,10,1.1787489130429771,32.422728177631605
550,4461,0.993,0.611,0.003273858940517349,0.29854121065587536,24,31,4,1,14,32,4,10,1.1659202374090605,31.60428283963808
550,4462,0.99,0.588,0.0047126795578357195,0.3001975397293064,24,31,4,1,15,32,4,10,1.1514529951326715,30.707744922578435
550,4463,0.986,0.563,0.006856103289275217,0.3024736027933299,24,31,4,1,16,32,4,10,1.1354140214036463,29.72610400478738
550,4464,0.981,0.533,0.010100807285267965,0.3056546710720127,24,31,4,1,17,32,4,10,1.1164452516805292,28.516256953736814
550,4465,0.973,0.5,0.015134854415967736,0.3102837876678113,24,31,4,1,18,32,4,10,1.0939510957990763,27.19748094797262
550,4466,0.962,0.461,0.023235315940341117,0.3174704523005101,24,31,4,1,19,32,4,10,1.066754423473369,25.604205754632726
550,4467,0.945,0.417,0.036767710645737806,0.3293307160152461,24,31,4,1,20,32,4,10,1.0329152917834066,23.810421500434774
550,4468,0.921,0.364,0.060009852660572016,0.34972606170023,24,31,4,1,21,32,4,10,0.9903216649149911,21.565050964126407
550,4469,0.885,0.3,0.09844382354925973,0.38391987521605464,24,31,4,1,22,32,4,10,0.9344650876303513,18.72578784527256
550,4470,0.832,0.222,0.15335061588705967,0.4339872767953947,24,31,4,1,23,32,4,10,0.861108587809923,14.939989257593808
550,4471,0.754,0.125,0.22791589603881335,0.4965227811991585,24,31,4,1,24,32,4,10,0.7642911748803594,9.413024926567564
550,4472,0.636,0.25,0.33442308072905436,0.571487913582004,24,31,4,1,25,32,4,10,0.6833710558693571,21.458884450228233
550,4473,0.484,0.375,0.45677608500509026,0.6475230169957926,24,31,4,1,26,32,4,10,0.6122752648931687,37.76828772319593
550,4474,0.35,0.5,0.5490033364262308,0.6997998932532459,24,31,4,1,27,32,4,10,0.6103277807866851,55.00797980144134
550,4475,0.306,0.625,0.5742805717253205,0.6972116365838621,24,31,4,1,28,32,4,10,0.69588864051657,63.91362993079458
550,4476,0.351,0.75,0.45565654074309714,0.6026687375157502,24,31,4,1,29,32,4,10,0.8280706491598407,64.92040597840976
550,4477,0.642,0.876,0.1714325628296145,0.4464304730098211,24,31,4,1,30,32,4,10,1.0860662963189678,53.76317912558711
550,4478,1,1,0,0.2928932188134524,24,31,4,1,31,32,4,10,1.4142135623730951,45
550,4479,0.996,0.696,0.0017196146541664792,0.2971809745102746,24,31,4,1,10,33,4,10,1.215085182199174,34.945664400005654
550,4480,0.995,0.682,0.0022632957525086095,0.29803677853514854,24,31,4,1,11,33,4,10,1.206295569087444,34.42779719683825
550,4481,0.993,0.667,0.003038418649659258,0.2991550185579863,24,31,4,1,12,33,4,10,1.1962182075190129,33.88933328707825
550,4482,0.991,0.65,0.004154077209113982,0.3006351519707504,24,31,4,1,13,33,4,10,1.185150201451276,33.26099411855279
550,4483,0.987,0.632,0.005772046761316152,0.3026102836291722,24,31,4,1,14,33,4,10,1.1720038395841543,32.63241943673238
550,4484,0.983,0.611,0.008127411121499395,0.3052593606362618,24,31,4,1,15,33,4,10,1.157415223677311,31.86370513373207
550,4485,0.977,0.588,0.011578572183694735,0.3088435812561403,24,31,4,1,16,33,4,10,1.140295137234216,31.041311307330925
550,4486,0.968,0.563,0.016677089040509352,0.3137907701420969,24,31,4,1,17,33,4,10,1.1198182888308263,30.182778041657656
550,4487,0.957,0.533,0.02437200438190401,0.320907750314665,24,31,4,1,18,33,4,10,1.0954168156459896,29.115567842177953
550,4488,0.94,0.5,0.03652955578561057,0.3317768026366098,24,31,4,1,19,33,4,10,1.0647065323364933,28.009176708013836
550,4489,0.917,0.462,0.056663597412735967,0.34925385751564364,24,31,4,1,20,33,4,10,1.0268071873531077,26.739732890466577
550,4490,0.884,0.416,0.0905124051897247,0.37804674317115095,24,31,4,1,21,33,4,10,0.9769912998589086,25.201123645475068
550,4491,0.837,0.364,0.14345819955544292,0.4232977073270098,24,31,4,1,22,33,4,10,0.9127239451225108,23.50357164156018
550,4492,0.771,0.3,0.2163476735351899,0.48526225989451444,24,31,4,1,23,33,4,10,0.8273094946874476,21.26126325757255
550,4493,0.677,0.222,0.3129597261223529,0.5605084170913595,24,31,4,1,24,33,4,10,0.7124696484763404,18.155211332110042
550,4494,0.545,0.333,0.44050083677425966,0.6491340519055386,24,31,4,1,25,33,4,10,0.6386814542477338,31.42531297775636
550,4495,0.383,0.445,0.5778834722818662,0.7351292056024076,24,31,4,1,26,33,4,10,0.5871234963787432,49.282272192778954
550,4496,0.261,0.556,0.6803340206103388,0.7823260772497928,24,31,4,1,27,33,4,10,0.6142125039430572,64.8534910324938
550,4497,0.255,0.667,0.681911799576797,0.7292591258357671,24,31,4,1,28,33,4,10,0.7140826282721069,69.07770253236446
550,4498,0.421,0.778,0.4206566670845111,0.5761471930990045,24,31,4,1,29,33,4,10,0.884604431370316,61.58080124775803
550,4499,0.808,0.889,0.13299680733796615,0.39246746447640957,24,31,4,1,30,33,4,10,1.2013263503311664,47.73272745387307
550,4500,1,1,0,0.2928932188134524,24,31,4,1,31,33,4,10,1.4142135623730951,45
550,4502,0.993,0.708,0.0029642978143712417,0.2999455047973687,24,31,4,1,10,34,4,10,1.2195544268297336,35.488525004907714
550,4503,0.991,0.696,0.003854824131821366,0.30127776405486506,24,31,4,1,11,34,4,10,1.2109900907934796,35.08116928970661
550,4504,0.988,0.682,0.005096185653494678,0.3029979499416754,24,31,4,1,12,34,4,10,1.2005282170777996,34.61667448077964
550,4505,0.984,0.667,0.006849979037060638,0.3052441355455858,24,31,4,1,13,34,4,10,1.188757754969447,34.131206901273316
550,4506,0.979,0.65,0.00935333004560901,0.30819850019590467,24,31,4,1,14,34,4,10,1.175134460391661,33.58188586645429
550,4507,0.973,0.632,0.01293413470346294,0.3121061618133223,24,31,4,1,15,34,4,10,1.160238337584136,33.00523545587467
550,4508,0.964,0.611,0.018070252506334428,0.3173293196568937,24,31,4,1,16,34,4,10,1.1413224785309364,32.36723527523908
550,4509,0.951,0.588,0.02549112737484993,0.3244668687345207,24,31,4,1,17,34,4,10,1.1180988328408181,31.728357991451535
550,4510,0.935,0.563,0.036554004086756464,0.33462934151671797,24,31,4,1,18,34,4,10,1.091418343257983,31.053787538290848
550,4511,0.912,0.533,0.053939768428616586,0.3499042231997873,24,31,4,1,19,34,4,10,1.056329967387085,30.303288897833262
550,4512,0.881,0.5,0.08237363841335432,0.3738389241045502,24,31,4,1,20,34,4,10,1.0129960513249794,29.576509220289502
550,4513,0.839,0.462,0.12864120690492942,0.4116540814704658,24,31,4,1,21,34,4,10,0.9577917310146293,28.839622465023087
550,4514,0.781,0.416,0.19726806882203995,0.4676929109005826,24,31,4,1,22,34,4,10,0.8848824780726535,28.04201653813356
550,4515,0.702,0.364,0.2884432441169521,0.5403327028229772,24,31,4,1,23,34,4,10,0.7907591289387685,27.407575437818405
550,4516,0.594,0.3,0.4034764634494441,0.6262197668352956,24,31,4,1,24,34,4,10,0.6654592399238288,26.796081293973465
550,4517,0.449,0.4,0.54659458797503,0.7241800313004798,24,31,4,1,25,34,4,10,0.601332686621973,41.69684082111747
550,4518,0.286,0.5,0.692635906461579,0.8092973641800629,24,31,4,1,26,34,4,10,0.57601736084948,60.2304435196078
550,4519,0.192,0.6,0.7882337689473699,0.815370843931339,24,31,4,1,27,34,4,10,0.629971427923521,72.25532837494306
550,4520,0.261,0.7,0.6513010740632224,0.695105587946717,24,31,4,1,28,34,4,10,0.7470749627714744,69.55167035994643
550,4521,0.576,0.8,0.3631115132264944,0.5209770083569736,24,31,4,1,29,34,4,10,0.9857869952479593,54.24611274556325
550,4522,0.886,0.9,0.0985205555535198,0.3573104459518943,24,31,4,1,30,34,4,10,1.2629315104153511,45.44911785238289
550,4523,1,1,0,0.2928932188134524,24,31,4,1,31,34,4,10,1.4142135623730951,45
550,4526,0.988,0.72,0.004752198995370827,0.30362498612853184,24,31,4,1,10,35,4,10,1.2225154395753044,36.08250522232263
550,4527,0.985,0.708,0.006102892446087971,0.3055493122761641,24,31,4,1,11,35,4,10,1.2130494631300077,35.70788995678029
550,4528,0.981,0.696,0.007960126826645597,0.3080078449643612,24,31,4,1,12,35,4,10,1.202820435476551,35.35494324929145
550,4529,0.975,0.682,0.010555422224742261,0.31118059325616876,24,31,4,1,13,35,4,10,1.1898525118685928,34.972295681466385
550,4530,0.968,0.667,0.014193973734644483,0.3153030378037954,24,31,4,1,14,35,4,10,1.175547957337343,34.56876825389146
550,4531,0.959,0.65,0.019305395259517688,0.3206934021774577,24,31,4,1,15,35,4,10,1.158525355786398,34.12900194695806
550,4532,0.946,0.632,0.026494052069566898,0.32782658298487466,24,31,4,1,16,35,4,10,1.1376906433648823,33.74593857556779
550,4533,0.929,0.611,0.03676292140941939,0.33748907421189744,24,31,4,1,17,35,4,10,1.1119181624562124,33.33277744841996
550,4534,0.907,0.588,0.05201731022826339,0.3511070278557131,24,31,4,1,18,35,4,10,1.080922291378987,32.95498110260554
550,4535,0.878,0.563,0.07582264943090322,0.3712440411945984,24,31,4,1,19,35,4,10,1.043001917543779,32.669213536165294
550,4536,0.839,0.533,0.11402816027507645,0.4019717272406189,24,31,4,1,20,35,4,10,0.9939869214431345,32.426982593207846
550,4537,0.787,0.5,0.17356623878080257,0.4485450886817133,24,31,4,1,21,35,4,10,0.9323995924495034,32.42877541814862
550,4538,0.718,0.462,0.2578970498091022,0.5139000934630928,24,31,4,1,22,35,4,10,0.8537962286166413,32.75941871803643
550,4539,0.628,0.417,0.3646695693950177,0.5945932519338721,24,31,4,1,23,35,4,10,0.7538388421937411,33.58466702031023
550,4540,0.509,0.364,0.49271799024298546,0.6869052651558563,24,31,4,1,24,35,4,10,0.6257611365369378,35.56960930242274
550,4541,0.357,0.454,0.6444686864263132,0.7855518611143454,24,31,4,1,25,35,4,10,0.5775508635609508,51.82048584027922
550,4542,0.205,0.546,0.7862303430482384,0.8454516720259398,24,31,4,1,26,35,4,10,0.5832160834544946,69.4209582817465
550,4543,0.168,0.637,0.8294711608180003,0.7870484561269745,24,31,4,1,27,35,4,10,0.6587814508621201,75.22544972495342
550,4544,0.381,0.727,0.5816307091457201,0.6377021847350994,24,31,4,1,28,35,4,10,0.8207862084611315,62.342246287262256
550,4545,0.68,0.819,0.30148153116455234,0.4721929120861137,24,31,4,1,29,35,4,10,1.0645003522780065,50.297801022262654
550,4546,0.928,0.909,0.07086543084138563,0.3367974952033922,24,31,4,1,30,35,4,10,1.2990246341005238,44.407413721130915
550,4547,1,1,0,0.2928932188134524,24,31,4,1,31,35,4,10,1.4142135623730951,45
550,4642,1,1,0,0.2928932188134524,24,31,4,1,10,24,7,10,1.4142135623730951,45
550,4643,1,1,0,0.2928932188134524,24,31,4,1,11,24,7,10,1.4142135623730951,45
550,4644,1,1,0,0.2928932188134524,24,31,4,1,12,24,7,10,1.4142135623730951,45
550,4645,1,1,0,0.2928932188134524,24,31,4,1,13,24,7,10,1.4142135623730951,45
550,4646,1,1,0,0.2928932188134524,24,31,4,1,14,24,7,10,1.4142135623730951,45
550,4647,1,1,0,0.2928932188134524,24,31,4,1,15,24,7,10,1.4142135623730951,45
550,4648,1,1,0,0.2928932188134524,24,31,4,1,16,24,7,10,1.4142135623730951,45
550,4649,1,1,0,0.2928932188134524,24,31,4,1,17,24,7,10,1.4142135623730951,45
550,4650,1,1,0,0.2928932188134524,24,31,4,1,18,24,7,10,1.4142135623730951,45
550,4651,1,1,0,0.2928932188134524,24,31,4,1,19,24,7,10,1.4142135623730951,45
550,4652,1,1,0,0.2928932188134524,24,31,4,1,20,24,7,10,1.4142135623730951,45
550,4653,1,1,0,0.2928932188134524,24,31,4,1,21,24,7,10,1.4142135623730951,45
550,4654,1,1,0,0.2928932188134524,24,31,4,1,22,24,7,10,1.4142135623730951,45
550,4655,1,1,0,0.2928932188134524,24,31,4,1,23,24,7,10,1.4142135623730951,45
550,4656,1,0.953,1.1852500092501828e-9,0.2928932309433573,24,31,4,1,10,25,7,10,1.3813793830805496,43.62141221053497
550,4657,1,0.95,2.1394134241958795e-9,0.2928932357645456,24,31,4,1,11,25,7,10,1.379311422413372,43.53119928561418
550,4658,1,0.948,4.018221089197027e-9,0.2928932433545576,24,31,4,1,12,25,7,10,1.3779346864057092,43.470907000688804
550,4659,1,0.945,7.873475649233797e-9,0.2928932557866297,24,31,4,1,13,25,7,10,1.3758724504836921,43.38024250274473
550,4660,1,0.942,1.6378078449008626e-8,0.2928932769760434,24,31,4,1,14,25,7,10,1.3738136700440857,43.289306039103366
550,4661,1,0.938,3.559321337665011e-8,0.2928933145425655,24,31,4,1,15,25,7,10,1.3710740315533658,43.16763304046667
550,4662,1,0.934,8.015298247343594e-8,0.29289338360153816,24,31,4,1,16,25,7,10,1.3683406008739198,43.045473375173806
550,4663,1,0.929,1.837193630560563e-7,0.29289351601128544,24,31,4,1,17,25,7,10,1.3649325990685401,42.8920866639288
550,4664,1,0.924,4.2906050368163307e-7,0.29289379109048386,24,31,4,1,18,25,7,10,1.3615344285033706,42.73793318624221
550,4665,1,0.917,1.053581889065569e-6,0.29289443768658463,24,31,4,1,19,25,7,10,1.3567936468011634,42.52082345847564
550,4666,1,0.909,2.71918147520811e-6,0.29289621397348264,24,31,4,1,20,25,7,10,1.35139964481274,42.270837050918736
550,4667,1,0.9,7.366434996547433e-6,0.29290233449778147,24,31,4,1,21,25,7,10,1.3453624047073711,41.98721249581666
550,4668,1,0.889,2.091422116867747e-5,0.2929309271609998,24,31,4,1,22,25,7,10,1.3380287739805896,41.63709543013025
550,4669,1,0.876,5.992278136823792e-5,0.2931307221668008,24,31,4,1,23,25,7,10,1.3294269442131825,41.218359795425336
550,4670,0.999,0.857,1.4980423633359496e-4,0.2950302806920524,24,31,4,1,24,25,7,10,1.3162256645423687,40.624902299009705
550,4671,1,0.905,4.4721811265358014e-7,0.2928948959944745,24,31,4,1,10,26,7,10,1.348712348872064,42.14509520315724
550,4672,1,0.9,7.229566799660248e-7,0.29289549662594483,24,31,4,1,11,26,7,10,1.3453624047073711,41.98721249581666
550,4673,1,0.895,1.2112939662412003e-6,0.29289640448018883,24,31,4,1,12,26,7,10,1.3420227270802831,41.82854278370222
550,4674,1,0.889,2.086936029765951e-6,0.29289781680413196,24,31,4,1,13,26,7,10,1.3380287739805896,41.63709543013025
550,4675,1,0.883,3.7027513490883734e-6,0.2929000723461457,24,31,4,1,14,26,7,10,1.3340498491435768,41.4445038973404
550,4676,1,0.876,6.711568027006898e-6,0.29290375996703144,24,31,4,1,15,26,7,10,1.3294269442131825,41.218359795425336
550,4677,1,0.867,1.228872032521533e-5,0.29290992620238165,24,31,4,1,16,26,7,10,1.323513883569039,40.92528797789907
550,4678,1,0.857,2.283597010532823e-5,0.29292061030965344,24,31,4,1,17,26,7,10,1.3169848138835922,40.59657583596283
550,4679,1,0.847,4.356278456296714e-5,0.29294044071123204,24,31,4,1,18,26,7,10,1.3104995230827061,40.26459927013793
550,4680,1,0.834,8.536472638120962e-5,0.29298088739058525,24,31,4,1,19,26,7,10,1.3021351696348578,39.82810630428432
550,4681,1,0.819,1.693454293424379e-4,0.29307339069325755,24,31,4,1,20,26,7,10,1.2925792045364184,39.31747620953449
550,4682,0.999,0.8,3.3956210321151037e-4,0.29331758007334297,24,31,4,1,21,26,7,10,1.2798441311347253,38.687774465176346
550,4683,0.999,0.778,6.966411569085951e-4,0.2940685290175734,24,31,4,1,22,26,7,10,1.266208908513915,37.910701733027835
550,4684,0.997,0.75,0.0014462914731854237,0.2967051798161868,24,31,4,1,23,26,7,10,1.2476012984924312,36.952562227091214
550,4685,0.993,0.715,0.0027285519695401383,0.3038733160339512,24,31,4,1,24,26,7,10,1.2236314804711426,35.75540723797567
550,4686,0.977,0.857,0.004523991323521548,0.31197153061732164,24,31,4,1,25,26,7,10,1.2996068636322293,41.25643025149205
550,4687,1,0.858,9.790057454939216e-6,0.2929180499821302,24,31,4,1,10,27,7,10,1.317635761506191,40.62959351305883
550,4688,1,0.85,1.490817483706941e-5,0.29292610424004706,24,31,4,1,11,27,7,10,1.3124404748406686,40.36453657309736
550,4689,1,0.843,2.325853073870121e-5,0.2929378300169615,24,31,4,1,12,27,7,10,1.3079178108734508,40.1308887134993
550,4690,1,0.834,3.7214320822154257e-5,0.29295524309461807,24,31,4,1,13,27,7,10,1.3021351696348578,39.82810630428432
550,4691,1,0.824,6.0599777531700205e-5,0.292981532265976,24,31,4,1,14,27,7,10,1.2957530628943155,39.48852258397938
550,4692,1,0.813,9.930516051059879e-5,0.2930218101895795,24,31,4,1,15,27,7,10,1.2887858627405873,39.111110804715416
550,4693,1,0.8,1.627754615683985e-4,0.29308467396291116,24,31,4,1,16,27,7,10,1.2806248474865698,38.659808254090095
550,4694,1,0.786,2.653572560713524e-4,0.2931863613519594,24,31,4,1,17,27,7,10,1.2719260984821406,38.1673468344621
550,4695,0.999,0.769,4.395610640890446e-4,0.29336145115199264,24,31,4,1,18,27,7,10,1.2606990124530122,37.58798896461457
550,4696,0.999,0.75,7.551030873450548e-4,0.29368745657871154,24,31,4,1,19,27,7,10,1.2492001440922107,36.89741723042958
550,4697,0.998,0.727,0.0013581602940546667,0.29435169765770275,24,31,4,1,20,27,7,10,1.234719806271852,36.07172523605618
550,4698,0.996,0.7,0.002522663098311395,0.2958440229249003,24,31,4,1,21,27,7,10,1.2173807949856938,35.099979816846094
550,4699,0.993,0.667,0.0048179474849257,0.29946822283137065,24,31,4,1,22,27,7,10,1.1962182075190129,33.88933328707825
550,4700,0.987,0.625,0.009016945751562089,0.30807492121867186,24,31,4,1,23,27,7,10,1.168243981366906,32.34330013826957
550,4701,0.973,0.572,0.015086824441675861,0.3230827862483572,24,31,4,1,24,27,7,10,1.1286775447398605,30.450102007247764
550,4702,0.94,0.714,0.022847272663095053,0.33903140506030605,24,31,4,1,25,27,7,10,1.1804219584538402,37.219376209459256
550,4703,0.88,0.858,0.024985014455727872,0.3435390951618169,24,31,4,1,26,27,7,10,1.2290500396647812,44.27477570094075
550,4704,1,0.81,7.278647443864639e-5,0.2930450672234963,24,31,4,1,10,28,7,10,1.2868954891520912,39.007472552121044
550,4705,1,0.8,1.0587288832519803e-4,0.2930898699620609,24,31,4,1,11,28,7,10,1.2806248474865698,38.659808254090095
550,4706,1,0.79,1.564673654417259e-4,0.29315292152605466,24,31,4,1,12,28,7,10,1.2744018204632321,38.30873556744772
550,4707,1,0.778,2.33478247165686e-4,0.29324285271289974,24,31,4,1,13,28,7,10,1.266998026833507,37.88291605856699
550,4708,0.999,0.765,3.50376596125912e-4,0.2933725381561927,24,31,4,1,14,28,7,10,1.2582630885470654,37.443655943560536
550,4709,0.999,0.75,5.295862080897384e-4,0.2935617905039474,24,31,4,1,15,28,7,10,1.2492001440922107,36.89741723042958
550,4710,0.999,0.733,8.097094152195172e-4,0.2938435137047608,24,31,4,1,16,28,7,10,1.2390681982845013,36.26875333399602
550,4711,0.998,0.714,0.0012588613329820308,0.2942790926860195,24,31,4,1,17,28,7,10,1.227110426978762,35.581100125088206
550,4712,0.997,0.693,0.0020168374906937014,0.294992832489949,24,31,4,1,18,28,7,10,1.2141902651561656,34.80259418363561
550,4713,0.995,0.667,0.0033318593400136765,0.2962439055267717,24,31,4,1,19,28,7,10,1.197878958826809,33.835993020749214
550,4714,0.992,0.637,0.005755764048231082,0.2985997730970871,24,31,4,1,20,28,7,10,1.1789117863521426,32.706025021125384
550,4715,0.987,0.6,0.010218287243550006,0.3033206167479904,24,31,4,1,21,28,7,10,1.1550623359801842,31.295532393347273
550,4716,0.978,0.556,0.017561677617198956,0.3128806855880206,24,31,4,1,22,28,7,10,1.124997777775583,29.618540201794534
550,4717,0.963,0.5,0.028052408747834767,0.32986019401746347,24,31,4,1,23,28,7,10,1.085066357417831,27.438826731081082
550,4718,0.934,0.429,0.04210131874143008,0.3523794524434013,24,31,4,1,24,28,7,10,1.0278117531921884,24.67001796003856
550,4719,0.88,0.572,0.06178226240133111,0.37510851533196243,24,31,4,1,25,28,7,10,1.0495637188851374,33.02386755579664
550,4720,0.795,0.715,0.07741499095401794,0.38990853117359947,24,31,4,1,26,28,7,10,1.0692286939658888,41.96729738382302
550,4721,0.7,0.858,0.06692559236484719,0.3824147042063253,24,31,4,1,27,28,7,10,1.1073228978035268,50.79068630869277
550,4722,0.999,0.762,3.01231946189362e-4,0.2934622143256844,24,31,4,1,10,29,7,10,1.25644140332926,37.335039409695085
550,4723,0.999,0.75,4.192685191880541e-4,0.29361550909103673,24,31,4,1,11,29,7,10,1.2492001440922107,36.89741723042958
550,4724,0.999,0.737,5.919699870475803e-4,0.29382492305459273,24,31,4,1,12,29,7,10,1.241438681530425,36.41759623176875
550,4725,0.998,0.722,8.476893606979008e-4,0.2941137572172834,24,31,4,1,13,29,7,10,1.2317824483243784,35.883740957109076
550,4726,0.998,0.706,0.0012286175557222334,0.29451571187117376,24,31,4,1,14,29,7,10,1.2224729035851878,35.27615455906439
550,4727,0.997,0.688,0.001801656055892109,0.2950822125521787,24,31,4,1,15,29,7,10,1.2113434690458358,34.608400733441414
550,4728,0.995,0.667,0.0026733797643764268,0.2958991355408356,24,31,4,1,16,29,7,10,1.197878958826809,33.835993020749214
550,4729,0.993,0.643,0.004032373661400412,0.29712442920934756,24,31,4,1,17,29,7,10,1.1830038038823036,32.92437819137994
550,4730,0.99,0.616,0.006271560425001876,0.2990632503043593,24,31,4,1,18,29,7,10,1.166,31.890791801845708
550,4731,0.985,0.583,0.010065657942837758,0.30231166432569356,24,31,4,1,19,29,7,10,1.1446021142737768,30.620363703253446
550,4732,0.978,0.546,0.016411386915896387,0.30804768798691873,24,31,4,1,20,29,7,10,1.120089282155668,29.173845923827454
550,4733,0.967,0.5,0.026552665906109052,0.31843020433180513,24,31,4,1,21,29,7,10,1.0886179311402142,27.341815714918493
550,4734,0.949,0.445,0.04175966524416663,0.33625683903738857,24,31,4,1,22,29,7,10,1.0481536146958612,25.12256857120856
550,4735,0.921,0.375,0.0627098944250023,0.36192839434077073,24,31,4,1,23,29,7,10,0.9944174173856771,22.154488251988276
550,4736,0.874,0.286,0.09020678688070227,0.3923082132635217,24,31,4,1,24,29,7,10,0.9196042627130433,18.119706999771545
550,4737,0.796,0.429,0.12665953173381972,0.42438747452196657,24,31,4,1,25,29,7,10,0.9042438830315636,28.322213251151478
550,4738,0.689,0.572,0.16460307500495686,0.449925600317582,24,31,4,1,26,29,7,10,0.8954914851633151,39.699073483474315
550,4739,0.585,0.715,0.18456406646828694,0.46132823580070015,24,31,4,1,27,29,7,10,0.9238235762308731,50.71059313749964
550,4740,0.519,0.858,0.14948632591601374,0.44009380279919363,24,31,4,1,28,29,7,10,1.0027586948014962,58.83046166594049
550,4741,0.998,0.714,8.817388530132364e-4,0.29446969012750657,24,31,4,1,10,30,7,10,1.227110426978762,35.581100125088206
550,4742,0.997,0.7,0.0012002789533144265,0.2948599212308679,24,31,4,1,11,30,7,10,1.2181990806103902,35.07293550251782
550,4743,0.997,0.684,0.0016566065712142475,0.2953800471793071,24,31,4,1,12,30,7,10,1.209076093552428,34.45238895686392
550,4744,0.995,0.667,0.0023177022009172044,0.2960788916703244,24,31,4,1,13,30,7,10,1.197878958826809,33.835993020749214
550,4745,0.994,0.647,0.00327105298303787,0.297026612503256,24,31,4,1,14,30,7,10,1.1860206574929462,33.06032168933993
550,4746,0.991,0.625,0.004658878570589109,0.2983311896714471,24,31,4,1,15,30,7,10,1.1716253667448482,32.238649817393316
550,4747,0.988,0.6,0.0067370600068688,0.300173761848495,24,31,4,1,16,30,7,10,1.1559169520341848,31.26978449168357
550,4748,0.984,0.572,0.009930500120446273,0.3028802813433872,24,31,4,1,17,30,7,10,1.1381739761565453,30.169471716253696
550,4749,0.977,0.539,0.014942743573016837,0.3070512555370625,24,31,4,1,18,30,7,10,1.1158180855318667,28.885031430587443
550,4750,0.968,0.5,0.022821643353357235,0.3137818844770127,24,31,4,1,19,30,7,10,1.0895063102157785,27.317661806452566
550,4751,0.954,0.454,0.03523543100954818,0.32499237897520583,24,31,4,1,20,30,7,10,1.0565188119479936,25.449355696271912
550,4752,0.935,0.4,0.054390051701356135,0.34345631657708475,24,31,4,1,21,30,7,10,1.0169685344198218,23.16160163595074
550,4753,0.905,0.333,0.08170271416808095,0.3711770730592939,24,31,4,1,22,30,7,10,0.9643204861455552,20.201384771204076
550,4754,0.861,0.25,0.11663308424155006,0.4067771063699176,24,31,4,1,23,30,7,10,0.8965606504860673,16.191186001316712
550,4755,0.793,0.143,0.16388793673034674,0.4484190825251444,24,31,4,1,24,30,7,10,0.8057902953002103,10.222168633636123
550,4756,0.691,0.286,0.23127387087479967,0.49405878414201354,24,31,4,1,25,30,7,10,0.7478482466383136,22.484316658564016
550,4757,0.568,0.429,0.2999518181468429,0.5337756610966735,24,31,4,1,26,30,7,10,0.71180404606886,37.063083020580294
550,4758,0.467,0.572,0.3389517822136624,0.5535987097120799,24,31,4,1,27,30,7,10,0.7384260287936767,50.77064586202135
550,4759,0.427,0.714,0.3088635797301461,0.53516199165936,24,31,4,1,28,30,7,10,0.8319405026803298,59.11892130305639
550,4760,0.45,0.857,0.18273523943822167,0.4601073836640198,24,31,4,1,29,30,7,10,0.9679612595553605,62.29659654163012
550,4761,0.995,0.667,0.00209575609572743,0.29647335696786115,24,31,4,1,10,31,7,10,1.197878958826809,33.835993020749214
550,4762,0.994,0.65,0.002803673448520394,0.2972941932765881,24,31,4,1,11,31,7,10,1.1876598839735222,33.18161762672928
550,4763,0.992,0.632,0.0037898629429733433,0.29836726931778934,24,31,4,1,12,31,7,10,1.1762176669307427,32.501080540361286
550,4764,0.99,0.611,0.005172820849314808,0.2997813689442508,24,31,4,1,13,31,7,10,1.1633662364019337,31.681711176979935
550,4765,0.986,0.589,0.007135947465649051,0.30166499931033,24,31,4,1,14,31,7,10,1.1485281885961702,30.852535955977668
550,4766,0.982,0.563,0.009952956441578564,0.30421796599170303,24,31,4,1,15,31,7,10,1.1319421363302984,29.826499161270114
550,4767,0.976,0.534,0.014058279717985678,0.3077739529610134,24,31,4,1,16,31,7,10,1.1125340444229113,28.684442697389397
550,4768,0.967,0.5,0.02011565705453111,0.31291617136938865,24,31,4,1,17,31,7,10,1.0886179311402142,27.341815714918493
550,4769,0.956,0.462,0.029241988784768358,0.3206659277299687,24,31,4,1,18,31,7,10,1.0617815217830833,25.792787523389855
550,4770,0.94,0.417,0.04333300325521605,0.3327463647435558,24,31,4,1,19,31,7,10,1.0283428416632265,23.922888817318235
550,4771,0.918,0.364,0.0651143276739311,0.35177945464133675,24,31,4,1,20,31,7,10,0.9875322779534854,21.629027066994002
550,4772,0.888,0.3,0.09721237907197344,0.3806009902403886,24,31,4,1,21,31,7,10,0.9373067800885684,18.666914274220215
550,4773,0.844,0.222,0.13985524581725683,0.41989905550769147,24,31,4,1,22,31,7,10,0.872708427826843,14.736879554159618
550,4774,0.783,0.125,0.19568627072862677,0.46776884673394725,24,31,4,1,23,31,7,10,0.7929148756329395,9.070298318563957
550,4775,0.693,0,0.27245990619416305,0.5235881190895109,24,31,4,1,24,31,7,10,0.693,0
550,4776,0.569,0.143,0.36867660394103985,0.5827786632549613,24,31,4,1,25,31,7,10,0.586694128145152,14.107300619813826
550,4777,0.439,0.286,0.45399009600009343,0.6302347658631311,24,31,4,1,26,31,7,10,0.5239436992654841,33.083464680540025
550,4778,0.357,0.429,0.4943638562917151,0.651662743947157,24,31,4,1,27,31,7,10,0.5581128918059499,50.233861647216436
550,4779,0.353,0.572,0.4611319770775071,0.627305505909661,24,31,4,1,28,31,7,10,0.6721554879639084,58.31990080101514
550,4780,0.4,0.715,0.340897053380135,0.5509059086671066,24,31,4,1,29,31,7,10,0.8192832233116946,60.775580809799095
550,4781,0.519,0.857,0.15187566675828057,0.4411201995472209,24,31,4,1,30,31,7,10,1.001903188935937,58.80086329461737
550,4782,0.99,0.682,0.004277358326153502,0.2999360416089173,24,31,4,1,10,32,7,10,1.2021746961236541,34.562524648881826
550,4783,0.988,0.667,0.005615573947313268,0.30144388907701436,24,31,4,1,11,32,7,10,1.1920708871539478,34.0233337739646
550,4784,0.984,0.65,0.007451996318368015,0.3033859544727189,24,31,4,1,12,32,7,10,1.1793031840879598,33.4475186382637
550,4785,0.98,0.632,0.009993363856398374,0.30590926344352976,24,31,4,1,13,32,7,10,1.1661149171501066,32.817887067311624
550,4786,0.974,0.611,0.013519885543001542,0.3092286896659946,24,31,4,1,14,32,7,10,1.14978128354918,32.100462316091686
550,4787,0.966,0.588,0.018454549951423926,0.31367945453705803,24,31,4,1,15,32,7,10,1.1308846094982459,31.328692867804165
550,4788,0.956,0.563,0.025440861270973336,0.31981351724834317,24,31,4,1,16,32,7,10,1.1094615811284319,30.494347292257377
550,4789,0.943,0.533,0.03559551111482351,0.3285620171421333,24,31,4,1,17,32,7,10,1.0832072747170782,29.475889003245747
550,4790,0.925,0.5,0.0508373818999408,0.3414655565633602,24,31,4,1,18,32,7,10,1.0514870422406546,28.393019421382995
550,4791,0.901,0.461,0.07405931722504466,0.3608967545194318,24,31,4,1,19,32,7,10,1.012087940843087,27.096724546109478
550,4792,0.869,0.417,0.10877273073397398,0.38990685090627475,24,31,4,1,20,32,7,10,0.9638723981938688,25.634575080999603
550,4793,0.825,0.364,0.15684219346680683,0.430768163242931,24,31,4,1,21,32,7,10,0.901732221892952,23.807653329842264
550,4794,0.767,0.3,0.21970889662032111,0.482873436649605,24,31,4,1,22,32,7,10,0.8235830255657289,21.362171979913313
550,4795,0.687,0.222,0.3005822839780653,0.5444992394947303,24,31,4,1,23,32,7,10,0.7219785315367764,17.90793286298781
550,4796,0.577,0.125,0.40261322029778424,0.6150604465498268,24,31,4,1,24,32,7,10,0.5903846203958907,12.223541884468034
550,4797,0.437,0.25,0.5176297239869814,0.6865921638081034,24,31,4,1,25,32,7,10,0.5034570488135011,29.77311277015052
550,4798,0.313,0.375,0.6079450597187641,0.7407904421743032,24,31,4,1,26,32,7,10,0.48846084797043865,50.149373258164985
550,4799,0.265,0.5,0.6518237960100426,0.7543611088430721,24,31,4,1,27,32,7,10,0.5658842637854493,62.076410284861616
550,4800,0.299,0.625,0.5847970079630622,0.6872859651056566,24,31,4,1,28,32,7,10,0.6928390866572122,64.43354753432789
550,4801,0.415,0.75,0.36607995787450454,0.5612584398181377,24,31,4,1,29,32,7,10,0.857161011712502,61.04278240121176
550,4802,0.791,0.876,0.11215367119389452,0.3939239460981736,24,31,4,1,30,32,7,10,1.1802783569988904,47.91897246948061
550,4803,1,1,0,0.2928932188134524,24,31,4,1,31,32,7,10,1.4142135623730951,45
550,4804,0.982,0.696,0.007761538253924449,0.30527658923359713,24,31,4,1,10,33,7,10,1.2036361576489798,35.3273986876527
550,4805,0.978,0.682,0.010050039786947629,0.307769858638965,24,31,4,1,11,33,7,10,1.1923120396943074,34.88966423575751
550,4806,0.972,0.667,0.013134083457216228,0.31094422582586845,24,31,4,1,12,33,7,10,1.178843925208083,34.45845897007794
550,4807,0.965,0.65,0.017315752339652102,0.31502502524439835,24,31,4,1,13,33,7,10,1.1634968843963442,33.963227694806264
550,4808,0.956,0.632,0.022995871979333615,0.3203433405331114,24,31,4,1,14,33,7,10,1.1460191970468907,33.468206952310304
550,4809,0.944,0.611,0.030808466950891455,0.32741292237424147,24,31,4,1,15,33,7,10,1.1244807690663277,32.912792105540696
550,4810,0.928,0.588,0.04181300043156466,0.3370609397622243,24,31,4,1,16,33,7,10,1.0986027489497738,32.35919286450097
550,4811,0.908,0.563,0.05780638164631646,0.35062561895444266,24,31,4,1,17,33,7,10,1.0683786781848466,31.800735991987093
550,4812,0.882,0.533,0.08157825416223852,0.3701801161001862,24,31,4,1,18,33,7,10,1.0305401496302802,31.144920816122404
550,4813,0.849,0.5,0.11691407244183838,0.39858750836522516,24,31,4,1,19,33,7,10,0.9852923424040196,30.4950286710452
550,4814,0.805,0.462,0.16706244824542416,0.43884249970855393,24,31,4,1,20,33,7,10,0.9281535433321364,29.85207626918268
550,4815,0.748,0.416,0.2340013859536434,0.49214875695651306,24,31,4,1,21,33,7,10,0.855897190087688,29.080612167882336
550,4816,0.674,0.364,0.31832269502033184,0.5569152514638662,24,31,4,1,22,33,7,10,0.7660104437930335,28.3716788874466
550,4817,0.577,0.3,0.42041140719832004,0.6318160256872105,24,31,4,1,23,33,7,10,0.6503299162732713,27.47130498074064
550,4818,0.45,0.222,0.5417180025423851,0.715543347394135,24,31,4,1,24,33,7,10,0.5017808286493217,26.25865955480728
550,4819,0.301,0.333,0.6696552835167862,0.7956102470569028,24,31,4,1,25,33,7,10,0.4488763749630849,47.88944854357162
550,4820,0.201,0.445,0.7619930944601112,0.8355035082281059,24,31,4,1,26,33,7,10,0.48828884894087027,65.69200105139461
550,4821,0.212,0.556,0.7567085390251125,0.779497105724069,24,31,4,1,27,33,7,10,0.5950462166924516,69.12840293026787
550,4822,0.364,0.667,0.5242616723965925,0.6399647442050328,24,31,4,1,28,33,7,10,0.759858539466393,61.37750466999312
550,4823,0.661,0.778,0.2756518669186723,0.48024713139189035,24,31,4,1,29,33,7,10,1.0208844204903904,49.648292276077314
550,4824,0.926,0.889,0.06159248779438875,0.33524019711504494,24,31,4,1,30,33,7,10,1.2836654548596376,43.83214862289741
550,4825,1,1,0,0.2928932188134524,24,31,4,1,31,33,7,10,1.4142135623730951,45
550,4827,0.97,0.708,0.012909069695357989,0.31273958671198865,24,31,4,1,10,34,7,10,1.2009013281698042,36.12559061633637
550,4828,0.963,0.696,0.016494981175710022,0.31651768310223327,24,31,4,1,11,34,7,10,1.1881855915638768,35.857198932430585
550,4829,0.955,0.682,0.021253954808443498,0.32128291198872183,24,31,4,1,12,34,7,10,1.1735199188765397,35.53200213280394
550,4830,0.944,0.667,0.02758666481683958,0.327355931966573,24,31,4,1,13,34,7,10,1.1558654766018406,35.243796757096014
550,4831,0.93,0.65,0.036105981448364854,0.33520716642978454,24,31,4,1,14,34,7,10,1.1346365056704284,34.95065141187513
550,4832,0.912,0.632,0.047797148365257836,0.34555662729455705,24,31,4,1,15,34,7,10,1.109580100758841,34.721280195867735
550,4833,0.891,0.611,0.06426362516945738,0.3595292848659656,24,31,4,1,16,34,7,10,1.0803712324937202,34.44023897138086
550,4834,0.863,0.588,0.08800848137819173,0.37885645324976347,24,31,4,1,17,34,7,10,1.0442763044328833,34.26833198700504
550,4835,0.828,0.563,0.12264973493685893,0.40601609646675185,24,31,4,1,18,34,7,10,1.0012756863122163,34.21380937106539
550,4836,0.784,0.533,0.17205912731224937,0.4439952982984787,24,31,4,1,19,34,7,10,0.9480216242259457,34.20970487700628
550,4837,0.729,0.5,0.23927124487935103,0.49513520431852887,24,31,4,1,20,34,7,10,0.8839915157963903,34.445098414952724
550,4838,0.659,0.462,0.3249916738207599,0.5592657369425948,24,31,4,1,21,34,7,10,0.8048136430255144,35.03284576744254
550,4839,0.57,0.416,0.426845366608,0.634046677972009,24,31,4,1,22,34,7,10,0.7056599747753871,36.12288616099761
550,4840,0.459,0.364,0.5442481725465419,0.7179661608330469,24,31,4,1,23,34,7,10,0.5858131101298434,38.415412916215594
550,4841,0.32,0.3,0.6793829768616819,0.8063355484063658,24,31,4,1,24,34,7,10,0.4386342439892262,43.15238973400541
550,4842,0.181,0.4,0.8067377820016575,0.8679279045307103,24,31,4,1,25,34,7,10,0.43904555572286574,65.65324814529508
550,4843,0.145,0.5,0.8528898215730805,0.8289473382498052,24,31,4,1,26,34,7,10,0.5206006146750117,73.82784098421745
550,4844,0.296,0.6,0.6635440009614695,0.7055770709476414,24,31,4,1,27,34,7,10,0.6690411048657623,63.74134044519272
550,4845,0.551,0.7,0.4171650151382702,0.5534000124462821,24,31,4,1,28,34,7,10,0.8908428593191955,51.7922002643511
550,4846,0.8,0.8,0.18741239808909327,0.4116963953232502,24,31,4,1,29,34,7,10,1.1313708498984762,45
550,4847,0.973,0.9,0.029254324622533967,0.31243805658054846,24,31,4,1,30,34,7,10,1.3254165383003187,42.76803204138014
550,4848,1,1,0,0.2928932188134524,24,31,4,1,31,34,7,10,1.4142135623730951,45
550,4851,0.953,0.72,0.02002086985865137,0.3223406884114992,24,31,4,1,10,35,7,10,1.1944073844379899,37.071372262474924
550,4852,0.943,0.708,0.02527469634454982,0.32766232618209434,24,31,4,1,11,35,7,10,1.1792001526458518,36.89905085542773
550,4853,0.931,0.696,0.03215351531341237,0.33432008775114075,24,31,4,1,12,35,7,10,1.1624013936674371,36.7811740389192
550,4854,0.915,0.682,0.04124801010100054,0.342739040719668,24,31,4,1,13,35,7,10,1.1412050648327847,36.69919568829059
550,4855,0.896,0.667,0.05345177355151243,0.3535373156740014,24,31,4,1,14,35,7,10,1.117007162018221,36.66472115667598
550,4856,0.873,0.65,0.07017032236134513,0.36764080222361295,24,31,4,1,15,35,7,10,1.0884066335703766,36.669858067105686
550,4857,0.844,0.632,0.09354312070422677,0.3864418545353425,24,31,4,1,16,35,7,10,1.0544003034900928,36.82642589431238
550,4858,0.808,0.611,0.1267699457115763,0.4119561500744202,24,31,4,1,17,35,7,10,1.013007897303866,37.09613844241305
550,4859,0.764,0.588,0.17368817876971265,0.4467946181619946,24,31,4,1,18,35,7,10,0.9640746859035352,37.58308628086161
550,4860,0.709,0.563,0.23788631030583907,0.49356822437677983,24,31,4,1,19,35,7,10,0.9053452380169676,38.452251568462636
550,4861,0.642,0.533,0.32125968473309896,0.5534134005789162,24,31,4,1,20,35,7,10,0.8344177610765485,39.700070313209295
550,4862,0.561,0.5,0.4212836140398186,0.6245977956020067,24,31,4,1,21,35,7,10,0.7514792079625358,41.709519992015146
550,4863,0.462,0.462,0.5336867764539747,0.7036522806917099,24,31,4,1,22,35,7,10,0.6533666658163699,45
550,4864,0.344,0.417,0.6576808591542518,0.7861492498289259,24,31,4,1,23,35,7,10,0.5405783939448561,50.47941267073416
550,4865,0.208,0.364,0.7920288677596992,0.8532650215940021,24,31,4,1,24,35,7,10,0.41923740291152456,60.25511870305778
550,4866,0.114,0.454,0.8782498492133702,0.843989172960018,24,31,4,1,25,35,7,10,0.46809400765230913,75.90438268854608
550,4867,0.221,0.546,0.7714956857467948,0.7488584348700278,24,31,4,1,26,35,7,10,0.5890305594788781,67.96377305985456
550,4868,0.451,0.637,0.53709729631268055,0.6179916600799954,24,31,4,1,27,35,7,10,0.7804934336687273,54.70126658184512
550,4869,0.683,0.727,0.31047655707511457,0.48264522126283416,24,31,4,1,28,35,7,10,0.997505889706923,46.78737337596037
550,4870,0.882,0.819,0.11889886919084347,0.36941996121254683,24,31,4,1,29,35,7,10,1.2036133099961963,42.87890360333854
550,4871,0.99,0.909,0.01193074184632148,0.30283347015866313,24,31,4,1,30,35,7,10,1.3440167409671653,42.55758468934291
550,4872,1,1,0,0.2928932188134524,24,31,4,1,31,35,7,10,1.4142135623730951,45
550,4967,1,1,0,0.2928932188134524,24,31,4,1,10,24,10,10,1.4142135623730951,45
550,4968,1,1,0,0.2928932188134524,24,31,4,1,11,24,10,10,1.4142135623730951,45
550,4969,1,1,0,0.2928932188134524,24,31,4,1,12,24,10,10,1.4142135623730951,45
550,4970,1,1,0,0.2928932188134524,24,31,4,1,13,24,10,10,1.4142135623730951,45
550,4971,1,1,0,0.2928932188134524,24,31,4,1,14,24,10,10,1.4142135623730951,45
550,4972,1,1,0,0.2928932188134524,24,31,4,1,15,24,10,10,1.4142135623730951,45
550,4973,1,1,0,0.2928932188134524,24,31,4,1,16,24,10,10,1.4142135623730951,45
550,4974,1,1,0,0.2928932188134524,24,31,4,1,17,24,10,10,1.4142135623730951,45
550,4975,1,1,0,0.2928932188134524,24,31,4,1,18,24,10,10,1.4142135623730951,45
550,4976,1,1,0,0.2928932188134524,24,31,4,1,19,24,10,10,1.4142135623730951,45
550,4977,1,1,0,0.2928932188134524,24,31,4,1,20,24,10,10,1.4142135623730951,45
550,4978,1,1,0,0.2928932188134524,24,31,4,1,21,24,10,10,1.4142135623730951,45
550,4979,1,1,0,0.2928932188134524,24,31,4,1,22,24,10,10,1.4142135623730951,45
550,4980,1,1,0,0.2928932188134524,24,31,4,1,23,24,10,10,1.4142135623730951,45
550,4981,1,0.953,7.3634545127987394e-9,0.2928932545589511,24,31,4,1,10,25,10,10,1.3813793830805496,43.62141221053497
550,4982,1,0.95,1.2968530360701891e-8,0.292893269470752,24,31,4,1,11,25,10,10,1.379311422413372,43.53119928561418
550,4983,1,0.948,2.365200268972245e-8,0.29289329285662813,24,31,4,1,12,25,10,10,1.3779346864057092,43.470907000688804
550,4984,1,0.945,4.4623425732304156e-8,0.2928933306167132,24,31,4,1,13,25,10,10,1.3758724504836921,43.38024250274473
550,4985,1,0.942,8.626584213633492e-8,0.2928933933634221,24,31,4,1,14,25,10,10,1.3738136700440857,43.289306039103366
550,4986,1,0.938,1.6963927873536733e-7,0.2928935008268626,24,31,4,1,15,25,10,10,1.3710740315533658,43.16763304046667
550,4987,1,0.934,3.3666540866228445e-7,0.2928936924668457,24,31,4,1,16,25,10,10,1.3683406008739198,43.045473375173806
550,4988,1,0.929,6.83305256155009e-7,0.2928940569578462,24,31,4,1,17,25,10,10,1.3649325990685401,42.8920866639288
550,4989,1,0.924,1.419916962008827e-6,0.29289481603147005,24,31,4,1,18,25,10,10,1.3615344285033706,42.73793318624221
550,4990,1,0.917,3.0682736368303765e-6,0.2928965864045717,24,31,4,1,19,25,10,10,1.3567936468011634,42.52082345847564
550,4991,1,0.909,6.8312565777439715e-6,0.2929013930094203,24,31,4,1,20,25,10,10,1.35139964481274,42.270837050918736
550,4992,1,0.9,1.5767213378814482e-5,0.2929172859755256,24,31,4,1,21,25,10,10,1.3453624047073711,41.98721249581666
550,4993,1,0.889,3.735947629979197e-5,0.292984630073609,24,31,4,1,22,25,10,10,1.3380287739805896,41.63709543013025
550,4994,1,0.876,8.65230493396485e-5,0.2933764124696022,24,31,4,1,23,25,10,10,1.3294269442131825,41.218359795425336
550,4995,0.999,0.857,1.7265069254090992e-4,0.2956380247786219,24,31,4,1,24,25,10,10,1.3162256645423687,40.624902299009705
550,4996,1,0.905,2.1100440896759665e-6,0.2928978978854203,24,31,4,1,10,26,10,10,1.348712348872064,42.14509520315724
550,4997,1,0.9,3.314109172314339e-6,0.2928996162493269,24,31,4,1,11,26,10,10,1.3453624047073711,41.98721249581666
550,4998,1,0.895,5.31174511342325e-6,0.2929021691625706,24,31,4,1,12,26,10,10,1.3420227270802831,41.82854278370222
550,4999,1,0.889,8.618718452479968e-6,0.29290603152119343,24,31,4,1,13,26,10,10,1.3380287739805896,41.63709543013025
550,5000,1,0.883,1.4139738704233018e-5,0.2929119830721548,24,31,4,1,14,26,10,10,1.3340498491435768,41.4445038973404
550,5001,1,0.876,2.3505079513763683e-5,0.2929213671698683,24,31,4,1,15,26,10,10,1.3294269442131825,41.218359795425336
550,5002,1,0.867,3.95568680480185e-5,0.29293670430103946,24,31,4,1,16,26,10,10,1.323513883569039,40.92528797789907
550,5003,1,0.857,6.756283410291886e-5,0.2929631799094524,24,31,4,1,17,26,10,10,1.3169848138835922,40.59657583596283
550,5004,1,0.847,1.1704607767393238e-4,0.29301219626958763,24,31,4,1,18,26,10,10,1.3104995230827061,40.26459927013793
550,5005,1,0.834,2.0252334262660376e-4,0.29311079899142367,24,31,4,1,19,26,10,10,1.3021351696348578,39.82810630428432
550,5006,0.999,0.819,3.556159463604658e-4,0.2933298007244738,24,31,4,1,20,26,10,10,1.2918057129460296,39.3455791773593
550,5007,0.999,0.8,6.380648280110979e-4,0.29387056375318843,24,31,4,1,21,26,10,10,1.2798441311347253,38.687774465176346
550,5008,0.998,0.778,0.0011658518362430703,0.2953444082329396,24,31,4,1,22,26,10,10,1.2654200883501099,37.93852205534109
550,5009,0.996,0.75,0.0020428619096204415,0.2993954026381299,24,31,4,1,23,26,10,10,1.2468023099112384,36.98018774930181
550,5010,0.99,0.715,0.0033943563840895807,0.306912000635454,24,31,4,1,24,26,10,10,1.2211981821145983,35.83765295427829
550,5011,0.974,0.857,0.004950603434725309,0.31336981756397264,24,31,4,1,25,26,10,10,1.2973530745329123,41.343798714502874
550,5012,1,0.858,3.9793431211521124e-5,0.29295903619826524,24,31,4,1,10,27,10,10,1.317635761506191,40.62959351305883
550,5013,1,0.85,5.86885842830398e-5,0.2929803923660438,24,31,4,1,11,27,10,10,1.3124404748406686,40.36453657309736
550,5014,1,0.843,8.731639385672896e-5,0.29301066417007626,24,31,4,1,12,27,10,10,1.3079178108734508,40.1308887134993
550,5015,1,0.834,1.3055385137261677e-4,0.29305410922553676,24,31,4,1,13,27,10,10,1.3021351696348578,39.82810630428432
550,5016,1,0.824,1.9467246988269515e-4,0.2931174003987921,24,31,4,1,14,27,10,10,1.2957530628943155,39.48852258397938
550,5017,1,0.813,2.9025414177996645e-4,0.29321170309528133,24,31,4,1,15,27,10,10,1.2887858627405873,39.111110804715416
550,5018,0.999,0.8,4.3648961125952734e-4,0.2933572635095488,24,31,4,1,16,27,10,10,1.2798441311347253,38.687774465176346
550,5019,0.999,0.786,6.704837125213192e-4,0.29359319135104167,24,31,4,1,17,27,10,10,1.2711400394921089,38.19520098498541
550,5020,0.998,0.769,0.0010572519467941799,0.29399836876065344,24,31,4,1,18,27,10,10,1.259906742580577,37.61572849959682
550,5021,0.997,0.75,0.0017223911142917325,0.29474052173279297,24,31,4,1,19,27,10,10,1.2476012984924312,36.952562227091214
550,5022,0.996,0.727,0.002860291375083923,0.29619438768100026,24,31,4,1,20,27,10,10,1.233103807471212,36.12644182953567
550,5023,0.993,0.7,0.004871641455024389,0.2992016834936261,24,31,4,1,21,27,10,10,1.2149275698575615,35.181331255847006
550,5024,0.988,0.667,0.00824935994143916,0.3054424079819331,24,31,4,1,22,27,10,10,1.1920708871539478,34.0233337739646
550,5025,0.98,0.625,0.013020214572111222,0.31662241550376846,24,31,4,1,23,27,10,10,1.1623360099386064,32.527902050798836
550,5026,0.962,0.572,0.019115040563809305,0.33143976742217274,24,31,4,1,24,27,10,10,1.119208649001606,30.7354877019201
550,5027,0.926,0.714,0.02614172556491068,0.34407831395803845,24,31,4,1,25,27,10,10,1.1693040665284629,37.63431872589536
550,5028,0.869,0.858,0.025709279309959143,0.3445510783193406,24,31,4,1,26,27,10,10,1.2211981821145983,44.63506366426936
550,5029,1,0.81,2.5955178442249593e-4,0.29327709537487134,24,31,4,1,10,28,10,10,1.2868954891520912,39.007472552121044
550,5030,0.999,0.8,3.5976990995822966e-4,0.2933879400893209,24,31,4,1,11,28,10,10,1.2798441311347253,38.687774465176346
550,5031,0.999,0.79,5.023980498223279e-4,0.2935392627247434,24,31,4,1,12,28,10,10,1.27361728945551,38.3366227353616
550,5032,0.999,0.778,7.0786564401637e-4,0.29374812781621307,24,31,4,1,13,28,10,10,1.266208908513915,37.910701733027835
550,5033,0.998,0.765,0.0010070917835260929,0.2940409981948626,24,31,4,1,14,28,10,10,1.2574692839190944,37.47135820620178
550,5034,0.998,0.75,0.0014509857543115734,0.2944617925963333,24,31,4,1,15,28,10,10,1.2484005767380917,36.92497207250216
550,5035,0.996,0.733,0.0021264365211194347,0.2950880358697977,24,31,4,1,16,28,10,10,1.236650718675245,36.35097868688472
550,5036,0.995,0.714,0.0031754333381281974,0.29606206250848255,24,31,4,1,17,28,10,10,1.224671792767352,35.662765673806405
550,5037,0.993,0.693,0.004879282954944553,0.2976521062815025,24,31,4,1,18,28,10,10,1.2109079238323615,34.91061768450611
550,5038,0.989,0.667,0.0077054627561141675,0.3003760859883491,24,31,4,1,19,28,10,10,1.1928998281498746,33.996459148250494
550,5039,0.984,0.637,0.012259531047975392,0.305221113274714,24,31,4,1,20,28,10,10,1.1721881248332113,32.917312815270506
550,5040,0.976,0.6,0.018972934878553893,0.313839796860126,24,31,4,1,21,28,10,10,1.1456770923781272,31.58129191893125
550,5041,0.964,0.556,0.028110384379746,0.3279161168260408,24,31,4,1,22,28,10,10,1.1128485970697002,29.974778420551026
550,5042,0.943,0.5,0.039741413610160925,0.3468543394281093,24,31,4,1,23,28,10,10,1.067356079291255,27.93355007405936
550,5043,0.907,0.429,0.05522006682775171,0.367626963694052,24,31,4,1,24,28,10,10,1.0033394241232625,25.31358139942336
550,5044,0.846,0.572,0.07435624422218257,0.3867457681040839,24,31,4,1,25,28,10,10,1.0212247548899311,34.063527394055775
550,5045,0.766,0.715,0.08365023228964885,0.3952502879094214,24,31,4,1,26,28,10,10,1.0478458856148647,43.02773090909346
550,5046,0.684,0.858,0.06765234387253816,0.38293729927898457,24,31,4,1,27,28,10,10,1.0972784514424767,51.43804951499843
550,5047,0.998,0.762,9.775703308949613e-4,0.2942702843878495,24,31,4,1,10,29,10,10,1.2556464470542654,37.36271315944244
550,5048,0.997,0.75,0.001320506520815723,0.29462772050677755,24,31,4,1,11,29,10,10,1.2476012984924312,36.952562227091214
550,5049,0.997,0.737,0.0018018879763952445,0.29510217940442807,24,31,4,1,12,29,10,10,1.2398298270327264,36.472465962497004
550,5050,0.996,0.722,0.0024802837816557677,0.2957395636992526,24,31,4,1,13,29,10,10,1.2301625908797584,35.93834104776654
550,5051,0.994,0.706,0.0034431720103155206,0.2966111942201859,24,31,4,1,14,29,10,10,1.2192095800148555,35.38471459451695
550,5052,0.992,0.688,0.004839687468835896,0.2978342804031018,24,31,4,1,15,29,10,10,1.2072315436568082,34.7431801583036
550,5053,0.989,0.667,0.006938443438060049,0.2996093619918754,24,31,4,1,16,29,10,10,1.1928998281498746,33.996459148250494
550,5054,0.985,0.643,0.010140775739732377,0.3022862625716398,24,31,4,1,17,29,10,10,1.1762967312714934,33.13617604281634
550,5055,0.979,0.616,0.015003255958215278,0.3064774119351412,24,31,4,1,18,29,10,10,1.1566749759547839,32.178656206601076
550,5056,0.971,0.583,0.022227943185082366,0.31323038577151596,24,31,4,1,19,29,10,10,1.132576708218918,30.98110837270388
550,5057,0.96,0.546,0.03276959008273517,0.3241396490488716,24,31,4,1,20,29,10,10,1.10440753347666,29.62905440719283
550,5058,0.943,0.5,0.04743767110650232,0.34085941068445946,24,31,4,1,21,29,10,10,1.067356079291255,27.93355007405936
550,5059,0.918,0.445,0.06662007911366052,0.3634700359151357,24,31,4,1,22,29,10,10,1.020171064086803,25.861762595715014
550,5060,0.881,0.375,0.09035038323912059,0.39005083118971395,24,31,4,1,23,29,10,10,0.957489425529076,23.057158542100588
550,5061,0.821,0.286,0.12065023071786862,0.41888210797618763,24,31,4,1,24,29,10,10,0.8693888658132216,19.206071355484337
550,5062,0.734,0.429,0.15844256491806485,0.44617714563455946,24,31,4,1,25,29,10,10,0.8501746879318391,30.30494767561318
550,5063,0.636,0.572,0.19032140426529265,0.4653713617415365,24,31,4,1,26,29,10,10,0.8553829551727109,41.96729738382302
550,5064,0.554,0.715,0.19567989883557602,0.4685126569900888,24,31,4,1,27,29,10,10,0.9045114703529193,52.230574244672894
550,5065,0.51,0.858,0.14787115079765079,0.43895652010367625,24,31,4,1,28,29,10,10,0.9981302520212479,59.27251338440034
550,5066,0.994,0.714,0.0027559362866860226,0.2965699678272209,24,31,4,1,10,30,10,10,1.223859469056803,35.69005982501396
550,5067,0.993,0.7,0.0036480007004727755,0.2974406192333894,24,31,4,1,11,30,10,10,1.2149275698575615,35.181331255847006
550,5068,0.991,0.684,0.0048633091955077035,0.2985743030603313,24,31,4,1,12,30,10,10,1.204133298268925,34.613900051020025
550,5069,0.988,0.667,0.006551762895710578,0.30007086900040636,24,31,4,1,13,30,10,10,1.1920708871539478,34.0233337739646
550,5070,0.985,0.647,0.008920215840802603,0.30208522077769107,24,31,4,1,14,30,10,10,1.1784880143641683,33.29902214907473
550,5071,0.98,0.625,0.01229167977214507,0.3048673107616007,24,31,4,1,15,30,10,10,1.1623360099386064,32.527902050798836
550,5072,0.974,0.6,0.017110744795533206,0.30882894660536797,24,31,4,1,16,30,10,10,1.1439737759232071,31.633751599360565
550,5073,0.966,0.572,0.02404431062667889,0.3146476667689624,24,31,4,1,17,30,10,10,1.1226486538539115,30.631154154260877
550,5074,0.954,0.539,0.03411866699040689,0.32340552147229884,24,31,4,1,18,30,10,10,1.0957358258266452,29.465993017383823
550,5075,0.939,0.5,0.048744105621831846,0.3366771473447403,24,31,4,1,19,30,10,10,1.0638237635999677,28.03446928292218
550,5076,0.918,0.454,0.06939883346988962,0.35621273800251696,24,31,4,1,20,30,10,10,1.0241288981373389,26.31485285688044
550,5077,0.889,0.4,0.09633855378521017,0.3827746962314924,24,31,4,1,21,30,10,10,0.9748440900985142,24.225065440523334
550,5078,0.848,0.333,0.12945068704049856,0.4152907429931252,24,31,4,1,22,30,10,10,0.9110395161572301,21.439374116121844
550,5079,0.79,0.25,0.17251534279195235,0.4526423665913456,24,31,4,1,23,30,10,10,0.828613299434664,17.56027205180069
550,5080,0.705,0.143,0.2312942969484837,0.49387232791879865,24,31,4,1,24,30,10,10,0.7193566570207021,11.466136502268087
550,5081,0.596,0.286,0.2987772599045214,0.533200254756345,24,31,4,1,25,30,10,10,0.6610688315145405,25.63475492104478
550,5082,0.493,0.429,0.3487750926645169,0.5605214359999275,24,31,4,1,26,30,10,10,0.6535212314837215,41.02922197060386
550,5083,0.429,0.572,0.3643159904247161,0.5663752295438497,24,31,4,1,27,30,10,10,0.715,53.13010235415598
550,5084,0.419,0.714,0.3044377011110282,0.5326635187560217,24,31,4,1,28,30,10,10,0.8278629113567052,59.59410892055554
550,5085,0.453,0.857,0.17563678561766172,0.45632993753119233,24,31,4,1,29,30,10,10,0.9693595824047957,62.13960278966985
550,5086,0.987,0.667,0.006302720480276913,0.30100163589965856,24,31,4,1,10,31,10,10,1.191242208788792,34.05024579585459
550,5087,0.984,0.65,0.008202575895824737,0.3027817953988349,24,31,4,1,11,31,10,10,1.1793031840879598,33.4475186382637
550,5088,0.98,0.632,0.01075389594109366,0.3050709126264859,24,31,4,1,12,31,10,10,1.1661149171501066,32.817887067311624
550,5089,0.975,0.611,0.014213920915119083,0.3080593020976019,24,31,4,1,13,31,10,10,1.150628523894658,32.07400087529405
550,5090,0.968,0.589,0.01891927511623781,0.312039100088091,24,31,4,1,14,31,10,10,1.133112968772311,31.31930319572941
550,5091,0.959,0.563,0.025393788251711236,0.3174690579060587,24,31,4,1,15,31,10,10,1.1120476608491203,30.415911055490646
550,5092,0.948,0.534,0.03447260056795587,0.3250711036870896,24,31,4,1,16,31,10,10,1.088053307517605,29.392175755239265
550,5093,0.933,0.5,0.047454352680787126,0.3359515276411499,24,31,4,1,17,31,10,10,1.058531529998044,28.187110181796363
550,5094,0.914,0.462,0.06609952179592637,0.3516830799892997,24,31,4,1,18,31,10,10,1.0241288981373389,26.81524949727554
550,5095,0.889,0.417,0.09234332511034993,0.3741243784708942,24,31,4,1,19,31,10,10,0.9819419534779029,25.129694177965348
550,5096,0.856,0.364,0.1269995467495676,0.4046039423445009,24,31,4,1,20,31,10,10,0.9301784774977326,23.036829849383924
550,5097,0.812,0.3,0.17080734576719248,0.44286176805394584,24,31,4,1,21,31,10,10,0.8656465791534095,20.277160447689475
550,5098,0.753,0.222,0.22659896655988432,0.4876979522233459,24,31,4,1,22,31,10,10,0.7850433109071117,16.426608980693604
550,5099,0.673,0.125,0.29801061488837355,0.5385307027375104,24,31,4,1,23,31,10,10,0.6845100437539249,10.521959973656962
550,5100,0.564,0,0.3843982396809643,0.5922926279078229,24,31,4,1,24,31,10,10,0.564,0
550,5101,0.443,0.143,0.4675479292002317,0.6389748542504654,24,31,4,1,25,31,10,10,0.4655083243079548,17.890032567370483
550,5102,0.355,0.286,0.5174706682201938,0.6673494317587731,24,31,4,1,26,31,10,10,0.4558738860693821,38.856093130306355
550,5103,0.328,0.429,0.5234984524078122,0.6676966503402556,24,31,4,1,27,31,10,10,0.5400231476520243,52.59960103748217
550,5104,0.358,0.572,0.4526438887276878,0.6206986753123866,24,31,4,1,28,31,10,10,0.6747947836194349,57.958615678518584
550,5105,0.412,0.715,0.3189819793643589,0.539076549389363,24,31,4,1,29,31,10,10,0.8252084585121507,60.04843108190894
550,5106,0.551,0.857,0.13468193446502696,0.4299112761740719,24,31,4,1,30,31,10,10,1.0188473879831073,57.261394841329526
550,5107,0.975,0.682,0.012430070453620323,0.30847928693809523,24,31,4,1,10,32,10,10,1.1898525118685928,34.972295681466385
550,5108,0.969,0.667,0.01591776535665823,0.3116948149982445,24,31,4,1,11,32,10,10,1.1763715399481578,34.54113298956163
550,5109,0.962,0.65,0.02050108288045638,0.3157943939899588,24,31,4,1,12,32,10,10,1.1610099052118377,34.04593735660167
550,5110,0.953,0.632,0.026574159293018318,0.3211033246696239,24,31,4,1,13,32,10,10,1.1435178179634982,33.5511015614805
550,5111,0.941,0.611,0.0347509119421221,0.32811104915346834,24,31,4,1,14,32,10,10,1.1219634575154396,32.99603640551124
550,5112,0.927,0.588,0.045995212573418764,0.33755888803330025,24,31,4,1,15,32,10,10,1.0977581700902983,32.38712811797041
550,5113,0.909,0.563,0.0617418244051533,0.35054920590129157,24,31,4,1,16,32,10,10,1.0692286939658888,31.772497907865016
550,5114,0.886,0.533,0.08402537301847801,0.3686281045851575,24,31,4,1,17,32,10,10,1.0339656667414059,31.03028004780929
550,5115,0.858,0.5,0.11507030055501688,0.39369255978655715,24,31,4,1,18,32,10,10,0.9930579036491276,30.2315187338827
550,5116,0.821,0.461,0.1564735159501215,0.4274463881846049,24,31,4,1,19,32,10,10,0.9415742137505677,29.314661555910774
550,5117,0.774,0.417,0.20963238473420287,0.4703982277693344,24,31,4,1,20,32,10,10,0.8791842810241776,28.313997221632217
550,5118,0.714,0.364,0.27577961984304644,0.5215939364572598,24,31,4,1,21,32,10,10,0.8014312197562558,27.012665347938544
550,5119,0.636,0.3,0.35568258942995534,0.5800751161214912,24,31,4,1,22,32,10,10,0.7032040955512134,25.25316339457388
550,5120,0.534,0.222,0.4496047163362181,0.6448793086737861,24,31,4,1,23,32,10,10,0.5783078764810315,22.574138078648208
550,5121,0.406,0.125,0.5549812858943004,0.7104767111386443,24,31,4,1,24,32,10,10,0.4248070150079916,17.112645164784634
550,5122,0.291,0.25,0.6412373834888384,0.7638934562417488,24,31,4,1,25,32,10,10,0.3836417599792807,40.66609052296564
550,5123,0.241,0.375,0.6899305039652053,0.7857720699312921,24,31,4,1,26,32,10,10,0.44576451182210547,57.272496571829066
550,5124,0.264,0.5,0.6623484430005305,0.7457622177193501,24,31,4,1,27,32,10,10,0.5654166605256693,62.165946059449176
550,5125,0.327,0.625,0.5031363911931952,0.640781448932031,24,31,4,1,28,32,10,10,0.7053750775296785,62.38143560391679
550,5126,0.571,0.75,0.27916387576729806,0.5082152110441751,24,31,4,1,29,32,10,10,0.9426245275824303,52.71677268935309
550,5127,0.877,0.876,0.07121033303006818,0.35449678582951916,24,31,4,1,30,32,10,10,1.239558389104765,44.96731558853501
550,5128,1,1,0,0.2928932188134524,24,31,4,1,31,32,10,10,1.4142135623730951,45
550,5129,0.955,0.696,0.021890409958109647,0.31977414648969027,24,31,4,1,10,33,10,10,1.1817110475915844,36.084408921058404
550,5130,0.946,0.682,0.027612516445319146,0.3250329353008884,24,31,4,1,11,33,10,10,1.1662075287014744,35.78897345918334
550,5131,0.934,0.667,0.03507370065954141,0.3316906304229643,24,31,4,1,12,33,10,10,1.1477129432048765,35.53187451239197
550,5132,0.92,0.65,0.04494741422643311,0.34024749529404863,24,31,4,1,13,33,10,10,1.1264546151532249,35.242036558652195
550,5133,0.903,0.632,0.05826633614267429,0.3514344947668462,24,31,4,1,14,33,10,10,1.1021946289108835,34.98776155581988
550,5134,0.882,0.611,0.07651282018892691,0.3663084345047989,24,31,4,1,15,33,10,10,1.0729608566951545,34.71203999685558
550,5135,0.856,0.588,0.10182148936356294,0.3863326790767958,24,31,4,1,16,33,10,10,1.0384989167062235,34.48579107871906
550,5136,0.823,0.563,0.1365565744481888,0.4133410089216285,24,31,4,1,17,33,10,10,0.9971449242712916,34.37535293264709
550,5137,0.783,0.533,0.18288788174272164,0.4491877297246787,24,31,4,1,18,33,10,10,0.947194805729001,34.24371375589299
550,5138,0.733,0.5,0.24263873071043263,0.49495564074942566,24,31,4,1,19,33,10,10,0.8872930744686335,34.29900255467822
550,5139,0.672,0.462,0.316268644613226,0.5502552604826914,24,31,4,1,20,33,10,10,0.8154924892357992,34.5085229876684
550,5140,0.595,0.416,0.4025786372304767,0.6138623668492187,24,31,4,1,21,33,10,10,0.7260034435180042,34.95969353785372
550,5141,0.499,0.364,0.5011626591198555,0.6850642905621507,24,31,4,1,22,33,10,10,0.6176544341296353,36.10921470001234
550,5142,0.38,0.3,0.6135599648176013,0.761961365226689,24,31,4,1,23,33,10,10,0.4841487374764082,38.29016319224307
550,5143,0.245,0.222,0.7304768637605528,0.8339986495167417,24,31,4,1,24,33,10,10,0.3306191162047349,42.1804304442788
550,5144,0.166,0.333,0.8095373742834728,0.8646082492353038,24,31,4,1,25,33,10,10,0.3720819802140383,63.50381390936783
550,5145,0.186,0.445,0.7947098258701734,0.8065227251969909,24,31,4,1,26,33,10,10,0.48230799288421505,67.3161684985371
550,5146,0.325,0.556,0.5931848301895262,0.6852200174367198,24,31,4,1,27,33,10,10,0.6440194096453927,59.692331573036256
550,5147,0.565,0.667,0.3748632558180889,0.5431025709907732,24,31,4,1,28,33,10,10,0.8741361450025963,49.73284992719155
550,5148,0.805,0.778,0.16604556115145508,0.4059443317581607,24,31,4,1,29,33,10,10,1.1195128404801797,44.02284519307584
550,5149,0.976,0.889,0.023642784978036957,0.30901806852031255,24,31,4,1,30,33,10,10,1.320188244153083,42.329157235516696
550,5150,1,1,0,0.2928932188134524,24,31,4,1,31,33,10,10,1.4142135623730951,45
550,5152,0.927,0.708,0.035395947628649393,0.33520939034517205,24,31,4,1,10,34,10,10,1.16644459791282,37.37092821378015
550,5153,0.913,0.696,0.044201045824259655,0.3430932065331139,24,31,4,1,11,34,10,10,1.1480352782035925,37.31907138417169
550,5154,0.897,0.682,0.05568583364553714,0.35300161998919344,24,31,4,1,12,34,10,10,1.1268242986375472,37.24616909875973
550,5155,0.876,0.667,0.0708850632558744,0.3656241748667908,24,31,4,1,13,34,10,10,1.1010290641032143,37.28620842663006
550,5156,0.852,0.65,0.09127100961830592,0.38192880085219394,24,31,4,1,14,34,10,10,1.0716361322762498,37.3404011230309
550,5157,0.822,0.632,0.11889837389546554,0.4032322304347564,24,31,4,1,15,34,10,10,1.0368741485831345,37.55511542563887
550,5158,0.787,0.611,0.1561409995091978,0.4311946956902616,24,31,4,1,16,34,10,10,0.9963382959617683,37.82454723849814
550,5159,0.744,0.588,0.20539234595006084,0.4675997051749785,24,31,4,1,17,34,10,10,0.9483037488062567,38.32011393677745
550,5160,0.692,0.563,0.26871401727719924,0.5137756251837823,24,31,4,1,18,34,10,10,0.8920947259119963,39.13124397983958
550,5161,0.629,0.533,0.34649993342437535,0.5698275467876759,24,31,4,1,19,34,10,10,0.824457397322627,40.277167262140175
550,5162,0.554,0.5,0.4366772038591832,0.6344976809676226,24,31,4,1,20,34,10,10,0.746268048357961,42.067106957299316
550,5163,0.463,0.462,0.5371364589916834,0.7061545116160532,24,31,4,1,21,34,10,10,0.6540741548173266,44.93805864087365
550,5164,0.355,0.416,0.6484527175807301,0.7827765401277428,24,31,4,1,22,34,10,10,0.546882985655981,49.52370586564749
550,5165,0.228,0.364,0.7712138796652679,0.8552556512471342,24,31,4,1,23,34,10,10,0.4295113502574757,57.938056317186444
550,5166,0.121,0.3,0.871192101433897,0.8815616404893105,24,31,4,1,24,34,10,10,0.32348261158832015,68.03413694828738
550,5167,0.144,0.4,0.851441313080554,0.8167625204007369,24,31,4,1,25,34,10,10,0.42513056817876554,70.20112364547508
550,5168,0.323,0.5,0.6573425838154081,0.7036458491206707,24,31,4,1,26,34,10,10,0.5952554073672913,57.13753994598909
550,5169,0.534,0.6,0.44626930733414594,0.5740019154377597,24,31,4,1,27,34,10,10,0.8032160356964994,48.33091738045005
550,5170,0.743,0.7,0.24730492946550653,0.4496244507315388,24,31,4,1,28,34,10,10,1.020808013291432,43.293146457861326
550,5171,0.916,0.8,0.08480893363843356,0.3494157964513249,24,31,4,1,29,34,10,10,1.216164462562527,41.13274221732664
550,5172,0.996,0.9,0.005193220674267862,0.29802599999367974,24,31,4,1,30,34,10,10,1.3423918950887628,42.101423200718294
550,5173,1,1,0,0.2928932188134524,24,31,4,1,31,34,10,10,1.4142135623730951,45
550,5176,0.89,0.72,0.05373155754881398,0.3545616188637579,24,31,4,1,10,35,10,10,1.1447707194019245,38.97246970447873
550,5177,0.87,0.708,0.06665568231456032,0.3655109453865891,24,31,4,1,11,35,10,10,1.1216790984947522,39.13845860180353
550,5178,0.847,0.696,0.08344792435144022,0.37915268654961765,24,31,4,1,12,35,10,10,1.0962777932622734,39.41075709013436
550,5179,0.82,0.682,0.10551161225736416,0.39633673797033975,24,31,4,1,13,35,10,10,1.0665477016992724,39.75054515046665
550,5180,0.788,0.667,0.13472648630106354,0.4181924505666569,24,31,4,1,14,35,10,10,1.0323918829591794,40.24613518981935
550,5181,0.749,0.65,0.17331440364295148,0.44613304284579325,24,31,4,1,15,35,10,10,0.9917161892396433,40.952221422991194
550,5182,0.704,0.632,0.22359021391243883,0.4817146745912866,24,31,4,1,16,35,10,10,0.9460655368419251,41.91518766950241
550,5183,0.651,0.611,0.2875913006286628,0.5262239143881611,24,31,4,1,17,35,10,10,0.8928168905212311,43.18457672692428
550,5184,0.589,0.588,0.36586463490212295,0.5799927666946889,24,31,4,1,18,35,10,10,0.8322649818417208,44.95132050490505
550,5185,0.516,0.563,0.4560899861954488,0.6418305714052743,24,31,4,1,19,35,10,10,0.7636916917185886,47.494161655862534
550,5186,0.431,0.533,0.5546446040465454,0.7091148437319035,24,31,4,1,20,35,10,10,0.6854560525664647,51.03994320044529
550,5187,0.335,0.5,0.6592169040358732,0.7776388788673506,24,31,4,1,21,35,10,10,0.6018513105410671,56.17791478250604
550,5188,0.229,0.462,0.7684001715647564,0.8366163132442355,24,31,4,1,22,35,10,10,0.5156403785585454,63.6337191599735
550,5189,0.12,0.417,0.8731255296698159,0.8542541810130347,24,31,4,1,23,35,10,10,0.4339228041944788,73.94578033722426
550,5190,0.123,0.364,0.8413870857120946,0.8031220523779129,24,31,4,1,24,35,10,10,0.38421998906876254,71.32926740720139
550,5191,0.302,0.454,0.6854597561214304,0.7094155122765354,24,31,4,1,25,35,10,10,0.5452705750359174,56.36821910652093
550,5192,0.496,0.546,0.49390043956931506,0.5988275368154456,24,31,4,1,26,35,10,10,0.7376530349696936,47.747210420122556
550,5193,0.687,0.637,0.3082125044436306,0.48735352616284033,24,31,4,1,27,35,10,10,0.936876726149177,42.83728982588173
550,5194,0.854,0.727,0.1472567632082501,0.39038626604823523,24,31,4,1,28,35,10,10,1.1215368919478306,40.40735415911035
550,5195,0.966,0.819,0.03777328673576419,0.3221437981207571,24,31,4,1,29,35,10,10,1.2664584477984266,40.292147755627774
550,5196,0.999,0.909,9.015976611049803e-4,0.2947688978772093,24,31,4,1,30,35,10,10,1.3506598387454927,42.299370662604716
550,5197,1,1,0,0.2928932188134524,24,31,4,1,31,35,10,10,1.4142135623730951,45
