spA_par,spB_par,Dissimilarity,Exclusivity,D,I,a_A,b_A,alpha_A,gamma_A,a_B,b_B,alpha_B,gamma_B,ND_magnitude,ND_angle
2819,2819,0,0,1,1,18,31,1,7,18,31,1,7,0,0
2819,2820,0.228,0.077,0.774220618963673,0.7876179272738826,18,31,1,7,19,31,1,7,0.24065119987234637,18.660818005741536
2819,2821,0.449,0.154,0.5545332189800589,0.6531234480388457,18,31,1,7,20,31,1,7,0.47467567875339894,18.93116901654835
2819,2822,0.643,0.231,0.34736682756746384,0.5429196108234622,18,31,1,7,21,31,1,7,0.6832349522675197,19.761003199626913
2819,2823,0.793,0.308,0.17298221428400096,0.450838998490793,18,31,1,7,22,31,1,7,0.8507132301780665,21.226094646979597
2819,2824,0.895,0.385,0.062234668435289575,0.3797553766087327,18,31,1,7,23,31,1,7,0.9742946166329771,23.275808498586162
2819,2825,0.954,0.462,0.016760255107769795,0.33581073793768934,18,31,1,7,24,31,1,7,1.0599811319075447,25.839826878018737
2819,2826,0.983,0.539,0.0049276715296234785,0.3160402186838567,18,31,1,7,25,31,1,7,1.121075376591601,28.736904193723348
2819,2827,0.995,0.616,0.0012874163243848935,0.3044951312130204,18,31,1,7,26,31,1,7,1.1702482642584864,31.761462431956357
2819,2828,0.999,0.693,2.3427544041731974e-4,0.29780088987023,18,31,1,7,27,31,1,7,1.2158330477495667,34.74880124918256
2819,2829,1,0.77,2.9591826865793536e-5,0.2946433796381792,18,31,1,7,28,31,1,7,1.2621014222319853,37.596271147211986
2819,2830,1,0.847,1.1898557399359078e-6,0.29323864286885015,18,31,1,7,29,31,1,7,1.3104995230827061,40.26459927013793
2819,2831,1,0.924,5.551669457481978e-9,0.29291708576052855,18,31,1,7,30,31,1,7,1.3615344285033706,42.73793318624221
2819,2832,0.865,0.409,0.16768004344770582,0.4493832017983397,18,31,1,7,10,32,1,7,0.956820777366378,25.30630018216972
2819,2833,0.824,0.381,0.19818642893442673,0.4665355893070937,18,31,1,7,11,32,1,7,0.9078199160626517,24.8148129748335
2819,2834,0.769,0.35,0.23971652660015852,0.4890318957274792,18,31,1,7,12,32,1,7,0.8449029530070302,24.472016184536393
2819,2835,0.698,0.316,0.2945345553301977,0.517829855638472,18,31,1,7,13,32,1,7,0.7661984077247876,24.357311844388473
2819,2836,0.604,0.278,0.36802405706443775,0.5557324103200779,18,31,1,7,14,32,1,7,0.6649060083951716,24.714955948621796
2819,2837,0.485,0.235,0.47270692352870647,0.6099776726877898,18,31,1,7,15,32,1,7,0.5389341332667658,25.851862542060402
2819,2838,0.336,0.187,0.6154294054938441,0.6876224546656691,18,31,1,7,16,32,1,7,0.38453218330849764,29.098020948190403
2819,2839,0.159,0.133,0.8010509753781768,0.8033365340583927,18,31,1,7,17,32,1,7,0.2072920644887305,39.9117398024624
2819,2840,0.045,0.071,0.9597878786923821,0.9728568561765785,18,31,1,7,18,32,1,7,0.08405950273467004,57.63336193527501
2819,2841,0.267,0.143,0.7549541064951502,0.7799443729558029,18,31,1,7,19,32,1,7,0.30288281562346847,28.172634826796635
2819,2842,0.48,0.214,0.542951850873812,0.647385366374764,18,31,1,7,20,32,1,7,0.5255435281686951,24.0289059999062
2819,2843,0.665,0.286,0.3426126980871954,0.5386360141131993,18,31,1,7,21,32,1,7,0.7238929478866334,23.271340421331107
2819,2844,0.807,0.357,0.17140480499459154,0.4475223007796635,18,31,1,7,22,32,1,7,0.8824386664239051,23.86360094796086
2819,2845,0.902,0.429,0.06192799761391854,0.3772735581419713,18,31,1,7,23,32,1,7,0.998821805929366,25.43621638041735
2819,2846,0.958,0.5,0.016719468896888023,0.33430030823336865,18,31,1,7,24,32,1,7,1.0806312969741345,27.560986761011765
2819,2847,0.985,0.572,0.004924525930741996,0.31510670803647034,18,31,1,7,25,32,1,7,1.1390386297224515,30.144192036338143
2819,2848,0.996,0.643,0.0012874163243848935,0.3038769873837692,18,31,1,7,26,32,1,7,1.1855230912976769,32.84557227229177
2819,2849,0.999,0.715,2.3427544041731974e-4,0.29747282418454235,18,31,1,7,27,32,1,7,1.2285055962428497,35.591894069805875
2819,2850,1,0.786,2.9591826865793536e-5,0.29449540925679885,18,31,1,7,28,32,1,7,1.2719260984821406,38.1673468344621
2819,2851,1,0.858,1.1898557399359078e-6,0.2931900270047111,18,31,1,7,29,32,1,7,1.317635761506191,40.62959351305883
2819,2852,1,0.929,5.551669457481978e-9,0.2929109737489499,18,31,1,7,30,32,1,7,1.3649325990685401,42.8920866639288
2819,2853,1,1,0,0.2928932188134524,18,31,1,7,31,32,1,7,1.4142135623730951,45
2819,2854,0.837,0.435,0.19197648847987758,0.4640817770619482,18,31,1,7,10,33,1,7,0.943288927105582,27.461498041956613
2819,2855,0.791,0.409,0.2245135082624813,0.4818165678473946,18,31,1,7,11,33,1,7,0.8904841379833781,27.341993028587236
2819,2856,0.731,0.381,0.26826640218184783,0.5049172875301855,18,31,1,7,12,33,1,7,0.8243312441003313,27.52869832045532
2819,2857,0.653,0.35,0.3253358750175571,0.534304516123316,18,31,1,7,13,33,1,7,0.7408839315304389,28.19076308919156
2819,2858,0.555,0.316,0.40087513410216613,0.5727134372835105,18,31,1,7,14,33,1,7,0.6386556192503124,29.655860930409737
2819,2859,0.432,0.278,0.5065671366924005,0.6270469003581065,18,31,1,7,15,33,1,7,0.5137197679669335,32.76203131319904
2819,2860,0.286,0.235,0.6473821655911702,0.7036617239090328,18,31,1,7,16,33,1,7,0.3701634773988379,39.40920398400257
2819,2861,0.133,0.187,0.8221748155865094,0.8150882152796516,18,31,1,7,17,33,1,7,0.2294733099948663,54.57842291946074
2819,2862,0.085,0.133,0.9239730667013198,0.9483947231599159,18,31,1,7,18,33,1,7,0.15784169284444463,57.4174457900763
2819,2863,0.301,0.2,0.7351584152186534,0.7710482789927806,18,31,1,7,19,33,1,7,0.36138760355053684,33.60212319057336
2819,2864,0.507,0.266,0.5315631042090733,0.6411047275606173,18,31,1,7,20,33,1,7,0.5725425748361427,27.68396710764518
2819,2865,0.683,0.333,0.3377978855360506,0.5339670359141926,18,31,1,7,21,33,1,7,0.7598539333319267,25.9917752807651
2819,2866,0.818,0.4,0.16977652859451242,0.44388739566348034,18,31,1,7,22,33,1,7,0.9105624635355886,26.05852015411
2819,2867,0.909,0.467,0.06160815017804655,0.37456893671552915,18,31,1,7,23,33,1,7,1.0219442254839546,27.191894650872516
2819,2868,0.961,0.533,0.016676847645658244,0.33266662343469844,18,31,1,7,24,33,1,7,1.098913099385024,29.014090915436153
2819,2869,0.986,0.6,0.004920843910896089,0.3140802898510062,18,31,1,7,25,33,1,7,1.1542079535335044,31.321318419101328
2819,2870,0.996,0.667,0.001286992846541879,0.3032203612115094,18,31,1,7,26,33,1,7,1.198709722993853,33.80937832428409
2819,2871,0.999,0.733,2.3427544041731974e-4,0.29713720415055755,18,31,1,7,27,33,1,7,1.2390681982845013,36.26875333399602
2819,2872,1,0.8,2.9591826865793536e-5,0.2943435198738926,18,31,1,7,28,33,1,7,1.2806248474865698,38.659808254090095
2819,2873,1,0.867,1.1898557398248855e-6,0.29314568906182226,18,31,1,7,29,33,1,7,1.323513883569039,40.92528797789907
2819,2874,1,0.934,5.551669457481978e-9,0.2929066470818712,18,31,1,7,30,33,1,7,1.3683406008739198,43.045473375173806
2819,2875,1,1,0,0.2928932188134524,18,31,1,7,31,33,1,7,1.4142135623730951,45
2819,2877,0.807,0.458,0.21597725229827458,0.47785198930773953,18,31,1,7,10,34,1,7,0.9279078618052549,29.576387310095818
2819,2878,0.756,0.435,0.2502071693571042,0.49601234716248965,18,31,1,7,11,34,1,7,0.872216142937059,29.91598593188779
2819,2879,0.691,0.409,0.29571397478767814,0.5195194331428203,18,31,1,7,12,34,1,7,0.8029707342114032,30.621111785964363
2819,2880,0.609,0.381,0.35441758099340437,0.5492500829911715,18,31,1,7,13,34,1,7,0.7183606336652921,32.03074654397129
2819,2881,0.507,0.35,0.4311301950777221,0.5878470463347562,18,31,1,7,14,34,1,7,0.6160754823883191,34.6186886209101
2819,2882,0.385,0.316,0.5364204908568895,0.6418360226347364,18,31,1,7,15,34,1,7,0.49807730323715815,39.37843823238011
2819,2883,0.249,0.278,0.6728677040323938,0.7168088819068301,18,31,1,7,16,34,1,7,0.3732090566961097,48.149721988366984
2819,2884,0.132,0.235,0.8304058938284913,0.8227483147732412,18,31,1,7,17,34,1,7,0.26953478439711637,60.67698520366728
2819,2885,0.121,0.188,0.8918485904999449,0.9261629728975252,18,31,1,7,18,34,1,7,0.22357325421436258,57.23397782679292
2819,2886,0.331,0.25,0.7154652626525344,0.7614960824612798,18,31,1,7,19,34,1,7,0.41480236257764974,37.0632770738473
2819,2887,0.53,0.312,0.520524215459395,0.6344927413479886,18,31,1,7,20,34,1,7,0.6150154469604808,30.484438827930205
2819,2888,0.699,0.375,0.33290701024678104,0.5290372464898796,18,31,1,7,21,34,1,7,0.7932376693022085,28.21269879715091
2819,2889,0.828,0.437,0.1680980148110145,0.44004369225282114,18,31,1,7,22,34,1,7,0.9362440921041905,27.82409638425326
2819,2890,0.914,0.5,0.061257047230675044,0.37175354661423576,18,31,1,7,23,34,1,7,1.0418234015417391,28.68068580455453
2819,2891,0.963,0.563,0.01663017704090919,0.33099388010616726,18,31,1,7,24,34,1,7,1.1154989914831837,30.311895408628185
2819,2892,0.987,0.625,0.0049162578833368276,0.31303359986155466,18,31,1,7,25,34,1,7,1.168243981366906,32.34330013826957
2819,2893,0.996,0.688,0.0012866672393943013,0.30257749635543985,18,31,1,7,26,34,1,7,1.2105205491853495,34.635283354996076
2819,2894,0.999,0.75,2.3427544041731974e-4,0.296819609651536,18,31,1,7,27,34,1,7,1.2492001440922107,36.89741723042958
2819,2895,1,0.813,2.9591826865793536e-5,0.29420346329963276,18,31,1,7,28,34,1,7,1.2887858627405873,39.111110804715416
2819,2896,1,0.875,1.1898557399359078e-6,0.2931101097865758,18,31,1,7,29,34,1,7,1.3287682265918312,41.18592516570965
2819,2897,1,0.938,5.551669457481978e-9,0.29290390430748825,18,31,1,7,30,34,1,7,1.3710740315533658,43.16763304046667
2819,2898,1,1,0,0.2928932188134524,18,31,1,7,31,34,1,7,1.4142135623730951,45
2819,2901,0.776,0.48,0.23934847083524735,0.4906720644733813,18,31,1,7,10,35,1,7,0.912456026337708,31.739140795815157
2819,2902,0.72,0.458,0.27491468985387524,0.5091208937695191,18,31,1,7,11,35,1,7,0.8533252603784797,32.46089285189542
2819,2903,0.651,0.435,0.3216896905812803,0.5328634471580674,18,31,1,7,12,35,1,7,0.7829597690814005,33.750955685325685
2819,2904,0.566,0.409,0.38136647334253326,0.5627271583834266,18,31,1,7,13,35,1,7,0.6983101030344613,35.85243419342489
2819,2905,0.463,0.381,0.45829619634015295,0.6012421154349388,18,31,1,7,14,35,1,7,0.5996082054141688,39.450765120295785
2819,2906,0.347,0.35,0.5618169246264193,0.6545246848384678,18,31,1,7,15,35,1,7,0.49285799171769545,45.246608718939655
2819,2907,0.227,0.316,0.6917521252872302,0.7273455959314543,18,31,1,7,16,35,1,7,0.3890822535146007,54.30825564908428
2819,2908,0.143,0.278,0.8292023824790451,0.826833486794491,18,31,1,7,17,35,1,7,0.3126227758817326,62.77923176361362
2819,2909,0.152,0.235,0.8628098364500039,0.9057946858343545,18,31,1,7,18,35,1,7,0.2798731855680354,57.10486750209034
2819,2910,0.358,0.294,0.6963600341309231,0.7516368019327782,18,31,1,7,19,35,1,7,0.46324939287601874,39.39383404853341
2819,2911,0.55,0.353,0.5098129676137846,0.6276861920195762,18,31,1,7,20,35,1,7,0.6535357679576536,32.69308541033939
2819,2912,0.713,0.412,0.32793442705039566,0.5239354537187927,18,31,1,7,21,35,1,7,0.8234761684469077,30.02104498816105
2819,2913,0.836,0.47,0.16635808573147448,0.4360742290240872,18,31,1,7,22,35,1,7,0.959059956415656,29.344736212670345
2819,2914,0.918,0.529,0.06087003609160069,0.3689052837422183,18,31,1,7,23,35,1,7,1.0595116799733735,29.95281402548973
2819,2915,0.965,0.588,0.016575960966506598,0.32933430394639374,18,31,1,7,24,35,1,7,1.130030530561011,31.35505566586433
2819,2916,0.988,0.647,0.004911577216653917,0.3120075147070904,18,31,1,7,25,35,1,7,1.18099661303494,33.21911705143734
2819,2917,0.997,0.706,0.001286179996895176,0.30197045789482413,18,31,1,7,26,35,1,7,1.22165666207818,35.30324018898705
2819,2918,0.999,0.765,2.3427544041731974e-4,0.2965282966441546,18,31,1,7,27,35,1,7,1.2582630885470654,37.443655943560536
2819,2919,1,0.824,2.9591826865793536e-5,0.29407992663649596,18,31,1,7,28,35,1,7,1.2957530628943155,39.48852258397938
2819,2920,1,0.883,1.1898557399359078e-6,0.2930822555960897,18,31,1,7,29,35,1,7,1.3340498491435768,41.4445038973404
2819,2921,1,0.942,5.5516695685042805e-9,0.2929020767313748,18,31,1,7,30,35,1,7,1.3738136700440857,43.289306039103366
2819,2922,1,1,0,0.2928932188134524,18,31,1,7,31,35,1,7,1.4142135623730951,45
2819,2954,1,1,0,0.2928932188134524,18,31,1,7,10,18,4,7,1.4142135623730951,45
2819,2955,1,1,0,0.2928932188134524,18,31,1,7,11,18,4,7,1.4142135623730951,45
2819,2956,1,1,0,0.2928932188134524,18,31,1,7,12,18,4,7,1.4142135623730951,45
2819,2957,1,1,0,0.2928932188134524,18,31,1,7,13,18,4,7,1.4142135623730951,45
2819,2958,1,1,0,0.2928932188134524,18,31,1,7,14,18,4,7,1.4142135623730951,45
2819,2959,1,1,0,0.2928932188134524,18,31,1,7,15,18,4,7,1.4142135623730951,45
2819,2960,1,1,0,0.2928932188134524,18,31,1,7,16,18,4,7,1.4142135623730951,45
2819,2961,1,1,0,0.2928932188134524,18,31,1,7,17,18,4,7,1.4142135623730951,45
2819,2962,1,0.953,1.6589871986272264e-5,0.29311331263812246,18,31,1,7,10,19,4,7,1.3813793830805496,43.62141221053497
2819,2963,1,0.95,3.52022238044869e-5,0.2932152210249581,18,31,1,7,11,19,4,7,1.379311422413372,43.53119928561418
2819,2964,1,0.948,8.261987277258243e-5,0.29338974811953056,18,31,1,7,12,19,4,7,1.3779346864057092,43.470907000688804
2819,2965,1,0.945,2.2029088740538327e-4,0.29371374214283985,18,31,1,7,13,19,4,7,1.3758724504836921,43.38024250274473
2819,2966,1,0.942,7.112528480425206e-4,0.2944071709972279,18,31,1,7,14,19,4,7,1.3738136700440857,43.289306039103366
2819,2967,0.998,0.938,0.002790683061964172,0.2961215869571624,18,31,1,7,15,19,4,7,1.3696160045793857,43.22487253778803
2819,2968,0.99,0.934,0.01178512711430968,0.30135185162132727,18,31,1,7,16,19,4,7,1.3610495949817554,43.33281805799903
2819,2969,0.941,0.929,0.03857978084637248,0.32227544162351784,18,31,1,7,17,19,4,7,1.322316906040303,44.63233159530329
2819,2970,0.647,0.924,0.08624219787109833,0.39737036715801377,18,31,1,7,18,19,4,7,1.1280004432623243,54.99965737002146
2819,2971,0.999,0.905,0.0011038616392365919,0.29621784245027405,18,31,1,7,10,20,4,7,1.3479710679387744,42.17361663502773
2819,2972,0.999,0.9,0.0020092876724934206,0.29744896670740517,18,31,1,7,11,20,4,7,1.3446192769702507,42.015717856406624
2819,2973,0.998,0.895,0.003880984365712714,0.29937749665656854,18,31,1,7,12,20,4,7,1.3405331029109278,41.88555111403898
2819,2974,0.995,0.889,0.007984916564892308,0.30259884934057335,18,31,1,7,13,20,4,7,1.3342960690941124,41.779747207428215
2819,2975,0.987,0.883,0.017565948790967623,0.3085055124396091,18,31,1,7,14,20,4,7,1.3243330396845048,41.816775982526124
2819,2976,0.967,0.875,0.03886697434992881,0.3201980386512969,18,31,1,7,15,20,4,7,1.3041142587979015,42.14069754543905
2819,2977,0.913,0.867,0.08024206600036587,0.3455103729978183,18,31,1,7,16,20,4,7,1.2590702919217815,43.51965204088549
2819,2978,0.775,0.858,0.14418417077846468,0.40313533771061194,18,31,1,7,17,20,4,7,1.1561959176540972,47.90965152902284
2819,2979,0.473,0.847,0.22313694687800223,0.48429787886676823,18,31,1,7,18,20,4,7,0.9701226726553709,60.81919394750014
2819,2980,0.454,0.923,0.15579168755510475,0.4435754269676615,18,31,1,7,19,20,4,7,1.0286131439953508,63.80861165256417
2819,2981,0.995,0.858,0.00815907419664752,0.30601681567574224,18,31,1,7,10,21,4,7,1.3138451202481973,40.77157797609279
2819,2982,0.991,0.85,0.013149290371347822,0.31002977985747726,18,31,1,7,11,21,4,7,1.3055960324694618,40.62033453115684
2819,2983,0.984,0.843,0.021870662592614498,0.31593851633765513,18,31,1,7,12,21,4,7,1.295725665409156,40.586905951305674
2819,2984,0.97,0.834,0.037376789878034944,0.3251015959979,18,31,1,7,13,21,4,7,1.2792403996122073,40.68873938220026
2819,2985,0.943,0.824,0.06514939910250983,0.3402369289400322,18,31,1,7,14,21,4,7,1.2522879061940988,41.14718854183266
2819,2986,0.889,0.813,0.11196543558577843,0.3663358609195436,18,31,1,7,15,21,4,7,1.2046949821427828,42.44324997817958
2819,2987,0.788,0.8,0.1830130366771806,0.4131642557275569,18,31,1,7,16,21,4,7,1.1229176283236453,45.43295734728231
2819,2988,0.603,0.786,0.2786440296846229,0.4952360472438696,18,31,1,7,17,21,4,7,0.9906588716606741,52.50546082074164
2819,2989,0.374,0.77,0.3702633043125474,0.5682306260328787,18,31,1,7,18,21,4,7,0.8560233641671237,64.09349200048563
2819,2990,0.407,0.847,0.2993618553529368,0.5275691237981981,18,31,1,7,19,21,4,7,0.9397116579036359,64.33480853782642
2819,2991,0.466,0.924,0.16831918606972496,0.45124143616057777,18,31,1,7,20,21,4,7,1.0348584444260964,63.23686567256188
2819,2992,0.981,0.81,0.026414110973323912,0.3240851265960071,18,31,1,7,10,22,4,7,1.272187486182756,39.546081111408746
2819,2993,0.97,0.8,0.03888570394689317,0.3322066365106311,18,31,1,7,11,22,4,7,1.257338458808924,39.5138435749957
2819,2994,0.951,0.79,0.0582828606627076,0.34366284148528325,18,31,1,7,12,22,4,7,1.2363256043615694,39.71656570687013
2819,2995,0.92,0.778,0.08884336688118477,0.3605310849065325,18,31,1,7,13,22,4,7,1.204858497915834,40.21960352482702
2819,2996,0.868,0.765,0.13682067573435897,0.3865150324834319,18,31,1,7,14,22,4,7,1.157,41.390901468126565
2819,2997,0.784,0.75,0.20846645148525678,0.42760823829640926,18,31,1,7,15,22,4,7,1.0849682022990352,43.73028839645256
2819,2998,0.651,0.733,0.30819801430836147,0.4935348484016866,18,31,1,7,16,22,4,7,0.9803519776080426,48.39072825177665
2819,2999,0.447,0.715,0.42820208079485933,0.5909589395793735,18,31,1,7,17,22,4,7,0.8432283202075224,57.98741430552917
2819,3000,0.315,0.693,0.5082769959182644,0.6480542118604187,18,31,1,7,18,22,4,7,0.761231896336458,65.55604521958347
2819,3001,0.365,0.769,0.41859377485248395,0.59563643274982,18,31,1,7,19,22,4,7,0.8512261744095984,64.60900170950899
2819,3002,0.445,0.847,0.28323700719645495,0.5183037836366451,18,31,1,7,20,22,4,7,0.9567831520255778,62.28329537907717
2819,3003,0.551,0.924,0.13725451437706304,0.43203931689635,18,31,1,7,21,22,4,7,1.0758145751011186,59.19151620301839
2819,3004,0.954,0.762,0.05724940426476488,0.35005435110393224,18,31,1,7,10,23,4,7,1.2209668300162784,38.61583606048754
2819,3005,0.932,0.75,0.07910239400863828,0.36307077954182077,18,31,1,7,11,23,4,7,1.1962959500056831,38.82436487072691
2819,3006,0.898,0.737,0.11084229372801024,0.38088549022659457,18,31,1,7,12,23,4,7,1.1617112377867402,39.376160747375906
2819,3007,0.848,0.722,0.15749692685958339,0.4061643491509954,18,31,1,7,13,23,4,7,1.1137270760828255,40.411574214179154
2819,3008,0.774,0.706,0.22567311044581329,0.4432583306501665,18,31,1,7,14,23,4,7,1.0476220692597116,42.3693413037302
2819,3009,0.666,0.688,0.3218964698660708,0.49853535822526973,18,31,1,7,15,23,4,7,0.9575489543621256,45.93086871578833
2819,3010,0.515,0.667,0.4465978377278257,0.5803591495921523,18,31,1,7,16,23,4,7,0.842682621156981,52.327769093695544
2819,3011,0.307,0.643,0.5790082892630116,0.6851929354259586,18,31,1,7,17,23,4,7,0.7125292976432618,64.47788296503356
2819,3012,0.268,0.616,0.615692260270204,0.7196138797957841,18,31,1,7,18,23,4,7,0.6717737714439289,66.48783133771444
2819,3013,0.339,0.692,0.5102369066710594,0.6502018329488521,18,31,1,7,19,23,4,7,0.7705744610354018,63.90048756989147
2819,3014,0.444,0.769,0.3685369259105833,0.565473441669637,18,31,1,7,20,23,4,7,0.8879735356416879,59.99901411670556
2819,3015,0.566,0.847,0.2198587620129525,0.48157776053737056,18,31,1,7,21,23,4,7,1.018707514451523,56.24753578808228
2819,3016,0.685,0.923,0.08844881763639856,0.39957944635656173,18,31,1,7,22,23,4,7,1.1494146336287876,53.4192207642912
2819,3017,0.912,0.714,0.0995324216292437,0.38255432629218644,18,31,1,7,10,24,4,7,1.1582486779616887,38.05720496157285
2819,3018,0.877,0.7,0.1315482986043377,0.4007959738150325,18,31,1,7,11,24,4,7,1.1221091747240997,38.596013397209326
2819,3019,0.828,0.684,0.17611340683311294,0.4252082931723523,18,31,1,7,12,24,4,7,1.0739832400926934,39.5596679689945
2819,3020,0.761,0.667,0.23871796612628038,0.4588894916916798,18,31,1,7,13,24,4,7,1.0119337923006624,41.23386249910143
2819,3021,0.668,0.647,0.326452624333347,0.5065264580563811,18,31,1,7,14,24,4,7,0.9299639777969898,44.08508813580942
2819,3022,0.545,0.625,0.44502117656903817,0.5743232568193049,18,31,1,7,15,24,4,7,0.8292466460589395,48.91157181252866
2819,3023,0.385,0.6,0.5875571260274715,0.6683746208641934,18,31,1,7,16,24,4,7,0.7128990110808121,57.313063458989454
2819,3024,0.199,0.572,0.7185646048225613,0.7741382977929316,18,31,1,7,17,24,4,7,0.6056277734714616,70.81710698778942
2819,3025,0.235,0.539,0.6949318192656062,0.776558666534676,18,31,1,7,18,24,4,7,0.5880017006778127,66.4431555964217
2819,3026,0.336,0.615,0.5665797104671324,0.6843773975971169,18,31,1,7,19,24,4,7,0.7008002568492679,61.350390507867274
2819,3027,0.464,0.692,0.4100328034805235,0.5888998678889033,18,31,1,7,20,24,4,7,0.8331626491868199,56.15734753643597
2819,3028,0.596,0.769,0.2598216757605506,0.5033440571573617,18,31,1,7,21,24,4,7,0.9729218879231776,52.22315199716693
2819,3029,0.716,0.846,0.12464454386966417,0.42419592823509245,18,31,1,7,22,24,4,7,1.108319448534582,49.757570293110554
2819,3030,0.815,0.923,0.03753328235297637,0.3583268822877045,18,31,1,7,23,24,4,7,1.2313220537292426,48.555810024423366
2819,3031,0.857,0.667,0.15121843665401724,0.41960459363159763,18,31,1,7,10,25,4,7,1.0859732961726085,37.89349302842656
2819,3032,0.809,0.65,0.19349518225713414,0.44298033774492573,18,31,1,7,11,25,4,7,1.0377769509870607,38.78052153119125
2819,3033,0.746,0.632,0.25046253716408007,0.4736912260767635,18,31,1,7,12,25,4,7,0.9777218418343737,40.27077018472357
2819,3034,0.663,0.611,0.3279790762244287,0.5150672180833638,18,31,1,7,13,25,4,7,0.9016041259887845,42.66269414087618
2819,3035,0.557,0.588,0.43294827455294926,0.5717847951765098,18,31,1,7,14,25,4,7,0.8099339479241502,46.55086058507432
2819,3036,0.425,0.563,0.5695814189720687,0.6493648290441376,18,31,1,7,15,25,4,7,0.7054034306692872,52.951408979847876
2819,3037,0.262,0.533,0.7233537360211014,0.7511176584305209,18,31,1,7,16,25,4,7,0.5939132933349783,63.823242588876504
2819,3038,0.145,0.5,0.8337005259330666,0.8494913043872694,18,31,1,7,17,25,4,7,0.5206006146750117,73.82784098421745
2819,3039,0.229,0.462,0.732243287136563,0.8056798778364997,18,31,1,7,18,25,4,7,0.5156403785585454,63.6337191599735
2819,3040,0.36,0.539,0.5826895218433541,0.6937694069519185,18,31,1,7,19,25,4,7,0.6481674166448048,56.26089887066082
2819,3041,0.502,0.616,0.41502212895680735,0.5924842766396505,18,31,1,7,20,25,4,7,0.7946445746369882,50.8222015627677
2819,3042,0.637,0.693,0.26284382741943524,0.5053643111909161,18,31,1,7,21,25,4,7,0.9412852915030596,47.41102974661123
2819,3043,0.753,0.769,0.13151237643421942,0.42814939827374743,18,31,1,7,22,25,4,7,1.0762759869104208,45.60229875451622
2819,3044,0.844,0.847,0.046763899596540925,0.3667270341979605,18,31,1,7,23,25,4,7,1.1957194487002376,45.101648230754265
2819,3045,0.909,0.924,0.01005545523482898,0.32447878973634015,18,31,1,7,24,25,4,7,1.2961701277224376,45.4688584337035
2819,3046,0.79,0.619,0.20988065139605905,0.45889074580618605,18,31,1,7,10,26,4,7,1.0036239335528025,38.08027220371861
2819,3047,0.73,0.6,0.26174943850843546,0.48689430766825814,18,31,1,7,11,26,4,7,0.9449338601193207,39.41739424346893
2819,3048,0.655,0.579,0.32986616622113607,0.5230609500777087,18,31,1,7,12,26,4,7,0.8742230836577126,41.47570012286831
2819,3049,0.56,0.556,0.41987475777867145,0.5707049483059643,18,31,1,7,13,26,4,7,0.7891362366537227,44.794639662505126
2819,3050,0.445,0.529,0.5376709102290689,0.6341082732717964,18,31,1,7,14,26,4,7,0.691278525632035,49.9291234344177
2819,3051,0.308,0.5,0.6862692206608247,0.7175913229568053,18,31,1,7,15,26,4,7,0.587251223923799,58.36693069631684
2819,3052,0.148,0.467,0.846420955968188,0.8209933215559586,18,31,1,7,16,26,4,7,0.4898908041594576,72.41573296889798
2819,3053,0.131,0.429,0.8663860562961765,0.8951434188858494,18,31,1,7,17,26,4,7,0.4485554592243862,73.01935659174084
2819,3054,0.258,0.385,0.7254941263504633,0.8032502238964736,18,31,1,7,18,26,4,7,0.4634533417723946,56.172779463666224
2819,3055,0.407,0.461,0.5614313983119414,0.684344099127681,18,31,1,7,19,26,4,7,0.614955282927141,48.55989605110093
2819,3056,0.552,0.539,0.3956848962344146,0.583162643630052,18,31,1,7,20,26,4,7,0.7715082630795345,44.31731449603919
2819,3057,0.683,0.616,0.2469623585174836,0.4971459666002306,18,31,1,7,21,26,4,7,0.9197526841493859,42.047406843613004
2819,3058,0.791,0.692,0.12541786314450398,0.4226157193759187,18,31,1,7,22,26,4,7,1.050973358368327,41.180796649834235
2819,3059,0.872,0.769,0.04740495809359102,0.3656373157697015,18,31,1,7,23,26,4,7,1.1626456897954767,41.408449932178065
2819,3060,0.929,0.847,0.012825118147765324,0.3288178147261731,18,31,1,7,24,26,4,7,1.2571594966431268,42.3564641663798
2819,3061,0.963,0.923,0.0032033139005255284,0.3103275954482737,18,31,1,7,25,26,4,7,1.3339032948456195,43.78500125250491
2819,3062,0.714,0.572,0.27265269329147235,0.49818417989119756,18,31,1,7,10,27,4,7,0.9148661104227218,38.69893134771134
2819,3063,0.644,0.55,0.33280966570712367,0.5299688349790503,18,31,1,7,11,27,4,7,0.8468978686949212,40.49856154388177
2819,3064,0.558,0.527,0.4098452606107392,0.5703160252665708,18,31,1,7,12,27,4,7,0.7675239409946768,43.36342295838328
2819,3065,0.455,0.5,0.5085293234488921,0.6222618546002074,18,31,1,7,13,27,4,7,0.6760362416320592,47.69780563331631
2819,3066,0.335,0.47,0.6327484399536274,0.6892998944647037,18,31,1,7,14,27,4,7,0.5771698190307598,54.52002186577414
2819,3067,0.196,0.437,0.7819217434237686,0.7738832500270363,18,31,1,7,15,27,4,7,0.4789415413179358,65.84316526405023
2819,3068,0.092,0.4,0.915647250190883,0.8697287890111288,18,31,1,7,16,27,4,7,0.4104436623947311,77.04723548662449
2819,3069,0.164,0.357,0.8416538379880285,0.8951859850631325,18,31,1,7,17,27,4,7,0.3928676621968268,65.32671848743867
2819,3070,0.313,0.308,0.6849136730693782,0.7816532681149951,18,31,1,7,18,27,4,7,0.4391275441144634,44.53869129263914
2819,3071,0.466,0.384,0.5215982232048921,0.6659704891087272,18,31,1,7,19,27,4,7,0.6038311022131935,39.48969425285129
2819,3072,0.607,0.462,0.36796038308402057,0.5685060673015616,18,31,1,7,20,27,4,7,0.7628191135518302,37.27549811918503
2819,3073,0.729,0.539,0.22794200219069027,0.48552159036056575,18,31,1,7,21,27,4,7,0.9066211998403744,36.47807292133742
2819,3074,0.826,0.615,0.11631312094628188,0.4146084221093441,18,31,1,7,22,27,4,7,1.0298062924647529,36.66960247589478
2819,3075,0.897,0.692,0.045117662169500083,0.36135040570207433,18,31,1,7,23,27,4,7,1.1329046738362412,37.64876474800727
2819,3076,0.945,0.769,0.013318960305256033,0.3289646670534492,18,31,1,7,24,27,4,7,1.2183538073975064,39.13720083005644
2819,3077,0.974,0.846,0.004182499728841105,0.3129828792358339,18,31,1,7,25,27,4,7,1.2901131733301539,40.97703087650115
2819,3078,0.989,0.923,9.670443898878167e-4,0.3022909006074854,18,31,1,7,26,27,4,7,1.3527934062524107,43.02300179704078
2819,3079,0.631,0.524,0.33655598786340835,0.5356868069903531,18,31,1,7,10,28,4,7,0.8202054620642318,39.70718630375505
2819,3080,0.552,0.5,0.4031214191980814,0.5702047765865218,18,31,1,7,11,28,4,7,0.7447845325998654,42.17019240711284
2819,3081,0.458,0.474,0.4861460048086388,0.6132300535997204,18,31,1,7,12,28,4,7,0.6591206262893007,45.9835219191391
2819,3082,0.35,0.444,0.5889055974027162,0.6672720880249939,18,31,1,7,13,28,4,7,0.5653635998187361,51.751701318436936
2819,3083,0.226,0.412,0.7120950352534186,0.7346159980099389,18,31,1,7,14,28,4,7,0.4699148859102039,61.25330741937054
2819,3084,0.114,0.375,0.8469275532919504,0.8147051794759358,18,31,1,7,15,28,4,7,0.3919451492237147,73.09072818945921
2819,3085,0.115,0.333,0.8949137999460208,0.889185268744943,18,31,1,7,16,28,4,7,0.3522981691692422,70.94788532200155
2819,3086,0.226,0.286,0.7847624493167902,0.866323424724439,18,31,1,7,17,28,4,7,0.36451611761347397,51.68386410803412
2819,3087,0.38,0.231,0.6328179419303936,0.7538957317985228,18,31,1,7,18,28,4,7,0.44470327185663927,31.295197760830558
2819,3088,0.528,0.308,0.4814740788795263,0.6451006344173595,18,31,1,7,19,28,4,7,0.6112675355357914,30.256437163529263
2819,3089,0.659,0.385,0.3398312744506967,0.552455104259586,18,31,1,7,20,28,4,7,0.7632208068442579,30.294263288052754
2819,3090,0.769,0.462,0.20945454086278026,0.4729006630013385,18,31,1,7,21,28,4,7,0.8971092464131668,30.996615893513837
2819,3091,0.855,0.539,0.1062893335626911,0.40528979746039984,18,31,1,7,22,28,4,7,1.0107155880859857,32.22771495443942
2819,3092,0.917,0.616,0.0414247209247538,0.3553529038507327,18,31,1,7,23,28,4,7,1.104692264841209,33.891457837247536
2819,3093,0.957,0.693,0.01268176979876956,0.3266779201037905,18,31,1,7,24,28,4,7,1.1815659101378984,35.90972307917768
2819,3094,0.981,0.769,0.0042464686944139185,0.3123991995966451,18,31,1,7,25,28,4,7,1.2464838546888604,38.092683989164954
2819,3095,0.993,0.847,0.0011438645516957946,0.30284965013205134,18,31,1,7,26,28,4,7,1.3051658898392955,40.463209845792576
2819,3096,0.998,0.924,1.9239953615113325e-4,0.29699345395890187,18,31,1,7,27,28,4,7,1.3600661748606204,42.79511211360156
2819,3097,0.543,0.476,0.3989365486960882,0.5701404934623344,18,31,1,7,10,29,4,7,0.7220976388273265,41.238175080432406
2819,3098,0.456,0.45,0.4697299610108431,0.6062795241748054,18,31,1,7,11,29,4,7,0.6406527920800783,44.620563298581025
2819,3099,0.357,0.421,0.5556311006363304,0.6504379559943312,18,31,1,7,12,29,4,7,0.5519873186949135,49.70268875679153
2819,3100,0.245,0.389,0.658024509366273,0.7043637747188063,18,31,1,7,13,29,4,7,0.45972383014153184,57.79645371470617
2819,3101,0.148,0.353,0.7739497924374361,0.7686390062918869,18,31,1,7,14,29,4,7,0.38277016602655956,67.2534765817012
2819,3102,0.126,0.312,0.8717923159417601,0.8380792479244987,18,31,1,7,15,29,4,7,0.33648179742743883,68.00887008282287
2819,3103,0.174,0.266,0.8372909881322816,0.8805711657516407,18,31,1,7,16,29,4,7,0.317855312996338,56.809882957028265
2819,3104,0.297,0.214,0.7242967374175362,0.8311706635819449,18,31,1,7,17,29,4,7,0.36606693377031474,35.77421031096249
2819,3105,0.445,0.154,0.5837374834104991,0.7257662379531282,18,31,1,7,18,29,4,7,0.4708938309215783,19.08906966493457
2819,3106,0.583,0.231,0.4448678560537953,0.6240947111374086,18,31,1,7,19,29,4,7,0.6270964838045259,21.61477894278625
2819,3107,0.704,0.308,0.3129966166440792,0.5360462260135169,18,31,1,7,20,29,4,7,0.7684269646492111,23.629377730656817
2819,3108,0.803,0.385,0.1921127238711271,0.45961263914329586,18,31,1,7,21,29,4,7,0.8905245645124001,25.615484320642164
2819,3109,0.879,0.462,0.09634552066257562,0.3950266191020091,18,31,1,7,22,29,4,7,0.9930181267227705,27.726293085391994
2819,3110,0.932,0.539,0.037456257570145035,0.3487302233861944,18,31,1,7,23,29,4,7,1.0766359644745294,30.041918967348522
2819,3111,0.966,0.616,0.01181516710281072,0.3234980567089336,18,31,1,7,24,29,4,7,1.145692803503627,32.524890287791045
2819,3112,0.985,0.692,0.004072971419348481,0.31063749596150747,18,31,1,7,25,29,4,7,1.2037811262850069,35.08950169479682
2819,3113,0.995,0.769,0.0011241341267455018,0.30200593260181363,18,31,1,7,26,29,4,7,1.2575317093417566,37.6991567306859
2819,3114,0.999,0.847,2.163832593101711e-4,0.29699965286809704,18,31,1,7,27,29,4,7,1.3097366147435903,40.29287313802627
2819,3115,1,0.924,2.7468554745668783e-5,0.294424244199604,18,31,1,7,28,29,4,7,1.3615344285033706,42.73793318624221
2819,3116,0.451,0.428,0.4577836385439117,0.6007836783819683,18,31,1,7,10,30,4,7,0.6217595998454708,43.50113503839567
2819,3117,0.359,0.4,0.5306808574663352,0.6374623966611879,18,31,1,7,11,30,4,7,0.5374765111146719,48.09202376885892
2819,3118,0.256,0.368,0.616673512259841,0.6812813674109496,18,31,1,7,12,30,4,7,0.44828562323590077,55.175510843043206
2819,3119,0.188,0.333,0.7152420543106213,0.7330006493275429,18,31,1,7,13,30,4,7,0.38240423637820753,60.5524668192007
2819,3120,0.164,0.294,0.8099819681791126,0.7909897357613263,18,31,1,7,14,30,4,7,0.33664818431115884,60.846211153755824
2819,3121,0.167,0.25,0.8333521494922667,0.8445393198483615,18,31,1,7,15,30,4,7,0.300647634283059,56.2570766038544
2819,3122,0.236,0.2,0.7795806109178636,0.8571015494315852,18,31,1,7,16,30,4,7,0.3093477008157649,40.279863068956445
2819,3123,0.362,0.143,0.670044794916892,0.7971084170374485,18,31,1,7,17,30,4,7,0.38922101690427763,21.555389044330404
2819,3124,0.503,0.077,0.540520692971997,0.6989074284486849,18,31,1,7,18,30,4,7,0.5088595090985331,8.703359506799572
2819,3125,0.631,0.153,0.4123273346433337,0.6035301647388925,18,31,1,7,19,30,4,7,0.6492842212775543,13.62959366151869
2819,3126,0.74,0.231,0.28848690576998925,0.5195097237908974,18,31,1,7,20,30,4,7,0.7752167438852182,17.336388383024374
2819,3127,0.829,0.308,0.17603124322935026,0.4459472978128005,18,31,1,7,21,30,4,7,0.8843670052642171,20.381640923823557
2819,3128,0.896,0.384,0.08703749449479514,0.38458171684834364,18,31,1,7,22,30,4,7,0.9748189575505803,23.19859051364819
2819,3129,0.943,0.461,0.03359866677286749,0.3422997267542862,18,31,1,7,23,30,4,7,1.0496523233909407,26.052405560609706
2819,3130,0.972,0.539,0.010955066918211132,0.32008366023900936,18,31,1,7,24,30,4,7,1.1114427560607878,29.009540574713835
2819,3131,0.988,0.615,0.003831897849908561,0.30840293878951464,18,31,1,7,25,30,4,7,1.1637736034126225,31.901009920651838
2819,3132,0.996,0.692,0.001060420423088071,0.3006856823769509,18,31,1,7,26,30,4,7,1.2127984168855104,34.79076592393926
2819,3133,0.999,0.769,2.077847413800571e-4,0.2963793864434381,18,31,1,7,27,30,4,7,1.2606990124530122,37.58798896461457
2819,3134,1,0.847,2.8157934122474693e-5,0.29421612263207986,18,31,1,7,28,30,4,7,1.3104995230827061,40.26459927013793
2819,3135,1,0.923,1.1584381061080506e-6,0.29317986263146123,18,31,1,7,29,30,4,7,1.3608559806239602,42.707010169212275
2819,3136,0.36,0.381,0.5118793471098223,0.6272452910804954,18,31,1,7,10,31,4,7,0.5241764969931407,46.62333252509047
2819,3137,0.281,0.35,0.58498035158788,0.6634657155366768,18,31,1,7,11,31,4,7,0.4488440709199577,51.240512341407715
2819,3138,0.226,0.316,0.667340315097918,0.7056052716129664,18,31,1,7,12,31,4,7,0.388499678249545,54.428033894038066
2819,3139,0.201,0.278,0.7477386779723507,0.7532463122571447,18,31,1,7,13,31,4,7,0.3430524741202139,54.132258677993626
2819,3140,0.189,0.235,0.7961834122008324,0.802283148137058,18,31,1,7,14,31,4,7,0.30157254516948323,51.19183428484205
2819,3141,0.212,0.188,0.7905705183277563,0.8378143821999777,18,31,1,7,15,31,4,7,0.2833513719747974,41.56636963754948
2819,3142,0.295,0.133,0.7280878672885933,0.8290657498524414,18,31,1,7,16,31,4,7,0.3235954264200902,24.268111507917148
2819,3143,0.419,0.071,0.6230383305130518,0.7655092899113737,18,31,1,7,17,31,4,7,0.4249729403150276,9.61747481006087
2819,3144,0.552,0,0.5027587673117212,0.6735433472632201,18,31,1,7,18,31,4,7,0.552,0
2819,3145,0.67,0.077,0.38275319593810875,0.5834931270680501,18,31,1,7,19,31,4,7,0.6744101126169447,6.555976369827667
2819,3146,0.77,0.154,0.2660707309231539,0.5030065569045189,18,31,1,7,20,31,4,7,0.7852490050932889,11.309932474020213
2819,3147,0.851,0.231,0.16101050472158707,0.4323066426449985,18,31,1,7,21,31,4,7,0.8817947607011509,15.18673308264111
2819,3148,0.91,0.308,0.0784526860678536,0.3745250947783658,18,31,1,7,22,31,4,7,0.9607101540006747,18.69898280418112
2819,3149,0.951,0.385,0.030071524787827597,0.33630319118836194,18,31,1,7,23,31,4,7,1.0259756332389185,22.03992447576403
2819,3150,0.977,0.462,0.010156355298319153,0.3166542234959403,18,31,1,7,24,31,4,7,1.0807279953808913,25.30835029308277
2819,3151,0.99,0.539,0.0035905522224027875,0.30607764946516314,18,31,1,7,25,31,4,7,1.1272182574816645,28.56583679374657
2819,3152,0.997,0.616,9.9300688802606e-4,0.29931205528582017,18,31,1,7,26,31,4,7,1.171949230982298,31.709993329530594
2819,3153,0.999,0.693,1.976109588822661e-4,0.2956929928606248,18,31,1,7,27,31,4,7,1.2158330477495667,34.74880124918256
2819,3154,1,0.77,2.721871667943354e-5,0.29388074129076436,18,31,1,7,28,31,4,7,1.2621014222319853,37.596271147211986
2819,3155,1,0.847,1.1258820065140895e-6,0.2930825715631573,18,31,1,7,29,31,4,7,1.3104995230827061,40.26459927013793
2819,3156,1,0.924,5.521096690941363e-9,0.2929065582095379,18,31,1,7,30,31,4,7,1.3615344285033706,42.73793318624221
2819,3157,0.306,0.409,0.5586119523745893,0.6494307130223151,18,31,1,7,10,32,4,7,0.5108003523882887,53.19740355207509
2819,3158,0.258,0.381,0.6267648632539928,0.6843037454224976,18,31,1,7,11,32,4,7,0.46013584950533903,55.895503683412706
2819,3159,0.232,0.35,0.6950775714677944,0.7235969055388367,18,31,1,7,12,32,4,7,0.419909514062256,56.4613080254113
2819,3160,0.217,0.316,0.7489518499146394,0.7656303895135759,18,31,1,7,13,32,4,7,0.38333405797032954,55.52226877586623
2819,3161,0.217,0.278,0.771012253369588,0.8041011442994586,18,31,1,7,14,32,4,7,0.3526655639554279,52.025272491296334
2819,3162,0.257,0.235,0.7494737374553035,0.8229018959146058,18,31,1,7,15,32,4,7,0.3482441672160497,42.43969910609134
2819,3163,0.347,0.187,0.6824767708404409,0.800602699127594,18,31,1,7,16,32,4,7,0.39418016185495686,28.32044503654168
2819,3164,0.469,0.133,0.5818474031789852,0.7362849091276641,18,31,1,7,17,32,4,7,0.48749358970144413,15.832386620422207
2819,3165,0.594,0.071,0.4690759962573964,0.6495246218630475,18,31,1,7,18,32,4,7,0.5982282173217843,6.816147214149903
2819,3166,0.703,0.143,0.35551117651374275,0.5639855985122694,18,31,1,7,19,32,4,7,0.7173966824567841,11.4978895237211
2819,3167,0.795,0.214,0.24530735215833543,0.48672676918850455,18,31,1,7,20,32,4,7,0.8232988521794501,15.06590354295151
2819,3168,0.868,0.286,0.1466815655723922,0.419059578370529,18,31,1,7,21,32,4,7,0.9139037148409016,18.236694321722815
2819,3169,0.921,0.357,0.07053966609272178,0.36516830217872986,18,31,1,7,22,32,4,7,0.9877702161940296,21.187434223190692
2819,3170,0.958,0.429,0.02690617856639055,0.3308415051662218,18,31,1,7,23,32,4,7,1.049668995445707,24.12321380022607
2819,3171,0.98,0.5,0.009399350076903512,0.3134357227100544,18,31,1,7,24,32,4,7,1.1001818031580053,27.03086025984298
2819,3172,0.992,0.572,0.0033547516255025833,0.30397169579349237,18,31,1,7,25,32,4,7,1.1450973757720344,29.968303914763805
2819,3173,0.997,0.643,9.29486735670837e-4,0.298134565822317,18,31,1,7,26,32,4,7,1.1863633507488336,32.81937802754542
2819,3174,0.999,0.715,1.8781173317694577e-4,0.2950962190772394,18,31,1,7,27,32,4,7,1.2285055962428497,35.591894069805875
2819,3175,1,0.786,2.60941988526886e-5,0.29359262214492243,18,31,1,7,28,32,4,7,1.2719260984821406,38.1673468344621
2819,3176,1,0.858,1.086340232103744e-6,0.29300614465936925,18,31,1,7,29,32,4,7,1.317635761506191,40.62959351305883
2819,3177,1,0.929,5.450940698814577e-9,0.29289807394399914,18,31,1,7,30,32,4,7,1.3649325990685401,42.8920866639288
2819,3178,1,1,0,0.2928932188134524,18,31,1,7,31,32,4,7,1.4142135623730951,45
2819,3179,0.285,0.435,0.5935011727922899,0.6674287111572926,18,31,1,7,10,33,4,7,0.5200480747007915,56.768288932020646
2819,3180,0.258,0.409,0.6516854892516006,0.7001896732397366,18,31,1,7,11,33,4,7,0.4835752268261888,57.75599041829671
2819,3181,0.244,0.381,0.7033419048901445,0.7356846726948665,18,31,1,7,12,33,4,7,0.45243452564984477,57.36369064604044
2819,3182,0.235,0.35,0.7372270406853758,0.771060215772909,18,31,1,7,13,33,4,7,0.42157442996462674,56.12146019489035
2819,3183,0.248,0.316,0.7424896560433627,0.7986306118951753,18,31,1,7,14,33,4,7,0.40169640277204377,51.87481802870425
2819,3184,0.301,0.278,0.7109036462314551,0.8037371019547519,18,31,1,7,15,33,4,7,0.4097377209874629,42.72519786964159
2819,3185,0.395,0.235,0.6416462953793494,0.7730307965972206,18,31,1,7,16,33,4,7,0.45961940777125593,30.7499673021964
2819,3186,0.513,0.187,0.5450458634702284,0.7090800260353499,18,31,1,7,17,33,4,7,0.5460201461484732,20.027931876166427
2819,3187,0.63,0.133,0.4381340623456469,0.6266739388876859,18,31,1,7,18,33,4,7,0.64388585945026,11.92073853992231
2819,3188,0.732,0.2,0.3301501845301894,0.5450479732518676,18,31,1,7,19,33,4,7,0.7588306794008792,15.281607734694827
2819,3189,0.816,0.266,0.22581525405346825,0.470896477423304,18,31,1,7,20,33,4,7,0.8582610325536165,18.054952909147616
2819,3190,0.882,0.333,0.1330603538020193,0.4065142504637448,18,31,1,7,21,33,4,7,0.9427687945620602,20.684080267946808
2819,3191,0.93,0.4,0.06329378337009273,0.35668530411290444,18,31,1,7,22,33,4,7,1.0123734488813898,23.27290406408198
2819,3192,0.963,0.467,0.024028832260164168,0.3259880540907626,18,31,1,7,23,33,4,7,1.0702607159005697,25.870735977763843
2819,3193,0.983,0.533,0.008670321804524428,0.310575181474385,18,31,1,7,24,33,4,7,1.1182030227109923,28.467332971816788
2819,3194,0.993,0.6,0.0031296081625137306,0.3021845170812898,18,31,1,7,25,33,4,7,1.160193518340798,31.14161425639385
2819,3195,0.998,0.667,8.705948766849492e-4,0.2971696286605737,18,31,1,7,26,33,4,7,1.2003720256653767,33.75625947840964
2819,3196,0.999,0.733,1.7785481023624428e-4,0.29461047280898567,18,31,1,7,27,33,4,7,1.2390681982845013,36.26875333399602
2819,3197,1,0.8,2.49839617459946e-5,0.2933866724173386,18,31,1,7,28,33,4,7,1.2806248474865698,38.659808254090095
2819,3198,1,0.867,1.0488154112975323e-6,0.29296268008337656,18,31,1,7,29,33,4,7,1.323513883569039,40.92528797789907
2819,3199,1,0.934,5.3569291225130655e-9,0.29289542552992276,18,31,1,7,30,33,4,7,1.3683406008739198,43.045473375173806
2819,3200,1,1,0,0.29289321881345254,18,31,1,7,31,33,4,7,1.4142135623730951,45
2819,3202,0.281,0.458,0.6159230824747244,0.6814452226492316,18,31,1,7,10,34,4,7,0.5373313688963264,58.46933915789356
2819,3203,0.266,0.435,0.6628990275088136,0.7114680381624887,18,31,1,7,11,34,4,7,0.5098833199860533,58.55445378511668
2819,3204,0.256,0.409,0.7001487198374186,0.7424697770476814,18,31,1,7,12,34,4,7,0.4825111397677778,57.95685595851297
2819,3205,0.255,0.381,0.7196049281209779,0.7706914256197395,18,31,1,7,13,34,4,7,0.4584604672160949,56.20594750740257
2819,3206,0.28,0.35,0.7131565611438486,0.7880709008054204,18,31,1,7,14,34,4,7,0.4482186966202994,51.34019174590991
2819,3207,0.342,0.316,0.6747913184339194,0.7826778895184243,18,31,1,7,15,34,4,7,0.4656393454166003,42.73721019286054
2819,3208,0.438,0.278,0.6045236242321408,0.746685313628048,18,31,1,7,16,34,4,7,0.5187754813018827,32.4034267641815
2819,3209,0.552,0.235,0.5113760028674249,0.6835621855734776,18,31,1,7,17,34,4,7,0.5999408304158003,23.06064952941595
2819,3210,0.662,0.188,0.4092973194643229,0.6048682861617025,18,31,1,7,18,34,4,7,0.6881773027352762,15.853905711995521
2819,3211,0.756,0.25,0.30628547286264907,0.5267611189969925,18,31,1,7,19,34,4,7,0.7962637753910446,18.29842220400369
2819,3212,0.834,0.312,0.20739645785739536,0.4557309339941815,18,31,1,7,20,34,4,7,0.8904493247793498,20.510859282963157
2819,3213,0.894,0.375,0.12019921383793075,0.39487595266833453,18,31,1,7,21,34,4,7,0.9694642850564429,22.756250740224
2819,3214,0.938,0.437,0.05664636612221208,0.3491293983556414,18,31,1,7,22,34,4,7,1.0348009470424733,24.98009894905545
2819,3215,0.967,0.5,0.021458067222569266,0.3217448020735807,18,31,1,7,23,34,4,7,1.0886179311402142,27.341815714918493
2819,3216,0.985,0.563,0.007964501708586091,0.3081004710337708,18,31,1,7,24,34,4,7,1.134545724067567,29.751145184477462
2819,3217,0.994,0.625,0.002921679740894856,0.3006968647541861,18,31,1,7,25,34,4,7,1.1741639578866319,32.16055782059448
2819,3218,0.998,0.688,8.12412043801003e-4,0.2963882005117695,18,31,1,7,26,34,4,7,1.2121666552087629,34.58155461812813
2819,3219,1,0.75,1.675885476508654e-4,0.29423384612568115,18,31,1,7,27,34,4,7,1.25,36.86989764584402
2819,3220,1,0.813,2.382752496710161e-5,0.29324917407166085,18,31,1,7,28,34,4,7,1.2887858627405873,39.111110804715416
2819,3221,1,0.875,1.0123160186781277e-6,0.2929387920074146,18,31,1,7,29,34,4,7,1.3287682265918312,41.18592516570965
2819,3222,1,0.938,5.245644807416738e-9,0.29289443698303697,18,31,1,7,30,34,4,7,1.3710740315533658,43.16763304046667
2819,3223,1,1,0,0.2928932188134524,18,31,1,7,31,34,4,7,1.4142135623730951,45
2819,3226,0.286,0.48,0.6281023858272926,0.691759272168502,18,31,1,7,10,35,4,7,0.5587450223491928,59.21210473123497
2819,3227,0.276,0.458,0.6647360090612182,0.7185689222624427,18,31,1,7,11,35,4,7,0.5347335785229875,58.92598873644789
2819,3228,0.269,0.435,0.6904498884011314,0.7446616921716798,18,31,1,7,12,35,4,7,0.5114547878356405,58.267734501256356
2819,3229,0.277,0.409,0.6990202536396743,0.7657495515516789,18,31,1,7,13,35,4,7,0.493973683509557,55.89172253252311
2819,3230,0.312,0.381,0.6839758206504618,0.7742137727146876,18,31,1,7,14,35,4,7,0.4924479667944625,50.686034296520575
2819,3231,0.381,0.35,0.6408126804914609,0.7609728039901581,18,31,1,7,15,35,4,7,0.5173596428017941,42.57167503090132
2819,3232,0.478,0.316,0.5701727228087018,0.7215797560502384,18,31,1,7,16,35,4,7,0.5730095985234454,33.468206952310304
2819,3233,0.587,0.278,0.4800076502543492,0.6594768543065799,18,31,1,7,17,35,4,7,0.6495021170096368,25.341979985929804
2819,3234,0.69,0.235,0.38213705334583503,0.584040365804243,18,31,1,7,18,35,4,7,0.7289204346154661,18.8078011270346
2819,3235,0.778,0.294,0.28369937888876207,0.5092211500329328,18,31,1,7,19,35,4,7,0.831697060232871,20.70117916630905
2819,3236,0.849,0.353,0.18989202655025295,0.44139955121300345,18,31,1,7,20,35,4,7,0.9194617990977112,22.57672415341403
2819,3237,0.905,0.412,0.10822682832726604,0.38424621546840343,18,31,1,7,21,35,4,7,0.9943686439143181,24.477335588673988
2819,3238,0.944,0.47,0.05055577177766446,0.3424737777056919,18,31,1,7,22,35,4,7,1.054531175451916,26.467857411929867
2819,3239,0.971,0.529,0.019157208067265508,0.3180701819076758,18,31,1,7,23,35,4,7,1.1057495195567575,28.581511963152817
2819,3240,0.986,0.588,0.007306563110330178,0.3059887304740946,18,31,1,7,24,35,4,7,1.1480156793354348,30.809689973132183
2819,3241,0.995,0.647,0.002723871623582119,0.29947011320053396,18,31,1,7,25,35,4,7,1.1868588795640365,33.033986551755355
2819,3242,0.998,0.706,7.577246737020538e-4,0.2957644259893467,18,31,1,7,26,35,4,7,1.2224729035851878,35.27615455906439
2819,3243,1,0.765,1.580350201754177e-4,0.29395127999941195,18,31,1,7,27,35,4,7,1.2590571869458511,37.41598861857788
2819,3244,1,0.824,2.2666911838831183e-5,0.2931580973234522,18,31,1,7,28,35,4,7,1.2957530628943155,39.48852258397938
2819,3245,1,0.883,9.716846505192223e-7,0.29292491785840025,18,31,1,7,29,35,4,7,1.3340498491435768,41.4445038973404
2819,3246,1,0.942,5.134330294254141e-9,0.29289396890465624,18,31,1,7,30,35,4,7,1.3738136700440857,43.289306039103366
2819,3247,1,1,0,0.2928932188134524,18,31,1,7,31,35,4,7,1.4142135623730951,45
2819,3279,1,1,0,0.2928932188134524,18,31,1,7,10,18,7,7,1.4142135623730951,45
2819,3280,1,1,0,0.2928932188134524,18,31,1,7,11,18,7,7,1.4142135623730951,45
2819,3281,1,1,0,0.2928932188134524,18,31,1,7,12,18,7,7,1.4142135623730951,45
2819,3282,1,1,0,0.2928932188134524,18,31,1,7,13,18,7,7,1.4142135623730951,45
2819,3283,1,1,0,0.2928932188134524,18,31,1,7,14,18,7,7,1.4142135623730951,45
2819,3284,1,1,0,0.2928932188134524,18,31,1,7,15,18,7,7,1.4142135623730951,45
2819,3285,1,1,0,0.2928932188134524,18,31,1,7,16,18,7,7,1.4142135623730951,45
2819,3286,1,1,0,0.2928932188134524,18,31,1,7,17,18,7,7,1.4142135623730951,45
2819,3287,1,0.953,1.2407440656947433e-4,0.2935102839384295,18,31,1,7,10,19,7,7,1.3813793830805496,43.62141221053497
2819,3288,1,0.95,2.5651007312266216e-4,0.29379081910891525,18,31,1,7,11,19,7,7,1.379311422413372,43.53119928561418
2819,3289,1,0.948,5.813279247443015e-4,0.2942704871773113,18,31,1,7,12,19,7,7,1.3779346864057092,43.470907000688804
2819,3290,0.999,0.945,0.0014679900300367255,0.2951657736395352,18,31,1,7,13,19,7,7,1.375145810450659,43.40885972880541
2819,3291,0.997,0.942,0.004079063588953269,0.29700490874339447,18,31,1,7,14,19,7,7,1.371631510282554,43.37523304233238
2819,3292,0.991,0.938,0.011589438837892763,0.30126682416772277,18,31,1,7,15,19,7,7,1.3645237264335126,43.42617286941801
2819,3293,0.966,0.934,0.029128102899603325,0.31272585752309845,18,31,1,7,16,19,7,7,1.3436934174133623,44.03510967587989
2819,3294,0.877,0.929,0.059762007202778245,0.34782244134868634,18,31,1,7,17,19,7,7,1.277564088412006,46.649256705555395
2819,3295,0.581,0.924,0.09532152075402023,0.40444122965426066,18,31,1,7,18,19,7,7,1.0914838523771206,57.83881627990081
2819,3296,0.996,0.905,0.005859800079515698,0.3011590439394606,18,31,1,7,10,20,7,7,1.3457492336984629,42.25936935740831
2819,3297,0.993,0.9,0.009935358443968756,0.30408498539138307,18,31,1,7,11,20,7,7,1.3401675268413273,42.18741324008184
2819,3298,0.987,0.895,0.017371856027659116,0.3086116418407766,18,31,1,7,12,20,7,7,1.3323640643607888,42.20137145537029
2819,3299,0.975,0.889,0.03077558785690937,0.3159821974378104,18,31,1,7,13,20,7,7,1.3194491274770694,42.35839848329132
2819,3300,0.95,0.883,0.05383747474191558,0.328549965845255,18,31,1,7,14,20,7,7,1.296992289876852,42.90665086111357
2819,3301,0.902,0.875,0.08995803607822106,0.3509480122486316,18,31,1,7,15,20,7,7,1.256673784241559,44.12950646228685
2819,3302,0.807,0.867,0.13953959411117323,0.39176719104779334,18,31,1,7,16,20,7,7,1.1844568375420017,47.05273344148259
2819,3303,0.618,0.858,0.20096213886149905,0.4596752986777617,18,31,1,7,17,20,7,7,1.0573968034754029,54.235559093165925
2819,3304,0.431,0.847,0.24027405520520628,0.49340065885937245,18,31,1,7,18,20,7,7,0.9503525661563712,63.030514743514054
2819,3305,0.457,0.923,0.15122863360884742,0.44084668408860384,18,31,1,7,19,20,7,7,1.02994077499631,63.65885650445521
2819,3306,0.975,0.858,0.03225245534490162,0.3226441121884063,18,31,1,7,10,21,7,7,1.2987644128170435,41.34777721969367
2819,3307,0.96,0.85,0.047482689110007414,0.3311940205848318,18,31,1,7,11,21,7,7,1.2822246293064254,41.52221348020184
2819,3308,0.937,0.843,0.07045074881809921,0.3435146753791479,18,31,1,7,12,21,7,7,1.2604039035166466,41.97707583622204
2819,3309,0.9,0.834,0.10444296588428781,0.36181138786664346,18,31,1,7,13,21,7,7,1.227011002395659,42.82024400825848
2819,3310,0.841,0.824,0.15228770768793398,0.38958272095333757,18,31,1,7,14,21,7,7,1.1773941566017727,44.41501837424655
2819,3311,0.749,0.813,0.215767675655541,0.432215470158966,18,31,1,7,15,21,7,7,1.1054275191074265,47.34627397208839
2819,3312,0.605,0.8,0.29342095890477027,0.4956324914014003,18,31,1,7,16,21,7,7,1.0030079760400712,52.90160594034248
2819,3313,0.38,0.786,0.37641248433016494,0.5687380445746487,18,31,1,7,17,21,7,7,0.8730383725816409,64.19806469360834
2819,3314,0.37,0.77,0.38154857278057297,0.5749580442679615,18,31,1,7,18,21,7,7,0.8542833253669417,64.33480853782642
2819,3315,0.416,0.847,0.2892219595704798,0.5218116827213879,18,31,1,7,19,21,7,7,0.9436445305304323,63.84225792959475
2819,3316,0.475,0.924,0.15745834850538343,0.4449233781547016,18,31,1,7,20,21,7,7,1.0389422505606363,62.79369696440135
2819,3317,0.924,0.81,0.08427855456567279,0.35895145715039567,18,31,1,7,10,22,7,7,1.2287701168241358,41.23856252298466
2819,3318,0.892,0.8,0.11425168305169064,0.3749977077054595,18,31,1,7,11,22,7,7,1.1981919712633697,41.88769139079452
2819,3319,0.847,0.79,0.15554018225027288,0.3970230274105061,18,31,1,7,12,22,7,7,1.1582352956113884,43.00577854039971
2819,3320,0.784,0.778,0.21151265437793765,0.4278087107269942,18,31,1,7,13,22,7,7,1.1045089406609618,44.77991486152994
2819,3321,0.695,0.765,0.28487378479716663,0.4711761184955494,18,31,1,7,14,22,7,7,1.0335618026997708,47.74495589383814
2819,3322,0.574,0.75,0.3744941838105781,0.5314445669483983,18,31,1,7,15,22,7,7,0.9444448104574453,52.571965443983856
2819,3323,0.408,0.733,0.47016872811746513,0.6075475512185031,18,31,1,7,16,22,7,7,0.8388998748360855,60.8989595956344
2819,3324,0.287,0.715,0.5594626745580565,0.666598418451182,18,31,1,7,17,22,7,7,0.770450517554502,68.12954284942016
2819,3325,0.33,0.693,0.4955822096969158,0.6437268897148886,18,31,1,7,18,22,7,7,0.7675604210744584,64.5366549381284
2819,3326,0.393,0.769,0.3855375396298403,0.579234783565602,18,31,1,7,19,22,7,7,0.863602918012671,62.93054535908692
2819,3327,0.475,0.847,0.25913945235444036,0.5046996330623581,18,31,1,7,20,22,7,7,0.9710993769949603,60.71616816010966
2819,3328,0.568,0.924,0.12774737102601585,0.4261888570642064,18,31,1,7,21,22,7,7,1.0846197490365,58.42018355952725
2819,3329,0.845,0.762,0.15871615931404082,0.4080378982192445,18,31,1,7,10,23,7,7,1.1378352253292212,42.04335545489881
2819,3330,0.795,0.75,0.2047785841116565,0.43244765890596193,18,31,1,7,11,23,7,7,1.0929432739168123,43.33166255170669
2819,3331,0.729,0.737,0.2654947926385105,0.4647822704847355,18,31,1,7,12,23,7,7,1.0366339759047065,45.312661450388646
2819,3332,0.645,0.722,0.3443145638498377,0.5079913574662975,18,31,1,7,13,23,7,7,0.9681471995518036,48.22393414270322
2819,3333,0.537,0.706,0.44168336641997485,0.565373849063017,18,31,1,7,14,23,7,7,0.8870202928907546,52.742538167139045
2819,3334,0.4,0.688,0.5479721928041583,0.6383064586233522,18,31,1,7,15,23,7,7,0.7958291273885367,59.826479970355656
2819,3335,0.241,0.667,0.6453362930747151,0.7154842777103225,18,31,1,7,16,23,7,7,0.7092037788957417,70.13423197828162
2819,3336,0.246,0.643,0.6654055934044917,0.7467086438647773,18,31,1,7,17,23,7,7,0.6884511602139981,69.06406653545538
2819,3337,0.314,0.616,0.570578551243527,0.6947227309332871,18,31,1,7,18,23,7,7,0.6914130458705563,62.99022984051342
2819,3338,0.403,0.692,0.45226351920076324,0.6184667692114961,18,31,1,7,19,23,7,7,0.8007952297560219,59.78476428879402
2819,3339,0.503,0.769,0.3157041461276944,0.5387882770103768,18,31,1,7,20,23,7,7,0.9188960768226188,56.811452295953714
2819,3340,0.605,0.847,0.1941251535128694,0.4664192108425754,18,31,1,7,21,23,7,7,1.0408813573121578,54.46232220802562
2819,3341,0.702,0.923,0.08008126194253373,0.39304703159243504,18,31,1,7,22,23,7,7,1.1596262328871316,52.74471054642292
2819,3342,0.744,0.714,0.2508300374734861,0.4666764344270101,18,31,1,7,10,24,7,7,1.0311799067088148,43.82124083008877
2819,3343,0.677,0.7,0.3132610061611305,0.49948758971139084,18,31,1,7,11,24,7,7,0.9738218522912699,45.95692113164119
2819,3344,0.596,0.684,0.3930301519486593,0.5416686263544501,18,31,1,7,12,24,7,7,0.9072331563605907,48.93289627223054
2819,3345,0.497,0.667,0.4927469794962168,0.5958671157533926,18,31,1,7,13,24,7,7,0.831804063466872,53.30919413292302
2819,3346,0.378,0.647,0.6080675050189378,0.6640198208457542,18,31,1,7,14,24,7,7,0.7493283659384583,59.70503542089514
2819,3347,0.237,0.625,0.7169062508632864,0.743101561809151,18,31,1,7,15,24,7,7,0.668426510545475,69.23327259745788
2819,3348,0.178,0.6,0.7882187487528981,0.8085713412464992,18,31,1,7,16,24,7,7,0.6258466265787489,73.47613256605496
2819,3349,0.238,0.572,0.7133733608454933,0.7968136686577343,18,31,1,7,17,24,7,7,0.6195385379457842,67.40859086263862
2819,3350,0.336,0.539,0.5964233189349062,0.7156217824444963,18,31,1,7,18,24,7,7,0.6351511631100112,58.06155108332812
2819,3351,0.444,0.615,0.46506008265144816,0.6284782418684465,18,31,1,7,19,24,7,7,0.7585255434064169,54.17255292012626
2819,3352,0.554,0.692,0.33144397213933463,0.5477939735472035,18,31,1,7,20,24,7,7,0.8864423275092408,51.32000295903822
2819,3353,0.658,0.769,0.20681100307607336,0.47495438013172375,18,31,1,7,21,24,7,7,1.0120894229266504,49.447828291850705
2819,3354,0.75,0.846,0.10356838787737355,0.40915720989289595,18,31,1,7,22,24,7,7,1.1305821509293343,48.442215285897376
2819,3355,0.826,0.923,0.03317341423060016,0.353149911200733,18,31,1,7,23,24,7,7,1.2386302918950431,48.17438702989869
2819,3356,0.627,0.667,0.3547100421069279,0.5303744030917482,18,31,1,7,10,25,7,7,0.9154332307710924,46.77055766280413
2819,3357,0.549,0.65,0.43176795344768537,0.5705876293483612,18,31,1,7,11,25,7,7,0.850823718522233,49.815049305730454
2819,3358,0.456,0.632,0.5272413726308424,0.6207746753565064,18,31,1,7,12,25,7,7,0.7793330481892835,54.18883607735876
2819,3359,0.349,0.611,0.6428005015177007,0.6827464246717156,18,31,1,7,13,25,7,7,0.7036490602566026,60.265218434931505
2819,3360,0.226,0.588,0.7704336674458685,0.7562303572400929,18,31,1,7,14,25,7,7,0.6299365047367869,68.97554932983708
2819,3361,0.14,0.563,0.8570332767969053,0.8315090802838585,18,31,1,7,15,25,7,7,0.5801456713619433,76.03561574963825
2819,3362,0.177,0.533,0.8152030114406739,0.8623643754778735,18,31,1,7,16,25,7,7,0.5616208685581404,71.6295734240296
2819,3363,0.276,0.5,0.7029682976337688,0.7999430030444067,18,31,1,7,17,25,7,7,0.5711182014259395,61.10130239915843
2819,3364,0.392,0.462,0.572228706397246,0.7039678824509314,18,31,1,7,18,25,7,7,0.6058943802347073,49.68589983950271
2819,3365,0.508,0.539,0.4363953024386178,0.6149469676100838,18,31,1,7,19,25,7,7,0.7406652415227813,46.69594117190373
2819,3366,0.617,0.616,0.31016730406251736,0.5360060837995104,18,31,1,7,20,25,7,7,0.8718629479453752,44.95353141366536
2819,3367,0.716,0.693,0.19058140846249128,0.46542859221305055,18,31,1,7,21,25,7,7,0.9964461852001842,44.06480773612037
2819,3368,0.799,0.769,0.09704092285696642,0.4037718740332329,18,31,1,7,22,25,7,7,1.108946346763449,43.903913459550694
2819,3369,0.866,0.847,0.03722263048327312,0.3557123705069858,18,31,1,7,23,25,7,7,1.2113484222138566,44.36452120744206
2819,3370,0.915,0.924,0.008783161037009268,0.3217139880717984,18,31,1,7,24,25,7,7,1.300384943007262,45.28040125003974
2819,3371,0.502,0.619,0.4622189003284224,0.5936348993023088,18,31,1,7,10,26,7,7,0.7969723960087952,50.9584500884458
2819,3372,0.415,0.6,0.5493094775762486,0.6390599556610471,18,31,1,7,11,26,7,7,0.7295375247374188,55.32968208901945
2819,3373,0.316,0.579,0.652788551906416,0.6938563884123687,18,31,1,7,12,26,7,7,0.6596188293249367,61.37567565686727
2819,3374,0.205,0.556,0.7710133838357902,0.7582820883826856,18,31,1,7,13,26,7,7,0.5925883900313944,69.76081543049058
2819,3375,0.125,0.529,0.8814306011539786,0.8280606883860688,18,31,1,7,14,26,7,7,0.5435678430518126,76.70515986347917
2819,3376,0.143,0.5,0.8671815973247418,0.879499751508466,18,31,1,7,15,26,7,7,0.5200471132503285,74.03947050737597
2819,3377,0.231,0.467,0.7728440883538722,0.8543139263109117,18,31,1,7,16,26,7,7,0.5210086371644908,63.68085194619272
2819,3378,0.348,0.429,0.6470695681388181,0.7683768272701544,18,31,1,7,17,26,7,7,0.5523993120922581,50.95142227887938
2819,3379,0.468,0.385,0.515310303759873,0.6740111487275421,18,31,1,7,18,26,7,7,0.6060107259776844,39.44240811600356
2819,3380,0.581,0.461,0.3892068489727798,0.5893851966800061,18,31,1,7,19,26,7,7,0.7416751310378419,38.430578099870964
2819,3381,0.683,0.539,0.27099267246434644,0.5146120020527627,18,31,1,7,20,26,7,7,0.8700632160940952,38.27928183646978
2819,3382,0.772,0.616,0.1654204125830765,0.44821925871359025,18,31,1,7,21,26,7,7,0.9876436604362933,38.58732786326151
2819,3383,0.844,0.692,0.08368820234459429,0.39214876293145606,18,31,1,7,22,26,7,7,1.09142109197138,39.34850511850235
2819,3384,0.9,0.769,0.03377172874047074,0.3500635988883284,18,31,1,7,23,26,7,7,1.1837909443816506,40.51204895469951
2819,3385,0.94,0.847,0.01039894602927749,0.3239788698937389,18,31,1,7,24,26,7,7,1.2653098434770829,42.02087035455039
2819,3386,0.966,0.923,0.0029124640753724895,0.3090122325548774,18,31,1,7,25,26,7,7,1.336070731660566,43.69598035525378
2819,3387,0.373,0.572,0.5639967918613857,0.6512277026642348,18,31,1,7,10,27,7,7,0.6828711445067802,56.89171365156647
2819,3388,0.28,0.55,0.6539184334564105,0.6987126928141447,18,31,1,7,11,27,7,7,0.617170964968379,63.019769281777144
2819,3389,0.179,0.527,0.7536165265954271,0.7534063928173967,18,31,1,7,12,27,7,7,0.556569851860483,71.2395104784187
2819,3390,0.129,0.5,0.8539192881986061,0.8126506956572491,18,31,1,7,13,27,7,7,0.5163729272531626,75.53317164996092
2819,3391,0.138,0.47,0.8735474208920294,0.8640047918911403,18,31,1,7,14,27,7,7,0.48984079046155393,73.63686324912523
2819,3392,0.207,0.437,0.8046314264829745,0.8704185444003085,18,31,1,7,15,27,7,7,0.4835473089574587,64.6538240580533
2819,3393,0.314,0.4,0.6964173451336182,0.8127918037562367,18,31,1,7,16,27,7,7,0.508523352462795,51.86808632439829
2819,3394,0.433,0.357,0.5752165013755026,0.7270680446215947,18,31,1,7,17,27,7,7,0.5611933713079654,39.504911536482375
2819,3395,0.548,0.308,0.45566947313016215,0.6400393992057418,18,31,1,7,18,27,7,7,0.6286238939143183,29.337893654673955
2819,3396,0.652,0.384,0.3420408816030861,0.5616987220598282,18,31,1,7,19,27,7,7,0.7566769455983181,30.49625827996651
2819,3397,0.744,0.462,0.2343922070499318,0.4919638709356414,18,31,1,7,20,27,7,7,0.8757739434351767,31.83894713442976
2819,3398,0.82,0.539,0.14185924693747565,0.4302857332559784,18,31,1,7,21,27,7,7,0.9812853815277184,33.31760162282229
2819,3399,0.881,0.615,0.07058978195928278,0.3792114489004601,18,31,1,7,22,27,7,7,1.0744235663833885,34.917751978489896
2819,3400,0.926,0.692,0.02834434585105905,0.34261790724459695,18,31,1,7,23,27,7,7,1.1560017301025116,36.77077009853235
2819,3401,0.958,0.769,0.009937928279240671,0.32206901418923684,18,31,1,7,24,27,7,7,1.2284644887012404,38.754499896033224
2819,3402,0.978,0.846,0.003506520848792105,0.310223176426917,18,31,1,7,25,27,7,7,1.2931357237351382,40.8608107442738
2819,3403,0.99,0.923,8.679517661075442e-4,0.30132573460061196,18,31,1,7,26,27,7,7,1.3535246580687033,42.994119834389366
2819,3404,0.243,0.524,0.6524985572938553,0.699322644766509,18,31,1,7,10,28,7,7,0.5776028047023318,65.12093733319524
2819,3405,0.176,0.5,0.7379282671523992,0.7451774672359699,18,31,1,7,11,28,7,7,0.5300716932642225,70.60793148921834
2819,3406,0.15,0.474,0.8250456738102446,0.7941643165299734,18,31,1,7,12,28,7,7,0.49716797966079834,72.43972794819932
2819,3407,0.155,0.444,0.8485487387334791,0.8389250745073836,18,31,1,7,13,28,7,7,0.47027757760709793,70.75595138619329
2819,3408,0.204,0.412,0.8058940986482147,0.859421098812668,18,31,1,7,14,28,7,7,0.4597390564222274,63.65788847411954
2819,3409,0.292,0.375,0.7245724707660166,0.8323127079777862,18,31,1,7,15,28,7,7,0.4752778134943814,52.09329696876171
2819,3410,0.402,0.333,0.6210264723370466,0.7672898218438463,18,31,1,7,16,28,7,7,0.5220086206184722,39.63693057995329
2819,3411,0.515,0.286,0.5111179748410901,0.6873218786154982,18,31,1,7,17,28,7,7,0.5890848835269837,29.045157144585165
2819,3412,0.62,0.231,0.40359785101385504,0.6076466890384529,18,31,1,7,18,28,7,7,0.6616350958043262,20.434419831041286
2819,3413,0.714,0.308,0.29933244471311604,0.5349987625946309,18,31,1,7,19,28,7,7,0.7775988683119337,23.334041276709776
2819,3414,0.794,0.385,0.2023535700136453,0.469611961590084,18,31,1,7,20,28,7,7,0.8824177015450223,25.86812725882151
2819,3415,0.859,0.462,0.11956898167678764,0.4119490026243231,18,31,1,7,21,28,7,7,0.975358908299914,28.272905587199045
2819,3416,0.909,0.539,0.05816260252800687,0.3655977988574536,18,31,1,7,22,28,7,7,1.056788531353364,30.6662153988764
2819,3417,0.946,0.616,0.022937315404748637,0.33480428386214767,18,31,1,7,23,28,7,7,1.12888086173874,33.07067782276167
2819,3418,0.971,0.693,0.00868272177441809,0.31830113128570237,18,31,1,7,24,28,7,7,1.1929333594128382,35.51534461067976
2819,3419,0.986,0.769,0.0032407937480462,0.3083739935869494,18,31,1,7,25,28,7,7,1.2504227285202392,37.951340469943304
2819,3420,0.994,0.847,9.246929352159095e-4,0.3010772037747853,18,31,1,7,26,28,7,7,1.305926873909868,40.434737615583025
2819,3421,0.998,0.924,1.72614997226761e-4,0.29651155612995017,18,31,1,7,27,28,7,7,1.3600661748606204,42.79511211360156
2819,3422,0.197,0.476,0.7244940007597236,0.7356867169496242,18,31,1,7,10,29,7,7,0.5151553163852626,67.51702182633578
2819,3423,0.182,0.45,0.7921473758026449,0.7760933807511878,18,31,1,7,11,29,7,7,0.48541116592019184,67.97940344398434
2819,3424,0.182,0.421,0.811736985284169,0.8138524326037229,18,31,1,7,12,29,7,7,0.4586556442474026,66.62097676628017
2819,3425,0.214,0.389,0.7900914269509438,0.837821790314456,18,31,1,7,13,29,7,7,0.4439786030880317,61.18355244023918
2819,3426,0.282,0.353,0.734326891942733,0.8314252198272447,18,31,1,7,14,29,7,7,0.45181080111037625,51.37980168050053
2819,3427,0.376,0.312,0.6525212620426725,0.7898294637160765,18,31,1,7,15,29,7,7,0.48858980750727904,39.68545433005525
2819,3428,0.483,0.266,0.5562583584854308,0.7251408169025535,18,31,1,7,16,29,7,7,0.5514027566126234,28.842660135412075
2819,3429,0.587,0.214,0.4564106653991369,0.6508916173791908,18,31,1,7,17,29,7,7,0.6247919653772765,20.030115218733197
2819,3430,0.681,0.154,0.3575459334828809,0.5771606698785737,18,31,1,7,18,29,7,7,0.6981955313520706,12.742430877782835
2819,3431,0.764,0.231,0.2617091710095871,0.5090263867963594,18,31,1,7,19,29,7,7,0.7981585055613953,16.82300787580288
2819,3432,0.833,0.308,0.17384201797402887,0.4472896268376485,18,31,1,7,20,29,7,7,0.8881176723835643,20.291767667994034
2819,3433,0.888,0.385,0.09929661645689469,0.39373610991934493,18,31,1,7,21,29,7,7,0.9678682761615859,23.43955628395346
2819,3434,0.93,0.462,0.04725070761352701,0.35290598817686947,18,31,1,7,22,29,7,7,1.0384334355171738,26.417000396733656
2819,3435,0.96,0.539,0.018408076768165804,0.32768320329220635,18,31,1,7,23,29,7,7,1.100963668792027,29.31239545656586
2819,3436,0.979,0.616,0.007340936480004445,0.3141746041031025,18,31,1,7,24,29,7,7,1.1566749759547839,32.178656206601076
2819,3437,0.99,0.692,0.002820419325010981,0.3055770617340967,18,31,1,7,25,29,7,7,1.207875821431988,34.95315980061543
2819,3438,0.996,0.769,8.165501020920285e-4,0.299660070753793,18,31,1,7,26,29,7,7,1.2583230904660376,37.671312329762905
2819,3439,0.999,0.847,1.7501299229549794e-4,0.29614692275282317,18,31,1,7,27,29,7,7,1.3097366147435903,40.29287313802627
2819,3440,1,0.924,2.4896796789408704e-5,0.29420206659234027,18,31,1,7,28,29,7,7,1.3615344285033706,42.73793318624221
2819,3441,0.212,0.428,0.753711576184057,0.7594794641423839,18,31,1,7,10,30,7,7,0.4776274698967805,63.649538754051406
2819,3442,0.21,0.4,0.774209837214969,0.7911650999465599,18,31,1,7,11,30,7,7,0.45177427992306074,62.300527191945015
2819,3443,0.23,0.368,0.7665726699110668,0.8144324537204578,18,31,1,7,12,30,7,7,0.43396313207460374,57.9946167919165
2819,3444,0.28,0.333,0.7309100632641925,0.8188190864324933,18,31,1,7,13,30,7,7,0.43507355699927347,49.94150627375432
2819,3445,0.357,0.294,0.6702155821307567,0.796309359504439,18,31,1,7,14,30,7,7,0.46247702645645,39.472459848343824
2819,3446,0.451,0.25,0.5907735199894094,0.7493409341015405,18,31,1,7,15,30,7,7,0.5156558930139362,29.00064312471946
2819,3447,0.551,0.2,0.501252590846802,0.6867039344991408,18,31,1,7,16,30,7,7,0.5861748885784857,19.949702777243772
2819,3448,0.646,0.143,0.40874124801972367,0.6171552124424243,18,31,1,7,17,30,7,7,0.6616381186116773,12.481843965969984
2819,3449,0.731,0.077,0.31675590255040154,0.5480720728058538,18,31,1,7,18,30,7,7,0.7350442163570842,6.0130859816643065
2819,3450,0.804,0.153,0.22832980651237134,0.4837109307491364,18,31,1,7,19,30,7,7,0.8184283719422245,10.774473488455678
2819,3451,0.863,0.231,0.1480099982701346,0.4256895741699116,18,31,1,7,20,30,7,7,0.8933812176221302,14.985122918675968
2819,3452,0.91,0.308,0.08182098261275061,0.3770015887587329,18,31,1,7,21,30,7,7,0.9607101540006747,18.69898280418112
2819,3453,0.945,0.384,0.037984162768271656,0.3420096975780127,18,31,1,7,22,30,7,7,1.0200397051095609,22.114327071559458
2819,3454,0.969,0.461,0.01492469400890395,0.3213768404153622,18,31,1,7,23,30,7,7,1.073071293064911,25.44268469914603
2819,3455,0.984,0.539,0.006165865774750756,0.31005432516914266,18,31,1,7,24,30,7,7,1.1219523162773006,28.7123513274988
2819,3456,0.993,0.615,0.0024081594082966395,0.30271204205265945,18,31,1,7,25,30,7,7,1.1680214039134729,31.771396844107077
2819,3457,0.997,0.692,6.874763949518137e-4,0.29796681407545444,18,31,1,7,26,30,7,7,1.2136197921919367,34.76382841255804
2819,3458,0.999,0.769,1.495726810689657e-4,0.29531177458736113,18,31,1,7,27,30,7,7,1.2606990124530122,37.58798896461457
2819,3459,1,0.847,2.2537473095107785e-5,0.2938336178626083,18,31,1,7,28,30,7,7,1.3104995230827061,40.26459927013793
2819,3460,1,0.923,1.0199524423937234e-6,0.2931163978417325,18,31,1,7,29,30,7,7,1.3608559806239602,42.707010169212275
2819,3461,0.234,0.381,0.7402744486489408,0.771147305490676,18,31,1,7,10,31,7,7,0.44712078904922326,58.44286765683037
2819,3462,0.247,0.35,0.7408063807668342,0.7923192185431889,18,31,1,7,11,31,7,7,0.42837950464512187,54.78883464895702
2819,3463,0.283,0.316,0.7195357889179506,0.8014356750057409,18,31,1,7,12,31,7,7,0.4241992456381788,48.15334108822719
2819,3464,0.343,0.278,0.6764280480184384,0.7915959378357509,18,31,1,7,13,31,7,7,0.4415121742375855,39.02461550369725
2819,3465,0.424,0.235,0.6139819672520486,0.7604599292847708,18,31,1,7,14,31,7,7,0.4847690171617819,28.997205020389952
2819,3466,0.517,0.188,0.5373878095950444,0.7116300935257844,18,31,1,7,15,31,7,7,0.5501208958038224,19.983106521899977
2819,3467,0.61,0.133,0.4529987950195351,0.651207151996495,18,31,1,7,16,31,7,7,0.6243308417818232,12.299864707895328
2819,3468,0.696,0.071,0.36609628704110175,0.5854402487377742,18,31,1,7,17,31,7,7,0.6996120353453048,5.824679306334062
2819,3469,0.772,0,0.28003867951781813,0.5201983822417966,18,31,1,7,18,31,7,7,0.772,0
2819,3470,0.835,0.077,0.19813193452567968,0.45944379505249855,18,31,1,7,19,31,7,7,0.8385427836431484,5.268662223373494
2819,3471,0.887,0.154,0.12458184949699802,0.4056278547489375,18,31,1,7,20,31,7,7,0.9002694041230103,9.84944996217657
2819,3472,0.927,0.231,0.06700615048565206,0.3623195880850676,18,31,1,7,21,31,7,7,0.9553481040960934,13.992606172850456
2819,3473,0.956,0.308,0.03036589466264983,0.3327667361949801,18,31,1,7,22,31,7,7,1.0043903623591774,17.857680905557586
2819,3474,0.976,0.385,0.012302748245576423,0.31579119375333875,18,31,1,7,23,31,7,7,1.049190640446244,21.527608730410325
2819,3475,0.988,0.462,0.005200172073676623,0.3062968867806518,18,31,1,7,24,31,7,7,1.0906823552253884,25.061323562978764
2819,3476,0.995,0.539,0.0020351955664180688,0.3002447615194874,18,31,1,7,25,31,7,7,1.1316121243606398,28.44478363713549
2819,3477,0.998,0.616,5.767088396979592e-4,0.2965616189467032,18,31,1,7,26,31,7,7,1.172800068212822,31.684314774709158
2819,3478,1,0.693,1.2730851997566628e-4,0.29454325502976486,18,31,1,7,27,31,7,7,1.2166548401251687,34.72195926903065
2819,3479,1,0.77,1.930700657493123e-5,0.293442196475154,18,31,1,7,28,31,7,7,1.2621014222319853,37.596271147211986
2819,3480,1,0.847,8.734837676493967e-7,0.2930000379123606,18,31,1,7,29,31,7,7,1.3104995230827061,40.26459927013793
2819,3481,1,0.924,4.9291654091732084e-9,0.29290061641828147,18,31,1,7,30,31,7,7,1.3615344285033706,42.73793318624221
2819,3482,0.263,0.409,0.7152086597770249,0.7722916637510553,18,31,1,7,10,32,7,7,0.48626124665656834,57.2576940566677
2819,3483,0.289,0.381,0.7036086098371592,0.783014750869717,18,31,1,7,11,32,7,7,0.478207068120077,52.81858508347339
2819,3484,0.336,0.35,0.674024844399037,0.7806120839875448,18,31,1,7,12,32,7,7,0.4851762566325768,46.169139327907416
2819,3485,0.403,0.316,0.6266276947883209,0.7614770938006559,18,31,1,7,13,32,7,7,0.5121181504301522,38.10067231580176
2819,3486,0.485,0.278,0.5637766593805313,0.7256703616836078,18,31,1,7,14,32,7,7,0.5590250441617084,29.821156973443824
2819,3487,0.573,0.235,0.48966182467033925,0.6763584698884899,18,31,1,7,15,32,7,7,0.6193173661379116,22.299621098965456
2819,3488,0.659,0.187,0.4093522731832625,0.6179810044569979,18,31,1,7,16,32,7,7,0.6850182479321263,15.841994766814862
2819,3489,0.737,0.133,0.3272036997468062,0.5554076023150174,18,31,1,7,17,32,7,7,0.7489045333018087,10.229574378469474
2819,3490,0.805,0.071,0.24643265730140995,0.49368087703875196,18,31,1,7,18,32,7,7,0.8081249903325599,5.040373855688406
2819,3491,0.861,0.143,0.1703915353505311,0.43675215268471235,18,31,1,7,19,32,7,7,0.8727943629515489,9.429945617284622
2819,3492,0.906,0.214,0.10382635774550375,0.3876545587492426,18,31,1,7,20,32,7,7,0.9309307170783441,13.289858131137251
2819,3493,0.94,0.286,0.05451918018695556,0.34981978687403426,18,31,1,7,21,32,7,7,0.982545673238654,16.922662011791086
2819,3494,0.964,0.357,0.024245966143884412,0.3250748583615556,18,31,1,7,22,32,7,7,1.0279810309533925,20.321201030639653
2819,3495,0.981,0.429,0.010253787329430275,0.3111022668398098,18,31,1,7,23,32,7,7,1.0707016391133433,23.62018540288183
2819,3496,0.991,0.5,0.004407802437182751,0.30324247615226074,18,31,1,7,24,32,7,7,1.1099914414084462,26.772810949659604
2819,3497,0.996,0.572,0.0017041186899008354,0.29836370027120673,18,31,1,7,25,32,7,7,1.1485643212288983,29.86863008834868
2819,3498,0.999,0.643,4.8679338851020937e-4,0.29550321273676994,18,31,1,7,26,32,7,7,1.1880446119569754,32.767100722602
2819,3499,1,0.715,1.0817353124847884e-4,0.2939587098666484,18,31,1,7,27,32,7,7,1.2293189171244376,35.56476799303516
2819,3500,1,0.786,1.6328961696787658e-5,0.29318836039149276,18,31,1,7,28,32,7,7,1.2719260984821406,38.1673468344621
2819,3501,1,0.858,7.299641450186911e-7,0.2929370632022251,18,31,1,7,29,32,7,7,1.317635761506191,40.62959351305883
2819,3502,1,0.929,4.2217701556879206e-9,0.29289452091439105,18,31,1,7,30,32,7,7,1.3649325990685401,42.8920866639288
2819,3503,1,1,0,0.2928932188134524,18,31,1,7,31,32,7,7,1.4142135623730951,45
2819,3504,0.297,0.435,0.6854915056377957,0.7652167844793729,18,31,1,7,10,33,7,7,0.5267200394896705,55.6763556826958
2819,3505,0.334,0.409,0.6657038014719452,0.7668349009005112,18,31,1,7,11,33,7,7,0.5280501870087728,50.76403355592573
2819,3506,0.388,0.381,0.6305986482267739,0.7558814104986884,18,31,1,7,12,33,7,7,0.5437876423752198,44.4784663464041
2819,3507,0.459,0.35,0.5805901527858046,0.7307681600467137,18,31,1,7,13,33,7,7,0.5772183295772926,37.32650715056788
2819,3508,0.539,0.316,0.5178421266914696,0.692330930029494,18,31,1,7,14,33,7,7,0.6248015684999518,30.38185399210775
2819,3509,0.622,0.278,0.44594454716233145,0.6431457463496181,18,31,1,7,15,33,7,7,0.6812987597229281,24.082032901436573
2819,3510,0.701,0.235,0.3691297592836238,0.5866823632045032,18,31,1,7,16,33,7,7,0.7393415989919679,18.53297401301703
2819,3511,0.772,0.187,0.29122982911355544,0.5270536099360714,18,31,1,7,17,33,7,7,0.794325500031316,13.616373515746359
2819,3512,0.832,0.133,0.21539921914771742,0.46887087707656516,18,31,1,7,18,33,7,7,0.8425633507339373,9.082219198273755
2819,3513,0.882,0.2,0.1449515385737855,0.41613516575477316,18,31,1,7,19,33,7,7,0.9043915081423531,12.776185407118922
2819,3514,0.921,0.266,0.08588499757668322,0.37206261644978234,18,31,1,7,20,33,7,7,0.9586433121865505,16.109590263058703
2819,3515,0.95,0.333,0.04399488434593435,0.33944730117730937,18,31,1,7,21,33,7,7,1.00667224060267,19.316906551716837
2819,3516,0.971,0.4,0.01942390489094936,0.3188256306037508,18,31,1,7,22,33,7,7,1.0501623683983348,22.389037902591777
2819,3517,0.984,0.467,0.008545069441269648,0.30732720614066134,18,31,1,7,23,33,7,7,1.0891946566156117,25.388711776383975
2819,3518,0.993,0.533,0.0037325599413230437,0.300866125836469,18,31,1,7,24,33,7,7,1.127003992894435,28.22500417857623
2819,3519,0.997,0.6,0.0014173961920173062,0.29695173985852763,18,31,1,7,25,33,7,7,1.1636189238749943,31.039756784569477
2819,3520,0.999,0.667,4.104485255863599e-4,0.2947249111095951,18,31,1,7,26,33,7,7,1.2012035630982785,33.729755198814786
2819,3521,1,0.733,9.174193768946015e-5,0.2935691969641284,18,31,1,7,27,33,7,7,1.2398745904324355,36.24141615772501
2819,3522,1,0.8,1.3641849232581826e-5,0.2930548090088232,18,31,1,7,28,33,7,7,1.2806248474865698,38.659808254090095
2819,3523,1,0.867,6.138063239902181e-7,0.29291249831463717,18,31,1,7,29,33,7,7,1.323513883569039,40.92528797789907
2819,3524,1,0.934,3.5992030467113523e-9,0.2928935780290751,18,31,1,7,30,33,7,7,1.3683406008739198,43.045473375173806
2819,3525,1,1,1.1102230246251565e-16,0.29289321881345254,18,31,1,7,31,33,7,7,1.4142135623730951,45
2819,3527,0.334,0.458,0.6538040360028947,0.7522768298107944,18,31,1,7,10,34,7,7,0.5668509504270061,53.8983130644626
2819,3528,0.378,0.435,0.6281508520678574,0.7465446101489116,18,31,1,7,11,34,7,7,0.5762889900041471,49.01048467051675
2819,3529,0.438,0.409,0.5891497379460675,0.7294388929378426,18,31,1,7,12,34,7,7,0.5992703897240377,43.039045115267065
2819,3530,0.51,0.381,0.5374721216547054,0.7004100764154968,18,31,1,7,13,34,7,7,0.6366011310074778,36.76189441935843
2819,3531,0.587,0.35,0.475099656131719,0.6604725620537573,18,31,1,7,14,34,7,7,0.6834244654678379,30.805600453302155
2819,3532,0.665,0.316,0.4052332851661766,0.6117656894333497,18,31,1,7,15,34,7,7,0.7362615024568377,25.416504727011272
2819,3533,0.738,0.278,0.33159042812390627,0.5572178071911444,18,31,1,7,16,34,7,7,0.7886241183225378,20.641078964680453
2819,3534,0.801,0.235,0.2576771273514077,0.5005421892463564,18,31,1,7,17,34,7,7,0.8347610436526133,16.350806037939307
2819,3535,0.855,0.188,0.1865547066972062,0.4461092946540748,18,31,1,7,18,34,7,7,0.8754250396236105,12.401026477412417
2819,3536,0.899,0.25,0.12211688099712781,0.397868793192955,18,31,1,7,19,34,7,7,0.9331136050878264,15.540545077164374
2819,3537,0.933,0.312,0.07062210908228905,0.35883739817213167,18,31,1,7,20,34,7,7,0.9837850374954886,18.490200280735948
2819,3538,0.958,0.375,0.03536809201786972,0.3309621744011758,18,31,1,7,21,34,7,7,1.0287803458464786,21.377387090380633
2819,3539,0.976,0.437,0.015767967628828594,0.31380344602801247,18,31,1,7,22,34,7,7,1.0693666349760498,24.120253255496312
2819,3540,0.987,0.5,0.007127959429781394,0.30433222078079336,18,31,1,7,23,34,7,7,1.1064217098376188,26.86611757901638
2819,3541,0.994,0.563,0.0031645022364602537,0.29903645629220543,18,31,1,7,24,34,7,7,1.1423681543180377,29.527145940860862
2819,3542,0.998,0.625,0.0011746804507748454,0.29590386694225335,18,31,1,7,25,34,7,7,1.1775521219886618,32.056959195154654
2819,3543,0.999,0.688,3.44928589395499e-4,0.2941798856856832,18,31,1,7,26,34,7,7,1.2129901071319584,34.55474494650793
2819,3544,1,0.75,7.79331816204154e-5,0.29333046308045285,18,31,1,7,27,34,7,7,1.25,36.86989764584402
2819,3545,1,0.813,1.1308170163371045e-5,0.29298736165854056,18,31,1,7,28,34,7,7,1.2887858627405873,39.111110804715416
2819,3546,1,0.875,5.120800660174396e-7,0.2929029091155262,18,31,1,7,29,34,7,7,1.3287682265918312,41.18592516570965
2819,3547,1,0.938,3.0433251474448753e-9,0.2928933546771565,18,31,1,7,30,34,7,7,1.3710740315533658,43.16763304046667
2819,3548,1,1,0,0.2928932188134524,18,31,1,7,31,34,7,7,1.4142135623730951,45
2819,3551,0.373,0.48,0.6213123822248854,0.7354216952298516,18,31,1,7,10,35,7,7,0.6078889701253017,52.14981613649449
2819,3552,0.423,0.458,0.5912210580960684,0.7239645036358997,18,31,1,7,11,35,7,7,0.6234524841557695,47.2750264221217
2819,3553,0.485,0.435,0.5493863158891676,0.7024385910180353,18,31,1,7,12,35,7,7,0.6514982732133677,41.88915934650923
2819,3554,0.556,0.409,0.496604323080189,0.6708006646770986,18,31,1,7,13,35,7,7,0.690229671920876,36.338627753494
2819,3555,0.63,0.381,0.4347953941641801,0.6300744928277742,18,31,1,7,14,35,7,7,0.7362479202007975,31.163950614360232
2819,3556,0.702,0.35,0.36689001899459606,0.5821358318459142,18,31,1,7,15,35,7,7,0.7844131564424451,26.499719643803594
2819,3557,0.769,0.316,0.29629955997870094,0.5296323978330013,18,31,1,7,16,35,7,7,0.8313946114812147,22.338901590013943
2819,3558,0.826,0.278,0.22632419836156437,0.47606712440692767,18,31,1,7,17,35,7,7,0.8715273948649004,18.601264116359214
2819,3559,0.874,0.235,0.15999050421040828,0.4256132208407645,18,31,1,7,18,35,7,7,0.9050419879762485,15.049678761501387
2819,3560,0.913,0.294,0.10209724523298169,0.38199919045897357,18,31,1,7,19,35,7,7,0.9591689110891783,17.849354586685106
2819,3561,0.943,0.353,0.05769723351265721,0.3477819760000235,18,31,1,7,20,35,7,7,1.0069051593869205,20.522745339854378
2819,3562,0.965,0.412,0.028400605609845697,0.3240756970121631,18,31,1,7,21,35,7,7,1.049270699104859,23.119720137405153
2819,3563,0.98,0.47,0.012969854221448918,0.3097940349976801,18,31,1,7,22,35,7,7,1.086876257906115,25.62199594460698
2819,3564,0.989,0.529,0.005982646283316906,0.30198143622062334,18,31,1,7,23,35,7,7,1.1215890513017681,28.141601232261724
2819,3565,0.995,0.588,0.0026812089812676687,0.29764690391841775,18,31,1,7,24,35,7,7,1.155754731766217,30.581166866377114
2819,3566,0.998,0.647,9.75176251537202e-4,0.29514369994908407,18,31,1,7,25,35,7,7,1.1893750459800307,32.955203935520316
2819,3567,0.999,0.706,2.8953422553223973e-4,0.29381139060823,18,31,1,7,26,35,7,7,1.2232894179220222,35.249105081031196
2819,3568,1,0.765,6.652212074642616e-5,0.29318602253817416,18,31,1,7,27,35,7,7,1.2590571869458511,37.41598861857788
2819,3569,1,0.824,9.461304315117047e-6,0.2929514471109521,18,31,1,7,28,35,7,7,1.2957530628943155,39.48852258397938
2819,3570,1,0.883,4.2831295810064063e-7,0.29289854612712474,18,31,1,7,29,35,7,7,1.3340498491435768,41.4445038973404
2819,3571,1,0.942,2.5646358370323696e-9,0.2928932791677956,18,31,1,7,30,35,7,7,1.3738136700440857,43.289306039103366
2819,3572,1,1,1.1102230246251565e-16,0.29289321881345254,18,31,1,7,31,35,7,7,1.4142135623730951,45
2819,3604,1,1,0,0.2928932188134524,18,31,1,7,10,18,10,7,1.4142135623730951,45
2819,3605,1,1,0,0.2928932188134524,18,31,1,7,11,18,10,7,1.4142135623730951,45
2819,3606,1,1,0,0.2928932188134524,18,31,1,7,12,18,10,7,1.4142135623730951,45
2819,3607,1,1,0,0.2928932188134524,18,31,1,7,13,18,10,7,1.4142135623730951,45
2819,3608,1,1,0,0.2928932188134524,18,31,1,7,14,18,10,7,1.4142135623730951,45
2819,3609,1,1,0,0.2928932188134524,18,31,1,7,15,18,10,7,1.4142135623730951,45
2819,3610,1,1,0,0.2928932188134524,18,31,1,7,16,18,10,7,1.4142135623730951,45
2819,3611,1,1,0,0.2928932188134524,18,31,1,7,17,18,10,7,1.4142135623730951,45
2819,3612,1,0.953,5.176258431979219e-4,0.2941976476339263,18,31,1,7,10,19,10,7,1.3813793830805496,43.62141221053497
2819,3613,0.999,0.95,0.0010350765140162421,0.2947852099519742,18,31,1,7,11,19,10,7,1.3785865950313023,43.559824574075215
2819,3614,0.999,0.948,0.002220338255107701,0.29578337304111935,18,31,1,7,12,19,10,7,1.3772091344454551,43.4995291643456
2819,3615,0.996,0.945,0.005001833066012429,0.29759715941410736,18,31,1,7,13,19,10,7,1.3729679530127423,43.49489305395037
2819,3616,0.991,0.942,0.011369115356618997,0.30116401965941864,18,31,1,7,14,19,10,7,1.3672764899609735,43.54790890852037
2819,3617,0.975,0.938,0.024094388531602173,0.3088718322374061,18,31,1,7,15,19,10,7,1.352948262129783,43.89196050551577
2819,3618,0.933,0.934,0.045386122461478995,0.32713149807623143,18,31,1,7,16,19,10,7,1.3201685498450568,45.0306886845388
2819,3619,0.811,0.929,0.07455691941943332,0.3710688720001949,18,31,1,7,17,19,10,7,1.2331917936801235,48.879635618301805
2819,3620,0.551,0.924,0.09568039230899283,0.4046516956008305,18,31,1,7,18,19,10,7,1.0758145751011186,59.19151620301839
2819,3621,0.987,0.905,0.017167077745895987,0.308618386514509,18,31,1,7,10,20,10,7,1.3391019378673157,42.51833217995296
2819,3622,0.979,0.9,0.02675519191863096,0.31394989812394014,18,31,1,7,11,20,10,7,1.329827432413695,42.592494747569255
2819,3623,0.964,0.895,0.04175461928299784,0.32196309468397466,18,31,1,7,12,20,10,7,1.31541666402703,42.87434383417758
2819,3624,0.939,0.889,0.06424396590044446,0.334368188569643,18,31,1,7,13,20,10,7,1.2930746304834844,43.43321943802379
2819,3625,0.896,0.883,0.09568399752663359,0.3540711025934262,18,31,1,7,14,20,10,7,1.2579765498609266,44.58131991228313
2819,3626,0.823,0.875,0.13615596570297428,0.38575507628732353,18,31,1,7,15,20,10,7,1.2012302027504969,46.75409284973905
2819,3627,0.698,0.867,0.18477691298711907,0.4349582382537519,18,31,1,7,16,20,10,7,1.1130557039070417,51.1633286694875
2819,3628,0.473,0.858,0.23861845414967053,0.49230538493376486,18,31,1,7,17,20,10,7,0.9797412923828411,61.13284053048539
2819,3629,0.428,0.847,0.23447634365123926,0.4903306057636294,18,31,1,7,18,20,10,7,0.9489957850275206,63.19194273260126
2819,3630,0.461,0.923,0.14145475270888896,0.4347301876085916,18,31,1,7,19,20,10,7,1.0317218617437551,63.45978444317543
2819,3631,0.934,0.858,0.0733096054408352,0.34529540727103236,18,31,1,7,10,21,10,7,1.2682744182549768,42.5715003896448
2819,3632,0.905,0.85,0.09982278969584857,0.35935137418848095,18,31,1,7,11,21,10,7,1.2415816525706234,43.204993262663656
2819,3633,0.864,0.843,0.13511435230342872,0.37881096818413584,18,31,1,7,12,21,10,7,1.2071226118336116,44.29516656426888
2819,3634,0.806,0.834,0.18058470528549897,0.4060512550091806,18,31,1,7,13,21,10,7,1.1598241245982082,45.97812559424644
2819,3635,0.723,0.824,0.23681498909330456,0.4442143021280306,18,31,1,7,14,21,10,7,1.0962230612425556,48.73540565930315
2819,3636,0.605,0.813,0.3019361653389957,0.4961012183503548,18,31,1,7,15,21,10,7,1.013407124506237,53.344946385842896
2819,3637,0.436,0.8,0.3702529755005949,0.5571468791807089,18,31,1,7,16,21,10,7,0.9110960432358381,61.4096159392094
2819,3638,0.346,0.786,0.4267473535282048,0.5930832149130127,18,31,1,7,17,21,10,7,0.8587851885075801,66.24073473991673
2819,3639,0.383,0.77,0.364324567865572,0.5659006584139641,18,31,1,7,18,21,10,7,0.8599936046273833,63.55412863962203
2819,3640,0.428,0.847,0.2672916694905453,0.5098638516365361,18,31,1,7,19,21,10,7,0.9489957850275206,63.19194273260126
2819,3641,0.484,0.924,0.14336270575333177,0.43628829985349893,18,31,1,7,20,21,10,7,1.0430877240194134,62.35402463626132
2819,3642,0.835,0.81,0.16676188604321673,0.403217218185665,18,31,1,7,10,22,10,7,1.1633249760922355,44.12931050156564
2819,3643,0.783,0.8,0.2124970898578561,0.4278290042212879,18,31,1,7,11,22,10,7,1.119414579143938,45.615281623475575
2819,3644,0.717,0.79,0.26990951092164694,0.46007478081526076,18,31,1,7,12,22,10,7,1.0668594096693342,47.773274737087796
2819,3645,0.632,0.778,0.33938896098765026,0.5021971629089229,18,31,1,7,13,22,10,7,1.0023512358450006,50.91168658215361
2819,3646,0.522,0.765,0.4173494309149617,0.5558131509193697,18,31,1,7,14,22,10,7,0.9261258013898545,55.69221215528404
2819,3647,0.382,0.75,0.49589119347387367,0.617912243652958,18,31,1,7,15,22,10,7,0.8416792738329725,63.008739408677144
2819,3648,0.278,0.733,0.5682955529088396,0.669261414629975,18,31,1,7,16,22,10,7,0.7839470645394369,69.2301017143959
2819,3649,0.307,0.715,0.5431357709504652,0.6703012641193719,18,31,1,7,17,22,10,7,0.7781220983881643,66.76273532448107
2819,3650,0.359,0.693,0.4536639599246336,0.6213373924492069,18,31,1,7,18,22,10,7,0.7804678084328655,62.61414853702709
2819,3651,0.425,0.769,0.34956035307669653,0.5588166225858182,18,31,1,7,19,22,10,7,0.8786273385229941,61.07207219134089
2819,3652,0.5,0.847,0.2302111257060494,0.4890515146330584,18,31,1,7,20,22,10,7,0.9835695196578633,59.44584886294522
2819,3653,0.581,0.924,0.11666570957070566,0.41887604619071395,18,31,1,7,21,22,10,7,1.0914838523771206,57.83881627990081
2819,3654,0.702,0.762,0.2906395102330126,0.47802594689105615,18,31,1,7,10,23,10,7,1.036073356476268,47.346874292487286
2819,3655,0.632,0.75,0.3570463123222194,0.5134790599883277,18,31,1,7,11,23,10,7,0.98077724280287,49.880277651241634
2819,3656,0.547,0.737,0.4365141830782203,0.5578196210265711,18,31,1,7,12,23,10,7,0.9178115274935263,53.41726554756762
2819,3657,0.445,0.722,0.5245203573453927,0.6121002590960893,18,31,1,7,13,23,10,7,0.84812086402823506,58.35266599625495
2819,3658,0.323,0.706,0.6104654964679779,0.6743500295675884,18,31,1,7,14,23,10,7,0.7763794175530415,65.41556975979158
2819,3659,0.225,0.688,0.6831136526247561,0.7327250803767331,18,31,1,7,15,23,10,7,0.7238570300825985,71.89044965918109
2819,3660,0.239,0.667,0.685694693906975,0.7560920382973155,18,31,1,7,16,23,10,7,0.7085266402895519,70.2863398700282
2819,3661,0.299,0.643,0.603606843794076,0.7206476490238962,18,31,1,7,17,23,10,7,0.7091191719309244,65.06120601963715
2819,3662,0.376,0.616,0.5026769800867141,0.6545652242217104,18,31,1,7,18,23,10,7,0.7216869127260103,58.60054251665874
2819,3663,0.46,0.692,0.38859053082461714,0.5837133660965685,18,31,1,7,19,23,10,7,0.8309416345327751,56.386428796409184
2819,3664,0.548,0.769,0.27399716464872736,0.5152091320613816,18,31,1,7,20,23,10,7,0.9442801491083036,54.52580390254874
2819,3665,0.634,0.847,0.1668120400410792,0.4506311691609647,18,31,1,7,21,23,10,7,1.0580004725896865,53.184257139081396
2819,3666,0.714,0.923,0.07110606393972085,0.38616043863669336,18,31,1,7,22,23,10,7,1.1669297322461194,52.275737706082964
2819,3667,0.551,0.714,0.436095375083942,0.5637447382535417,18,31,1,7,10,24,10,7,0.9018852476895273,52.34231914837732
2819,3668,0.468,0.7,0.5214444713531337,0.6087538252754614,18,31,1,7,11,24,10,7,0.8420356286998787,56.23444400714209
2819,3669,0.372,0.684,0.6183741754164525,0.6624344422565533,18,31,1,7,12,24,10,7,0.7786141534804002,61.460014812040036
2819,3670,0.263,0.667,0.712497363673934,0.7235576931599448,18,31,1,7,13,24,10,7,0.7169783818219347,68.48054105066764
2819,3671,0.178,0.647,0.7862541169698827,0.7844585310221845,18,31,1,7,14,24,10,7,0.671038747018382,74.6175741934515
2819,3672,0.188,0.625,0.7875491932671277,0.8207116622858046,18,31,1,7,15,24,10,7,0.6526630064589228,73.258713082392
2819,3673,0.253,0.6,0.70828886164181,0.7984215689353759,18,31,1,7,16,24,10,7,0.65115973462738,67.13646870496093
2819,3674,0.34,0.572,0.6063631142957691,0.7306164370734916,18,31,1,7,17,24,10,7,0.6654201680141653,59.27251338440033
2819,3675,0.432,0.539,0.4943966246646393,0.6533226861247192,18,31,1,7,18,24,10,7,0.6907568313089636,51.288375545238104
2819,3676,0.525,0.615,0.37849173914377343,0.58028389457553875,18,31,1,7,19,24,10,7,0.8086099183166133,49.51398845800126
2819,3677,0.615,0.692,0.27131605716235063,0.5136598240390349,18,31,1,7,20,24,10,7,0.9257910131341738,48.37160022024352
2819,3678,0.698,0.769,0.16745700069417702,0.45142601980116137,18,31,1,7,21,24,10,7,1.0385398403527908,47.77084426780371
2819,3679,0.772,0.846,0.08524093388508913,0.3957373668997115,18,31,1,7,22,24,10,7,1.145294721894762,47.61862493813537
2819,3680,0.834,0.923,0.02900251639523288,0.34820320313136177,18,31,1,7,23,24,10,7,1.24397950143883,47.89981198592802
2819,3681,0.392,0.667,0.5874752144988548,0.6513817321840231,18,31,1,7,10,25,10,7,0.7736620709327814,59.5569843851709
2819,3682,0.302,0.65,0.6856188192603605,0.7024446824744031,18,31,1,7,11,25,10,7,0.7167314699383585,65.07969405601709
2819,3683,0.203,0.632,0.7963077210977837,0.759790533304061,18,31,1,7,12,25,10,7,0.6638019282888533,72.19285021956755
2819,3684,0.145,0.611,0.85950101494087,0.8180071439583156,18,31,1,7,13,25,10,7,0.6279697444941117,76.64976823114132
2819,3685,0.161,0.588,0.84217648786535515,0.8582041061875927,18,31,1,7,14,25,10,7,0.609643338354484,74.68718163919371
2819,3686,0.227,0.563,0.7684871259828834,0.8453399818056302,18,31,1,7,15,25,10,7,0.6070403610963606,68.04084786673485
2819,3687,0.319,0.533,0.6668601020746863,0.782427746340929,18,31,1,7,16,25,10,7,0.6211682541791717,59.09951873708181
2819,3688,0.417,0.5,0.5553747690947965,0.7031606916339601,18,31,1,7,17,25,10,7,0.6510675848174289,50.17189369571569
2819,3689,0.513,0.462,0.44293721965267696,0.6262296245614563,18,31,1,7,18,25,10,7,0.6903716390466804,42.005718883904706
2819,3690,0.605,0.539,0.33646744448819843,0.5562599524910616,18,31,1,7,19,25,10,7,0.8102752618709275,41.698134325565
2819,3691,0.69,0.616,0.2331972846953757,0.4928007710806236,18,31,1,7,20,25,10,7,0.9249627019507327,41.75699925577289
2819,3692,0.764,0.693,0.14339488016671864,0.43506770596025435,18,31,1,7,21,25,10,7,1.031477096207182,42.21016821225888
2819,3693,0.828,0.769,0.07290076953648894,0.3853722459968575,18,31,1,7,22,25,10,7,1.1300199113289995,42.88421147117394
2819,3694,0.88,0.847,0.029614578137892256,0.34690060518685084,18,31,1,7,23,25,10,7,1.221396332072436,43.90530940814697
2819,3695,0.92,0.924,0.0076079532107269365,0.31930137753446886,18,31,1,7,24,25,10,7,1.3039079722127633,45.12428566083837
2819,3696,0.234,0.619,0.7203525257084666,0.7294694239462371,18,31,1,7,10,26,10,7,0.661752975059425,69.29195006227614
2819,3697,0.16,0.6,0.8108663402220457,0.7801606006363653,18,31,1,7,11,26,10,7,0.6209669878504009,75.06858282186245
2819,3698,0.135,0.579,0.8753675159710179,0.8305598844192498,18,31,1,7,12,26,10,7,0.5945300665231321,76.87536275158905
2819,3699,0.159,0.556,0.8541923012637729,0.8661049378426171,18,31,1,7,13,26,10,7,0.5782879905375868,74.04099465051765
2819,3700,0.224,0.529,0.7861511137182684,0.8595383274370055,18,31,1,7,14,26,10,7,0.5744710610640017,67.05023530735478
2819,3701,0.313,0.5,0.6916003951940786,0.8079016478561536,18,31,1,7,15,26,10,7,0.5898889726041673,57.953433848774765
2819,3702,0.412,0.467,0.5860330233328005,0.7357410899322262,18,31,1,7,16,26,10,7,0.6227623944972914,48.58039243714179
2819,3703,0.509,0.429,0.4802113132033269,0.6600841991357413,18,31,1,7,17,26,10,7,0.6656740944336049,40.12516339336262
2819,3704,0.601,0.385,0.3788881321677049,0.5890202024107837,18,31,1,7,18,26,10,7,0.7137408493283819,32.64358397204699
2819,3705,0.685,0.461,0.28117864761788836,0.5243794588043051,18,31,1,7,19,26,10,7,0.8256791144264217,33.94026584617734
2819,3706,0.76,0.539,0.19096676752271435,0.46577835567761794,18,31,1,7,20,26,10,7,0.9317301111373401,35.3446671625115
2819,3707,0.823,0.616,0.11529219358660614,0.41375822008819374,18,31,1,7,21,26,10,7,1.028000486381208,36.81416246934527
2819,3708,0.875,0.692,0.05835002084931096,0.37087638709259363,18,31,1,7,22,26,10,7,1.1155666721446997,38.338961659569996
2819,3709,0.917,0.769,0.024065894115719133,0.33906116432668376,18,31,1,7,23,26,10,7,1.1967664768032233,39.98333639390124
2819,3710,0.947,0.847,0.008545718834789273,0.3201442750615875,18,31,1,7,24,26,10,7,1.2705187916752745,41.8095569302362
2819,3711,0.968,0.923,0.002610330303381092,0.30772302906295923,18,31,1,7,25,26,10,7,1.3375174765213351,43.63679346930954
2819,3712,0.153,0.572,0.8153055699511085,0.7869358128582027,18,31,1,7,10,27,10,7,0.5921089426786256,75.02495027409694
2819,3713,0.149,0.55,0.8574693806489142,0.827380336286158,18,31,1,7,11,27,10,7,0.5698254118587552,74.84188806505475
2819,3714,0.177,0.527,0.8329041612052795,0.8549139252647963,18,31,1,7,12,27,10,7,0.5559298516899411,71.43468557835433
2819,3715,0.237,0.5,0.7743159435143667,0.8522022671310071,18,31,1,7,13,27,10,7,0.5533254015495764,64.63904821908412
2819,3716,0.32,0.47,0.6934455460509144,0.814201455869662,18,31,1,7,14,27,10,7,0.5685947590331799,55.750966993188044
2819,3717,0.414,0.437,0.6007213271660858,0.7543890081762591,18,31,1,7,15,27,10,7,0.6019676071019104,46.548157698977974
2819,3718,0.509,0.4,0.5049591739695305,0.6859669540317452,18,31,1,7,16,27,10,7,0.6473646576698484,38.1621975902642
2819,3719,0.599,0.357,0.4112614054912569,0.6171932314557491,18,31,1,7,17,27,10,7,0.6973162840490676,30.79465978885208
2819,3720,0.682,0.308,0.3199715932638727,0.5526302677807592,18,31,1,7,18,27,10,7,0.7483234594745779,24.304549265936718
2819,3721,0.755,0.384,0.23297961470568318,0.49343128896254307,18,31,1,7,19,27,10,7,0.847042501885236,26.95831064755403
2819,3722,0.818,0.462,0.15533882662244325,0.4397432923869309,18,31,1,7,20,27,10,7,0.9394509034537143,29.457421387603873
2819,3723,0.87,0.539,0.09023120858482703,0.39290029194885934,18,31,1,7,21,27,10,7,1.0234358797697098,31.779880527659127
2819,3724,0.912,0.615,0.04484143918761285,0.3558816625922795,18,31,1,7,22,27,10,7,1.0999859090006563,33.99344627663772
2819,3725,0.944,0.692,0.018362788857040346,0.33126962916896974,18,31,1,7,23,27,10,7,1.1704699910719625,36.24331123021194
2819,3726,0.966,0.769,0.007552555645646275,0.3172395753103888,18,31,1,7,24,27,10,7,1.2347133270520732,38.52211312191681
2819,3727,0.981,0.846,0.002884042068597936,0.30806121629605965,18,31,1,7,25,27,10,7,1.2954061139272117,40.77400182204155
2819,3728,0.99,0.923,7.546713277251094e-4,0.30051096956718926,18,31,1,7,26,27,10,7,1.3535246580687033,42.994119834389366
2819,3729,0.178,0.524,0.8195650668915535,0.8162252078809877,18,31,1,7,10,28,10,7,0.5534076255347409,71.2376502862336
2819,3730,0.207,0.5,0.7977069639084793,0.8368211567667443,18,31,1,7,11,28,10,7,0.5411552457474658,67.51044505786912
2819,3731,0.26,0.474,0.75158111695856,0.8361967248805154,18,31,1,7,12,28,10,7,0.5406255635835212,61.25420954463047
2819,3732,0.334,0.444,0.6860909231703591,0.8095371668235687,18,31,1,7,13,28,10,7,0.5556005759536252,53.04760308861729
2819,3733,0.42,0.412,0.6075467131183381,0.7625711717413074,18,31,1,7,14,28,10,7,0.5883400377332823,44.44909602078143
2819,3734,0.51,0.375,0.5227225770967203,0.7040694550260469,18,31,1,7,15,28,10,7,0.6330284353802758,36.32682595212023
2819,3735,0.597,0.333,0.43691809833221695,0.6409332869135652,18,31,1,7,16,28,10,7,0.6835919835691463,29.152295018073136
2819,3736,0.677,0.286,0.35190399679069406,0.578132951933519,18,31,1,7,17,28,10,7,0.734931969640728,22.901723846323492
2819,3737,0.749,0.231,0.26922266935730566,0.5187307802397679,18,31,1,7,18,28,10,7,0.7838124775735584,17.14034930475773
2819,3738,0.811,0.308,0.19200852506686283,0.46379022672621817,18,31,1,7,19,28,10,7,0.8675165704469282,20.79567808634703
2819,3739,0.863,0.385,0.12353749098056244,0.4142395371026,18,31,1,7,20,28,10,7,0.9449835977412518,24.04251955900516
2819,3740,0.905,0.462,0.06877515294947933,0.37256818095779387,18,31,1,7,21,28,10,7,1.0161048174278084,27.04418605142076
2819,3741,0.938,0.539,0.03279140087682875,0.3421865092636309,18,31,1,7,22,28,10,7,1.081834090792114,29.88283234541284
2819,3742,0.962,0.616,0.0136414403782541,0.32371624334704363,18,31,1,7,23,28,10,7,1.142322196230118,32.63276180615415
2819,3743,0.978,0.693,0.005979196105960649,0.31299707825691025,18,31,1,7,24,28,10,7,1.1986379770389388,35.32096508272057
2819,3744,0.989,0.769,0.0024630659363653606,0.30541217133292087,18,31,1,7,25,28,10,7,1.2527896870584463,37.86696127933418
2819,3745,0.995,0.847,7.339506954636699e-4,0.2998172989527007,18,31,1,7,26,28,10,7,1.3066881800950065,40.40629855549228
2819,3746,0.998,0.924,1.505612852276128e-4,0.2961183084584217,18,31,1,7,27,28,10,7,1.3600661748606204,42.79511211360156
2819,3747,0.237,0.476,0.7627377670615274,0.817441142895747,18,31,1,7,10,29,10,7,0.5317377173005503,63.53132514836419
2819,3748,0.284,0.45,0.7268458296049222,0.8177585919548747,18,31,1,7,11,29,10,7,0.532124045688597,57.74352135773416
2819,3749,0.348,0.421,0.6743478932611255,0.7990350465525133,18,31,1,7,12,29,10,7,0.5462096667031809,50.42275124618965
2819,3750,0.426,0.389,0.6088606161109835,0.7629481171707615,18,31,1,7,13,29,10,7,0.5768856039112087,42.400626742758384
2819,3751,0.509,0.353,0.5350256085116992,0.71449295428492,18,31,1,7,14,29,10,7,0.6194271547163557,34.741954239235106
2819,3752,0.592,0.312,0.45727188205228086,0.6587544275259766,18,31,1,7,15,29,10,7,0.6691845784236214,27.790442479452103
2819,3753,0.67,0.266,0.3783852469287594,0.5999841731140232,18,31,1,7,16,29,10,7,0.7208716945476498,21.653816357087486
2819,3754,0.74,0.214,0.300342014354383,0.5416429071778106,18,31,1,7,17,29,10,7,0.7703220105903764,16.12929755741891
2819,3755,0.801,0.154,0.22529713201316393,0.48616831763540946,18,31,1,7,18,29,10,7,0.8156696635280731,10.882873980965824
2819,3756,0.853,0.231,0.15601671231311653,0.43503078519421157,18,31,1,7,19,29,10,7,0.8837250703697389,15.152764303082908
2819,3757,0.896,0.308,0.09589107432367938,0.390235334711444,18,31,1,7,20,29,10,7,0.9474597616785634,18.970407808486545
2819,3758,0.93,0.385,0.05152760602293083,0.354910258376937,18,31,1,7,21,29,10,7,1.0065411069598698,22.48850305475342
2819,3759,0.956,0.462,0.023745897972190178,0.33112952564453957,18,31,1,7,22,29,10,7,1.0617815217830833,25.792787523389855
2819,3760,0.974,0.539,0.010482417033317759,0.31711685344441054,18,31,1,7,23,29,10,7,1.1131922565307395,28.959619471778478
2819,3761,0.986,0.616,0.004707992486109869,0.30847860608578703,18,31,1,7,24,29,10,7,1.162605694119894,31.994935400118866
2819,3762,0.993,0.692,0.0019374416510024028,0.30230095547284463,18,31,1,7,25,29,10,7,1.210335903788696,34.87179774301398
2819,3763,0.997,0.769,5.813301859197706e-4,0.298128011486687,18,31,1,7,26,29,10,7,1.2591147683988144,37.64350293703427
2819,3764,0.999,0.847,1.3591049040906356e-4,0.29557698480886785,18,31,1,7,27,29,10,7,1.3097366147435903,40.29287313802627
2819,3765,1,0.924,2.1470396567413452e-5,0.2940273835596754,18,31,1,7,28,29,10,7,1.3615344285033706,42.73793318624221
2819,3766,0.305,0.428,0.70312129444752125,0.7992050016347791,18,31,1,7,10,30,10,7,0.525555896170902,54.52568845017683
2819,3767,0.362,0.4,0.6608868706038558,0.7856692518530998,18,31,1,7,11,30,10,7,0.5394849395488256,47.85490479684276
2819,3768,0.431,0.368,0.6065002620793887,0.7579169755876525,18,31,1,7,12,30,10,7,0.566731858995063,40.49163778460902
2819,3769,0.507,0.333,0.5428295832387726,0.7183696285809207,18,31,1,7,13,30,10,7,0.6065789313848611,33.29709851977864
2819,3770,0.585,0.294,0.47313225320907315,0.6703623660758926,18,31,1,7,14,30,10,7,0.6547220784424487,26.682460396987043
2819,3771,0.66,0.25,0.4003934642242083,0.6171610784699065,18,31,1,7,15,30,10,7,0.7057619995437556,20.74608027568341
2819,3772,0.729,0.2,0.3270161414164282,0.5617859120170614,18,31,1,7,16,30,10,7,0.7559371667010427,15.341537611149313
2819,3773,0.789,0.143,0.2549864752267277,0.5070217492343438,18,31,1,7,17,30,10,7,0.8018541014424009,10.272891213009009
2819,3774,0.842,0.077,0.18652387732527964,0.4552452066983004,18,31,1,7,18,30,10,7,0.8455134534707297,5.22510444796322
2819,3775,0.885,0.153,0.12417826334742177,0.40855213024585657,18,31,1,7,19,30,10,7,0.8981280532307183,9.808421004827057
2819,3776,0.921,0.231,0.07338101115548168,0.36954321616084274,18,31,1,7,20,30,10,7,0.9495272507937832,14.080148271220406
2819,3777,0.948,0.308,0.03800763745634883,0.34070198808579977,18,31,1,7,21,30,10,7,0.9967788119738501,17.998694973021557
2819,3778,0.968,0.384,0.017314516726161244,0.32222186041954337,18,31,1,7,22,30,10,7,1.0413836948982829,21.63794122942898
2819,3779,0.982,0.461,0.008075721480896525,0.3112648458555445,18,31,1,7,23,30,10,7,1.0848248706588544,25.147712817518233
2819,3780,0.991,0.539,0.003674734341467145,0.30426038992985416,18,31,1,7,24,30,10,7,1.1280966270670256,28.541550731965074
2819,3781,0.996,0.615,0.0014511846305214071,0.29944749007801963,18,31,1,7,25,30,10,7,1.1705729366425657,31.694080759199956
2819,3782,0.998,0.692,4.3798040157849716e-4,0.29642739955653874,18,31,1,7,26,30,10,7,1.2144414353932427,34.73692734495394
2819,3783,1,0.769,1.0334007299017678e-4,0.2946576522821771,18,31,1,7,27,30,10,7,1.2614915774590014,37.560284279318815
2819,3784,1,0.847,1.6964734159574668e-5,0.29359275695961273,18,31,1,7,28,30,10,7,1.3104995230827061,40.26459927013793
2819,3785,1,0.923,8.510731164257379e-7,0.2930742207996415,18,31,1,7,29,30,10,7,1.3608559806239602,42.707010169212275
2819,3786,0.373,0.381,0.6466868142355464,0.7711268085909574,18,31,1,7,10,31,10,7,0.5331885220069915,45.60788996983874
2819,3787,0.435,0.35,0.6013016022186977,0.749446305404013,18,31,1,7,11,31,10,7,0.5583233829959121,38.82007575081689
2819,3788,0.504,0.316,0.5465560487691883,0.7172263466243527,18,31,1,7,12,31,10,7,0.5948714146771553,32.087059246148954
2819,3789,0.577,0.278,0.4846765281796387,0.6764118838017904,18,31,1,7,13,31,10,7,0.6404787272033319,25.7248799982387
2819,3790,0.649,0.235,0.4182193248972452,0.6293054768100905,18,31,1,7,14,31,10,7,0.6902361914591265,19.90509523520817
2819,3791,0.716,0.188,0.3495990855172101,0.5782876680075839,18,31,1,7,15,31,10,7,0.7402702209328699,14.71204700933399
2819,3792,0.776,0.133,0.28095048052243177,0.5258260179418465,18,31,1,7,16,31,10,7,0.7873150576484613,9.725529199534924
2819,3793,0.829,0.071,0.21426641918338696,0.47450146359900847,18,31,1,7,17,31,10,7,0.8320348550391383,4.895171844822139
2819,3794,0.873,0,0.15169506719690307,0.4268672036695914,18,31,1,7,18,31,10,7,0.873,0
2819,3795,0.91,0.077,0.09708514900949483,0.3853882523950022,18,31,1,7,19,31,10,7,0.9132518820128431,4.836583445735301
2819,3796,0.939,0.154,0.05545723385492829,0.3524562227356981,18,31,1,7,20,31,10,7,0.9515445339026439,9.313836588010723
2819,3797,0.96,0.231,0.02778548407729975,0.3293370579153664,18,31,1,7,21,31,10,7,0.9874011342914287,13.529588027218105
2819,3798,0.976,0.308,0.012955683232319659,0.31494153796461877,18,31,1,7,22,31,10,7,1.0234451621850582,17.514329499894266
2819,3799,0.987,0.385,0.006191213448915933,0.3063511342225216,18,31,1,7,23,31,10,7,1.0594309793469323,21.309310597172612
2819,3800,0.993,0.462,0.0028546379796865473,0.30087745060356097,18,31,1,7,24,31,10,7,1.0952136777816464,24.950524079257562
2819,3801,0.997,0.539,0.001078495314274952,0.2973114953688867,18,31,1,7,25,31,10,7,1.1333710778028527,28.39662527294926
2819,3802,0.999,0.616,3.3184019295884326e-4,0.29516215291694314,18,31,1,7,26,31,10,7,1.1736511406717074,31.65867345632252
2819,3803,1,0.693,7.891678010374381e-5,0.2939022743434112,18,31,1,7,27,31,10,7,1.2166548401251687,34.72195926903065
2819,3804,1,0.77,1.2237091306488423e-5,0.29321284008942683,18,31,1,7,28,31,10,7,1.2621014222319853,37.596271147211986
2819,3805,1,0.847,5.99245896903966e-7,0.29295759078001904,18,31,1,7,29,31,10,7,1.3104995230827061,40.26459927013793
2819,3806,1,0.924,3.904132905852009e-9,0.29289754776574695,18,31,1,7,30,31,10,7,1.3615344285033706,42.73793318624221
2819,3807,0.439,0.409,0.5937889824948903,0.7389696250735341,18,31,1,7,10,32,10,7,0.6000016666643518,42.973871658282114
2819,3808,0.502,0.381,0.5466981661287812,0.7125160154333203,18,31,1,7,11,32,10,7,0.6302102823661321,37.19719463514371
2819,3809,0.569,0.35,0.492110294884062,0.6779503171254989,18,31,1,7,12,32,10,7,0.6680276940367068,31.59626447459482
2819,3810,0.637,0.316,0.43190639803051234,0.6367636425795413,18,31,1,7,13,32,10,7,0.7110731326663946,26.384876363709775
2819,3811,0.702,0.278,0.3682425623749813,0.5907137206686708,18,31,1,7,14,32,10,7,0.7550417207015782,21.604130159429054
2819,3812,0.762,0.235,0.3032509761305249,0.5417847915367924,18,31,1,7,15,32,10,7,0.7974139452003582,17.139707615641367
2819,3813,0.815,0.187,0.23893608010345768,0.4922598428080558,18,31,1,7,16,32,10,7,0.8361782106704287,12.922714632352163
2819,3814,0.86,0.133,0.177262797766084,0.44472645516485754,18,31,1,7,17,32,10,7,0.8702235345013372,8.791213975760273
2819,3815,0.898,0.071,0.12104041556492307,0.4018416522856457,18,31,1,7,18,32,10,7,0.9008024200677971,4.520662981605992
2819,3816,0.928,0.143,0.07485507192260987,0.36597619487660993,18,31,1,7,19,32,10,7,0.9389531404708118,8.760080265402038
2819,3817,0.952,0.214,0.041273894463811134,0.3388042615771335,18,31,1,7,20,32,10,7,0.975756117070244,12.668926054685516
2819,3818,0.97,0.286,0.02033395401431004,0.3204797451157282,18,31,1,7,21,32,10,7,1.0112843319264864,16.427908037795184
2819,3819,0.982,0.357,0.009909199603129415,0.3092955083911172,18,31,1,7,22,32,10,7,1.0448794188804753,19.978421666676315
2819,3820,0.99,0.429,0.004817767453598409,0.30263213706631853,18,31,1,7,23,32,10,7,1.0789536598019398,23.428692808745403
2819,3821,0.995,0.5,0.0022158602850926856,0.2984504550800663,18,31,1,7,24,32,10,7,1.1135640978408023,26.680102788531915
2819,3822,0.998,0.572,8.104581721797288e-4,0.2958211431231891,18,31,1,7,25,32,10,7,1.1502990915409783,29.819018559228233
2819,3823,0.999,0.643,2.5010449677542734e-4,0.29427463081056493,18,31,1,7,26,32,10,7,1.1880446119569754,32.767100722602
2819,3824,1,0.715,6.010238257159184e-5,0.2934171078372817,18,31,1,7,27,32,10,7,1.2293189171244376,35.56476799303516
2819,3825,1,0.786,8.735674009718863e-6,0.29302519272644434,18,31,1,7,28,32,10,7,1.2719260984821406,38.1673468344621
2819,3826,1,0.858,4.107105624484575e-7,0.2929110481042687,18,31,1,7,29,32,10,7,1.317635761506191,40.62959351305883
2819,3827,1,0.929,2.5611691656379776e-9,0.29289358813501254,18,31,1,7,30,32,10,7,1.3649325990685401,42.8920866639288
2819,3828,1,1,0,0.2928932188134524,18,31,1,7,31,32,10,7,1.4142135623730951,45
2819,3829,0.499,0.435,0.543886722405589,0.7054591847241071,18,31,1,7,10,33,10,7,0.6619864046942354,41.080078315299744
2819,3830,0.562,0.409,0.4958122374571904,0.6761029624877382,18,31,1,7,11,33,10,7,0.6950719387228922,36.04555482499887
2819,3831,0.626,0.381,0.4416356673118105,0.6402892585549173,18,31,1,7,12,33,10,7,0.7328280835230048,31.325789169270617
2819,3832,0.688,0.35,0.3830488178072998,0.5992418764165786,18,31,1,7,13,33,10,7,0.7719093210993114,26.963393168052992
2819,3833,0.747,0.316,0.32200505065083396,0.5544760513482455,18,31,1,7,14,33,10,7,0.8110887744260796,22.929598219951707
2819,3834,0.8,0.278,0.26047813701869194,0.5078471425289426,18,31,1,7,15,33,10,7,0.8469262069389517,19.1623393549719
2819,3835,0.846,0.235,0.20041264382828694,0.461617495194948,18,31,1,7,16,33,10,7,0.878032459536662,15.524110996754258
2819,3836,0.885,0.187,0.14404565836842365,0.4183722557415165,18,31,1,7,17,33,10,7,0.9045407674615888,11.931067935297298
2819,3837,0.917,0.133,0.09516025376886206,0.38062684066255315,18,31,1,7,18,33,10,7,0.9265948413411333,8.252529047136084
2819,3838,0.943,0.2,0.05700453979880482,0.3502845511824998,18,31,1,7,19,33,10,7,0.9639756220984014,11.974370527185766
2819,3839,0.962,0.266,0.030544239246771743,0.3281915279766374,18,31,1,7,20,33,10,7,0.9980981915623331,15.456509014325526
2819,3840,0.977,0.333,0.015196607405542295,0.31374250797087844,18,31,1,7,21,33,10,7,1.0321908738213101,18.82112776330988
2819,3841,0.986,0.4,0.007607912897082958,0.30505457733554486,18,31,1,7,22,33,10,7,1.064046991443517,22.081386634218237
2819,3842,0.993,0.467,0.00376473876365202,0.2999041448061729,18,31,1,7,23,33,10,7,1.0973322195215085,25.18722837012226
2819,3843,0.997,0.533,0.0016931321621906914,0.2967271936038014,18,31,1,7,24,33,10,7,1.1305299642203208,28.129129813010888
2819,3844,0.999,0.6,6.097732748723272e-4,0.2947954579222015,18,31,1,7,25,33,10,7,1.165332999618564,30.98905268032532
2819,3845,1,0.667,1.8584661497533794e-4,0.29370985766714086,18,31,1,7,26,33,10,7,1.202035357217083,33.70328759485296
2819,3846,1,0.733,4.505029811774364e-5,0.29316251520497993,18,31,1,7,27,33,10,7,1.2398745904324355,36.24141615772501
2819,3847,1,0.8,6.188217024583054e-6,0.2929495851357319,18,31,1,7,28,33,10,7,1.2806248474865698,38.659808254090095
2819,3848,1,0.867,2.871503655965668e-7,0.2928988056910691,18,31,1,7,29,33,10,7,1.323513883569039,40.92528797789907
2819,3849,1,0.934,1.6197558849739835e-9,0.2928932797831513,18,31,1,7,30,33,10,7,1.3683406008739198,43.045473375173806
2819,3850,1,1,1.1102230246251565e-16,0.29289321881345254,18,31,1,7,31,33,10,7,1.4142135623730951,45
2819,3852,0.555,0.458,0.49631547026513634,0.6718504661921805,18,31,1,7,10,34,10,7,0.7195755693462641,39.530308788881655
2819,3853,0.615,0.435,0.4477143515434424,0.6407128165736113,18,31,1,7,11,34,10,7,0.7532927717693831,35.272421448598394
2819,3854,0.675,0.409,0.3941611479472804,0.6043580696264113,18,31,1,7,12,34,10,7,0.7892439420103268,31.212758786740622
2819,3855,0.732,0.381,0.3372849087786114,0.563897972402387,18,31,1,7,13,34,10,7,0.8252181529753208,27.496607775155475
2819,3856,0.785,0.35,0.27890341113450756,0.5207793826497729,18,31,1,7,14,34,10,7,0.8594911285173338,24.03017444753745
2819,3857,0.832,0.316,0.2209275411948951,0.4768475246401237,18,31,1,7,15,34,10,7,0.8899887639740177,20.79716227916385
2819,3858,0.872,0.278,0.1653680579838982,0.4343517706269151,18,31,1,7,16,34,10,7,0.9152420444887789,17.682663229879946
2819,3859,0.905,0.235,0.11528572150155658,0.39573775889150176,18,31,1,7,17,34,10,7,0.9350133688883812,14.556424320074305
2819,3860,0.932,0.188,0.07391741107655636,0.3631440258540457,18,31,1,7,18,34,10,7,0.9507723176449765,11.404479879147022
2819,3861,0.954,0.25,0.042912735326625095,0.33785688024638705,18,31,1,7,19,34,10,7,0.9862129587467404,14.684421879447036
2819,3862,0.97,0.312,0.022629459982786537,0.32003373299205307,18,31,1,7,20,34,10,7,1.0189425891579957,17.830360306423646
2819,3863,0.982,0.375,0.011591516730861118,0.30865358766355555,18,31,1,7,21,34,10,7,1.0511655435753209,20.900543027131736
2819,3864,0.99,0.437,0.005907979925232398,0.30189712232295696,18,31,1,7,22,34,10,7,1.0821594152434288,23.817341410539235
2819,3865,0.995,0.5,0.0029491085317923105,0.2979259880291918,18,31,1,7,23,34,10,7,1.1135640978408023,26.680102788531915
2819,3866,0.998,0.563,0.0012775112406940847,0.29552941546413203,18,31,1,7,24,34,10,7,1.1458503392677422,29.428573105838556
2819,3867,0.999,0.625,4.61470693504773e-4,0.2941278395282575,18,31,1,7,25,34,10,7,1.178399762389657,32.03115264932201
2819,3868,1,0.688,1.3872296488082192e-4,0.2933828299774891,18,31,1,7,26,34,10,7,1.2138138242745466,34.52797165613836
2819,3869,1,0.75,3.388955033178931e-5,0.29303877384502486,18,31,1,7,27,34,10,7,1.25,36.86989764584402
2819,3870,1,0.813,4.407072418333158e-6,0.29291988322252793,18,31,1,7,28,34,10,7,1.2887858627405873,39.111110804715416
2819,3871,1,0.875,2.0183010474017493e-7,0.2928953467086447,18,31,1,7,29,34,10,7,1.3287682265918312,41.18592516570965
2819,3872,1,0.938,1.0494253244175411e-9,0.2928932341062084,18,31,1,7,30,34,10,7,1.3710740315533658,43.16763304046667
2819,3873,1,1,0,0.2928932188134524,18,31,1,7,31,34,10,7,1.4142135623730951,45
2819,3876,0.605,0.48,0.45057226233370684,0.6387938069956218,18,31,1,7,10,35,10,7,0.7722855689445453,38.428077345684116
2819,3877,0.662,0.458,0.4018297030945567,0.6066545538593349,18,31,1,7,11,35,10,7,0.8049894409245378,34.67714731576356
2819,3878,0.718,0.435,0.3491911639712708,0.5703349379496019,18,31,1,7,12,35,10,7,0.8394932995563454,31.20955918543391
2819,3879,0.77,0.409,0.29423695390474713,0.53093328486706,18,31,1,7,13,35,10,7,0.8718835931476174,27.975847269850284
2819,3880,0.817,0.381,0.23874219518578588,0.48990610985585736,18,31,1,7,14,35,10,7,0.9014710200555534,25.00153473848316
2819,3881,0.858,0.35,0.18461103978669013,0.4490987815404227,18,31,1,7,15,35,10,7,0.9266412466537414,22.19179552999406
2819,3882,0.893,0.316,0.13442962506902978,0.41066385222513335,18,31,1,7,16,35,10,7,0.9472618434202869,19.487006821704174
2819,3883,0.922,0.278,0.09113276556904903,0.3767548498917037,18,31,1,7,17,35,10,7,0.9629994807890605,16.77902744413215
2819,3884,0.945,0.235,0.056721157826098545,0.3490113801103547,18,31,1,7,18,35,10,7,0.9737812896128165,13.964891350997316
2819,3885,0.963,0.294,0.032145926968030536,0.32813543512009546,18,31,1,7,19,35,10,7,1.0068788407747975,16.977218152259347
2819,3886,0.976,0.353,0.017030417861590097,0.3138089769283626,18,31,1,7,20,35,10,7,1.0378752333493655,19.88406057431645
2819,3887,0.986,0.412,0.008901349380140644,0.3048399349903669,18,31,1,7,21,35,10,7,1.0686159272629245,22.677606140210703
2819,3888,0.992,0.47,0.00462807158694345,0.29957892222344185,18,31,1,7,22,35,10,7,1.097708522331862,25.35114134443994
2819,3889,0.996,0.529,0.0023005919499683447,0.29652272238470245,18,31,1,7,23,35,10,7,1.1277663765159875,27.973866090001735
2819,3890,0.998,0.588,9.655878854899491e-4,0.29472240962835283,18,31,1,7,24,35,10,7,1.1583384652164497,30.505671520279726
2819,3891,0.999,0.647,3.507650045432298e-4,0.2937089549141386,18,31,1,7,25,35,10,7,1.1902142664243274,32.92901710399405
2819,3892,1,0.706,1.0487150516125254e-4,0.29319670962263233,18,31,1,7,26,35,10,7,1.2241062045427267,35.222091694589956
2819,3893,1,0.765,2.5296996928325655e-5,0.29297622986575955,18,31,1,7,27,35,10,7,1.2590571869458511,37.41598861857788
2819,3894,1,0.824,3.1727033739104016e-6,0.29290680012340753,18,31,1,7,28,35,10,7,1.2957530628943155,39.48852258397938
2819,3895,1,0.883,1.413804516792183e-7,0.29289412438293627,18,31,1,7,29,35,10,7,1.3340498491435768,41.4445038973404
2819,3896,1,0.942,6.717932876654231e-10,0.29289322370476445,18,31,1,7,30,35,10,7,1.3738136700440857,43.289306039103366
2819,3897,1,1,0,0.2928932188134524,18,31,1,7,31,35,10,7,1.4142135623730951,45
2819,3929,1,1,0,0.2928932188134524,18,31,1,7,10,18,1,10,1.4142135623730951,45
2819,3930,1,1,0,0.2928932188134524,18,31,1,7,11,18,1,10,1.4142135623730951,45
2819,3931,1,1,0,0.2928932188134524,18,31,1,7,12,18,1,10,1.4142135623730951,45
2819,3932,1,1,0,0.2928932188134524,18,31,1,7,13,18,1,10,1.4142135623730951,45
2819,3933,1,1,0,0.2928932188134524,18,31,1,7,14,18,1,10,1.4142135623730951,45
2819,3934,1,1,0,0.2928932188134524,18,31,1,7,15,18,1,10,1.4142135623730951,45
2819,3935,1,1,1.1102230246251565e-16,0.29289321881345254,18,31,1,7,16,18,1,10,1.4142135623730951,45
2819,3936,1,1,1.1102230246251565e-16,0.29289321881345254,18,31,1,7,17,18,1,10,1.4142135623730951,45
2819,3937,1,0.953,1.3702486922895218e-9,0.29289477098513095,18,31,1,7,10,19,1,10,1.3813793830805496,43.62141221053497
2819,3938,1,0.95,3.6683079907007254e-9,0.29289576078533286,18,31,1,7,11,19,1,10,1.379311422413372,43.53119928561418
2819,3939,1,0.948,1.2823355266533554e-8,0.2928979772641829,18,31,1,7,12,19,1,10,1.3779346864057092,43.470907000688804
2819,3940,1,0.945,5.902709154792518e-8,0.2929034451886353,18,31,1,7,13,19,1,10,1.3758724504836921,43.38024250274473
2819,3941,1,0.942,3.230297035416996e-7,0.29291720165949353,18,31,1,7,14,19,1,10,1.3738136700440857,43.289306039103366
2819,3942,1,0.938,2.9903466901570752e-6,0.2929664869138576,18,31,1,7,15,19,1,10,1.3710740315533658,43.16763304046667
2819,3943,1,0.934,5.4942141153646595e-5,0.2932100557726979,18,31,1,7,16,19,1,10,1.3683406008739198,43.045473375173806
2819,3944,0.998,0.929,0.002611856533224155,0.2954662455591731,18,31,1,7,17,19,1,10,1.3634680047584542,42.94928880131643
2819,3945,0.807,0.924,0.044588150074823196,0.3546530710105176,18,31,1,7,18,19,1,10,1.2267946038355404,48.8667969537676
2819,3946,1,0.905,7.44006847797074e-7,0.29295936446741855,18,31,1,7,10,20,1,10,1.348712348872064,42.14509520315724
2819,3947,1,0.9,1.7488557122469217e-6,0.2929947994447796,18,31,1,7,11,20,1,10,1.3453624047073711,41.98721249581666
2819,3948,1,0.895,5.102026529590908e-6,0.2930671037171707,18,31,1,7,12,20,1,10,1.3420227270802831,41.82854278370222
2819,3949,1,0.889,1.8098291953538848e-5,0.29322172351747056,18,31,1,7,13,20,1,10,1.3380287739805896,41.63709543013025
2819,3950,1,0.883,7.180193876166197e-5,0.29355052827792083,18,31,1,7,14,20,1,10,1.3340498491435768,41.4445038973404
2819,3951,1,0.875,4.090701301169286e-4,0.2944817215833442,18,31,1,7,15,20,1,10,1.3287682265918312,41.18592516570965
2819,3952,0.998,0.867,0.0032703430050575744,0.29765173834037806,18,31,1,7,16,20,1,10,1.3220034039290518,40.98206998267248
2819,3953,0.974,0.858,0.027591980820067863,0.3126773912788824,18,31,1,7,17,20,1,10,1.2980138674143662,41.37693807289429
2819,3954,0.708,0.847,0.11212467197209863,0.40817425850808897,18,31,1,7,18,20,1,10,1.1039352336074792,50.10804006880719
2819,3955,0.479,0.923,0.1080184732211773,0.4119735224332679,18,31,1,7,19,20,1,10,1.0398894171978095,62.5724968564482
2819,3956,1,0.858,1.9204862634070174e-5,0.2933628019159453,18,31,1,7,10,21,1,10,1.317635761506191,40.62959351305883
2819,3957,1,0.85,4.06585041881069e-5,0.29357813624417917,18,31,1,7,11,21,1,10,1.3124404748406686,40.36453657309736
2819,3958,1,0.843,1.0271474671086356e-4,0.2939854094969149,18,31,1,7,12,21,1,10,1.3079178108734508,40.1308887134993
2819,3959,1,0.834,2.9849964613937185e-4,0.29476596600958316,18,31,1,7,13,21,1,10,1.3021351696348578,39.82810630428432
2819,3960,1,0.824,9.328891403166395e-4,0.29624165863228635,18,31,1,7,14,21,1,10,1.2957530628943155,39.48852258397938
2819,3961,0.998,0.813,0.0037307889215227874,0.29980236758708456,18,31,1,7,15,21,1,10,1.2872346328467084,39.167267916545725
2819,3962,0.988,0.8,0.017163042335759493,0.30942137815495974,18,31,1,7,16,21,1,10,1.271276523813761,38.99766642858374
2819,3963,0.927,0.786,0.06932132290759319,0.3412694534567816,18,31,1,7,17,21,1,10,1.215370313937279,40.29449286775454
2819,3964,0.633,0.77,0.183966317815783,0.45847374959643483,18,31,1,7,18,21,1,10,0.9967893458499645,50.577131056307614
2819,3965,0.446,0.847,0.20586822586708153,0.4750999802182274,18,31,1,7,19,21,1,10,0.95724866152949,62.230308563774365
2819,3966,0.474,0.924,0.12425492141090155,0.42295686134875177,18,31,1,7,20,21,1,10,1.0384854356224742,62.842765470793005
2819,3967,1,0.81,1.5047317843852603e-4,0.29455361907183786,18,31,1,7,10,22,1,10,1.2868954891520912,39.007472552121044
2819,3968,1,0.8,2.920386772192751e-4,0.2952151618090324,18,31,1,7,11,22,1,10,1.2806248474865698,38.659808254090095
2819,3969,1,0.79,6.544997806412489e-4,0.29639043938105125,18,31,1,7,12,22,1,10,1.2744018204632321,38.30873556744772
2819,3970,0.999,0.778,0.0016233683882652672,0.29845995187203067,18,31,1,7,13,22,1,10,1.266208908513915,37.910701733027835
2819,3971,0.998,0.765,0.004222748617877525,0.30205538507527463,18,31,1,7,14,22,1,10,1.2574692839190944,37.47135820620178
2819,3972,0.992,0.75,0.012992705930348958,0.30979650316969953,18,31,1,7,15,22,1,10,1.2436092633942544,37.09104461910611
2819,3973,0.967,0.733,0.0418308944221264,0.3277286847476457,18,31,1,7,16,22,1,10,1.2134158396856372,37.16265414949915
2819,3974,0.871,0.715,0.11826968274704408,0.3755781925368826,18,31,1,7,17,22,1,10,1.1268833125040054,39.382419409873165
2819,3975,0.569,0.693,0.2587845199217149,0.5085947375357109,18,31,1,7,18,22,1,10,0.8966660470877661,50.61168338411486
2819,3976,0.414,0.769,0.29601237965952554,0.5306206633407455,18,31,1,7,19,22,1,10,0.8733596052028053,61.70368748947236
2819,3977,0.447,0.847,0.22047847000148368,0.48331669844274483,18,31,1,7,20,22,1,10,0.9577149889189371,62.177373303562575
2819,3978,0.533,0.924,0.10285129600094067,0.4084980703515366,18,31,1,7,21,22,1,10,1.0667075512997928,60.0219394924167
2819,3979,1,0.762,6.321941093166972e-4,0.2969700989354278,18,31,1,7,10,23,1,10,1.2572366523451342,37.30740066286194
2819,3980,1,0.75,0.0011399563284617553,0.2983990835253387,18,31,1,7,11,23,1,10,1.25,36.86989764584402
2819,3981,0.999,0.737,0.002312016238694703,0.3008094982407846,18,31,1,7,12,23,1,10,1.241438681530425,36.41759623176875
2819,3982,0.998,0.722,0.005052836541852734,0.30478343476556946,18,31,1,7,13,23,1,10,1.2317824483243784,35.883740957109076
2819,3983,0.993,0.706,0.01138943081433641,0.31127291983405836,18,31,1,7,14,23,1,10,1.2183944353123088,35.41194543690611
2819,3984,0.98,0.688,0.028901829391283274,0.32412542405668365,18,31,1,7,15,23,1,10,1.1973904960371116,35.070421599424236
2819,3985,0.938,0.667,0.0739416239767744,0.35088477352731584,18,31,1,7,16,23,1,10,1.1509704600900927,35.4161537473818
2819,3986,0.814,0.643,0.17132246757374525,0.4130127066188207,18,31,1,7,17,23,1,10,1.0373258890049935,38.30613509484363
2819,3987,0.513,0.616,0.3346756559466981,0.5589200913429684,18,31,1,7,18,23,1,10,0.8016389461596786,50.21273134426707
2819,3988,0.384,0.692,0.3823137359249146,0.5815467471085309,18,31,1,7,19,23,1,10,0.7914038160130389,60.973523429106606
2819,3989,0.421,0.769,0.30063855434310094,0.5308076397896233,18,31,1,7,20,23,1,10,0.8766994924145901,61.300871469752735
2819,3990,0.519,0.847,0.1831236313343243,0.46031573512318313,18,31,1,7,21,23,1,10,0.9933629749492378,58.50207867968599
2819,3991,0.654,0.923,0.0711230350748141,0.3858813582616799,18,31,1,7,22,23,1,10,1.1312139497018237,54.68017583312278
2819,3992,0.999,0.714,0.001828201276906305,0.30091582224066327,18,31,1,7,10,24,1,10,1.227923857574239,35.553950378731706
2819,3993,0.999,0.7,0.0030938084823172174,0.3034165466359916,18,31,1,7,11,24,1,10,1.219836464449231,35.01895575443812
2819,3994,0.997,0.684,0.005777384181822054,0.30745728430017694,18,31,1,7,12,24,1,10,1.209076093552428,34.45238895686392
2819,3995,0.994,0.667,0.011393673584817576,0.31378525775638544,18,31,1,7,13,24,1,10,1.1970484534888302,33.862644653218624
2819,3996,0.985,0.647,0.022960800919439528,0.3236537570849205,18,31,1,7,14,24,1,10,1.1784880143641683,33.29902214907473
2819,3997,0.962,0.625,0.05046942670184751,0.34201161847858375,18,31,1,7,15,24,1,10,1.1472005055786891,33.01130498786061
2819,3998,0.902,0.6,0.11101639742037783,0.37741732262702654,18,31,1,7,16,24,1,10,1.0833300512770796,33.63139291309274
2819,3999,0.757,0.572,0.22711970816779936,0.45217757533347624,18,31,1,7,17,24,1,10,0.9488060918860081,37.07521469527413
2819,4000,0.461,0.539,0.40970952172403374,0.6090895458743519,18,31,1,7,18,24,1,10,0.7092545382301053,49.46004046791597
2819,4001,0.353,0.615,0.46066614008453266,0.6285895019123954,18,31,1,7,19,24,1,10,0.7091078902395601,60.144876828492414
2819,4002,0.397,0.692,0.3747416250369193,0.5712710944347652,18,31,1,7,20,24,1,10,0.7977925795593739,60.1571316134754
2819,4003,0.509,0.769,0.24360331802194946,0.49525073372254846,18,31,1,7,21,24,1,10,0.9221941227312176,56.499481729766494
2819,4004,0.654,0.846,0.11732824116329788,0.4196016134862819,18,31,1,7,22,24,1,10,1.069313798657812,52.294196308540855
2819,4005,0.785,0.923,0.03262478920609335,0.3526919505337668,18,31,1,7,23,24,1,10,1.2116740485790725,49.61925018993192
2819,4006,0.999,0.667,0.004138071999288284,0.3065206338522455,18,31,1,7,10,25,1,10,1.2012035630982785,33.729755198814786
2819,4007,0.997,0.65,0.006641483597331854,0.3103346259030202,18,31,1,7,11,25,1,10,1.1901718363328886,33.102576044539276
2819,4008,0.994,0.632,0.011561720558754152,0.31628144598316876,18,31,1,7,12,25,1,10,1.1779049197622022,32.44880821352145
2819,4009,0.988,0.611,0.020980262968489205,0.3252264181555057,18,31,1,7,13,25,1,10,1.1616647537047855,31.733519153416296
2819,4010,0.973,0.588,0.03872713925095106,0.33869985232461364,18,31,1,7,14,25,1,10,1.1368698254417697,31.14526314616669
2819,4011,0.939,0.563,0.07651041280524928,0.36258957696065086,18,31,1,7,15,25,1,10,1.094847021277402,30.945806727048886
2819,4012,0.862,0.533,0.1513582894590434,0.4061290515666096,18,31,1,7,16,25,1,10,1.0134757027181265,31.729723180705857
2819,4013,0.702,0.5,0.2845489625552513,0.49201899599716203,18,31,1,7,17,25,1,10,0.8618607776201445,35.46039731616132
2819,4014,0.412,0.462,0.48250444807490733,0.6584884441560719,18,31,1,7,18,25,1,10,0.6190218089857578,48.27422176348543
2819,4015,0.324,0.539,0.5310991016094989,0.6713334537229234,18,31,1,7,19,25,1,10,0.6288855221739487,58.989369374610085
2819,4016,0.375,0.616,0.43926899908528894,0.6039466136079787,18,31,1,7,20,25,1,10,0.7211664163007038,58.668356479221146
2819,4017,0.502,0.693,0.29104235538333434,0.5195094512369907,18,31,1,7,21,25,1,10,0.8557178273239374,54.080926782272684
2819,4018,0.658,0.769,0.1460358531605127,0.4384563879889809,18,31,1,7,22,25,1,10,1.0120894229266504,49.447828291850705
2819,4019,0.793,0.847,0.048973699843906315,0.36997834371852734,18,31,1,7,23,25,1,10,1.1602835860254166,46.885887002223626
2819,4020,0.889,0.924,0.009003267827932038,0.32297740145644616,18,31,1,7,24,25,1,10,1.2822234594640671,46.10595875228853
2819,4021,0.997,0.619,0.007915444209865785,0.31375191332236574,18,31,1,7,10,26,1,10,1.1735288662832286,31.834598714885004
2819,4022,0.994,0.6,0.012128188780170968,0.3190386551381533,18,31,1,7,11,26,1,10,1.1610495252141486,31.116093548476528
2819,4023,0.989,0.579,0.01990568101555923,0.32704097259248266,18,31,1,7,12,26,1,10,1.1460200696322904,30.34640596640259
2819,4024,0.979,0.556,0.03378038852359566,0.3387006691903367,18,31,1,7,13,26,1,10,1.1258672213009846,29.59338900831162
2819,4025,0.957,0.529,0.05809713598219923,0.35580179537046686,18,31,1,7,14,26,1,10,1.0934761085638771,28.932460145869857
2819,4026,0.911,0.5,0.1059406220796022,0.3850054500057637,18,31,1,7,15,26,1,10,1.0391924749535093,28.760068150417705
2819,4027,0.819,0.467,0.19389464021570224,0.43597807892991347,18,31,1,7,16,26,1,10,0.9427884174086993,29.69211582618745
2819,4028,0.649,0.429,0.34247023709715385,0.5315290967914372,18,31,1,7,17,26,1,10,0.7779730072438247,33.465379346355284
2819,4029,0.366,0.385,0.5524718456036037,0.7062379589028287,18,31,1,7,18,26,1,10,0.5312071159161933,46.44925117934774
2819,4030,0.294,0.461,0.595306925477536,0.7085704467691669,18,31,1,7,19,26,1,10,0.5467696041295639,57.47254872083674
2819,4031,0.356,0.539,0.49130097834627207,0.6284378301261431,18,31,1,7,20,26,1,10,0.6459543327511629,56.55594117912934
2819,4032,0.499,0.616,0.3244752832130433,0.5353361674802646,18,31,1,7,21,26,1,10,0.7927527987966994,50.99028097302688
2819,4033,0.666,0.692,0.16338782685675046,0.44906205971837554,18,31,1,7,22,26,1,10,0.9604269883754829,46.09683968056053
2819,4034,0.804,0.769,0.05617668037257595,0.3778370787240424,18,31,1,7,23,26,1,10,1.1125542683393022,43.72535191218001
2819,4035,0.898,0.847,0.013214935494325508,0.3308854234711458,18,31,1,7,24,26,1,10,1.2344282077140007,43.32592940648415
2819,4036,0.953,0.923,0.0028228703869058736,0.3090062221107598,18,31,1,7,25,26,1,10,1.3267019258296116,44.083834281980266
2819,4037,0.994,0.572,0.013396959773678163,0.3224522547572488,18,31,1,7,10,27,1,10,1.1468304146646966,29.918391671395902
2819,4038,0.99,0.55,0.019729255168815407,0.3292889388885748,18,31,1,7,11,27,1,10,1.13251931550857,29.054604099077146
2819,4039,0.982,0.527,0.030822426077940834,0.3393843860540797,18,31,1,7,12,27,1,10,1.1144743155407395,28.220670559649605
2819,4040,0.967,0.5,0.049493926821330136,0.3537256036090519,18,31,1,7,13,27,1,10,1.0886179311402142,27.341815714918493
2819,4041,0.937,0.47,0.08049072824633174,0.37432671809428664,18,31,1,7,14,27,1,10,1.0482695264100736,26.638381912865512
2819,4042,0.88,0.437,0.13787845049130165,0.4084622125110199,18,31,1,7,15,27,1,10,0.9825319333232889,26.408576974793466
2819,4043,0.776,0.4,0.237738701975453,0.4660427897478676,18,31,1,7,16,27,1,10,0.8730269182562471,27.269471988458072
2819,4044,0.597,0.357,0.3997793553545915,0.569760423683799,18,31,1,7,17,27,1,10,0.695599022425995,30.878999523612414
2819,4045,0.322,0.308,0.6189940797324849,0.7514509724121525,18,31,1,7,18,27,1,10,0.44558725295950735,43.72696997994329
2819,4046,0.265,0.384,0.6531402849608052,0.739222158949257,18,31,1,7,19,27,1,10,0.4665629646682214,55.390281348464256
2819,4047,0.341,0.462,0.5321060574241474,0.6453332932435596,18,31,1,7,20,27,1,10,0.5742168579900803,53.569141879837645
2819,4048,0.502,0.539,0.3457108890751368,0.5448094754480806,18,31,1,7,21,27,1,10,0.7365629640431292,47.03559252538671
2819,4049,0.677,0.615,0.17173858416772025,0.4546283193001617,18,31,1,7,22,27,1,10,0.9146332598369687,42.252619734588805
2819,4050,0.817,0.692,0.06005365441511712,0.3817331492233389,18,31,1,7,23,27,1,10,1.070678756677277,40.26464010457559
2819,4051,0.909,0.769,0.015403657228378664,0.334960043028667,18,31,1,7,24,27,1,10,1.1906477228802816,40.23070672322852
2819,4052,0.96,0.846,0.0042271015552374225,0.3137149533197898,18,31,1,7,25,27,1,10,1.2795764924380253,41.38811499077702
2819,4053,0.985,0.923,8.984478782624317e-4,0.3020007642849638,18,31,1,7,26,27,1,10,1.3498718457690715,43.13884234508065
2819,4054,0.991,0.524,0.020701577019703987,0.33238762492930984,18,31,1,7,10,28,1,10,1.1210071364625651,27.868042559956933
2819,4055,0.984,0.5,0.029464991044538702,0.3407803038348147,18,31,1,7,11,28,1,10,1.1037463476723264,26.936493490448793
2819,4056,0.973,0.474,0.044166002271113336,0.35291859217715793,18,31,1,7,12,28,1,10,1.082314649258708,25.97317368301351
2819,4057,0.952,0.444,0.06772079485841265,0.3698130820061698,18,31,1,7,13,28,1,10,1.0504475236774087,25.00371294474314
2819,4058,0.914,0.412,0.10526568610386522,0.3936819863118528,18,31,1,7,14,28,1,10,1.0025667060101286,24.264226162268656
2819,4059,0.847,0.375,0.171551271832026,0.43226261338586025,18,31,1,7,15,28,1,10,0.9263012468954147,23.880844271133597
2819,4060,0.731,0.333,0.2820630517134124,0.49555203758410715,18,31,1,7,16,28,1,10,0.8032745483332582,24.491179809502288
2819,4061,0.547,0.286,0.45552339143880416,0.6059340221796453,18,31,1,7,17,28,1,10,0.617256024676957,27.60290467037935
2819,4062,0.28,0.231,0.6813170041226366,0.7934983935492139,18,31,1,7,18,28,1,10,0.36298898054899686,39.52263127117112
2819,4063,0.236,0.308,0.7035844269781393,0.7628364961091981,18,31,1,7,19,28,1,10,0.3880206180088888,52.539445139509304
2819,4064,0.331,0.385,0.5613043080657674,0.6559456384734683,18,31,1,7,20,28,1,10,0.5077263042230529,49.31302491115267
2819,4065,0.51,0.462,0.3571198258821935,0.5498817649321475,18,31,1,7,21,28,1,10,0.6881453334870477,42.172875421838725
2819,4066,0.692,0.539,0.17566620644166386,0.45724260024036,18,31,1,7,22,28,1,10,0.8771459399666626,37.91508667990498
2819,4067,0.831,0.616,0.06207774887924744,0.3836930254850134,18,31,1,7,23,28,1,10,1.0344162605063785,36.548636974340184
2819,4068,0.919,0.693,0.016440672637146214,0.33714945753845116,18,31,1,7,24,28,1,10,1.151003909637148,37.0192346999739
2819,4069,0.966,0.769,0.004746947940881929,0.3160326142250779,18,31,1,7,25,28,1,10,1.2347133270520732,38.52211312191681
2819,4070,0.988,0.847,0.0011957092913597034,0.30411399930901195,18,31,1,7,26,28,1,10,1.3013658209742562,40.60607008919354
2819,4071,0.996,0.924,1.843973110909891e-4,0.2970216618316376,18,31,1,7,27,28,1,10,1.3585992786690269,42.8524145717015
2819,4072,0.986,0.476,0.02983339301724286,0.34329147411107996,18,31,1,7,10,29,1,10,1.0948844687911141,25.769327624338715
2819,4073,0.976,0.45,0.04123860752822617,0.3531909998820708,18,31,1,7,11,29,1,10,1.074744620828595,24.752800130850584
2819,4074,0.961,0.421,0.05965314160898527,0.3672592011994009,18,31,1,7,12,29,1,10,1.0491720545268064,23.657520609778555
2819,4075,0.934,0.389,0.08805568577544198,0.3865157872294762,18,31,1,7,13,29,1,10,1.0117692424658897,22.611152748683395
2819,4076,0.888,0.353,0.13184465814474722,0.4133542652689054,18,31,1,7,14,29,1,10,0.9555903934217841,21.678935212213478
2819,4077,0.811,0.312,0.20622939894921566,0.45583641311357914,18,31,1,7,15,29,1,10,0.8689447623410823,21.042245040077912
2819,4078,0.687,0.266,0.32607998637126256,0.5239113775263212,18,31,1,7,16,29,1,10,0.7366987172514963,21.165939124222263
2819,4079,0.499,0.214,0.5088206589094469,0.6395004580850223,18,31,1,7,17,29,1,10,0.542952115752393,23.212446808302623
2819,4080,0.239,0.154,0.7389735265269466,0.8320942695507211,18,31,1,7,18,29,1,10,0.28431848339494215,32.79576701406652
2819,4081,0.209,0.231,0.745199550646313,0.7796361832758413,18,31,1,7,19,29,1,10,0.3115156496871385,47.862405226111754
2819,4082,0.327,0.308,0.5785568196507473,0.6617863593473273,18,31,1,7,20,29,1,10,0.4492137575809539,43.286149430995145
2819,4083,0.524,0.385,0.36113981506862314,0.5520514425785101,18,31,1,7,21,29,1,10,0.6502314972377146,36.30594632784387
2819,4084,0.711,0.462,0.17723631516684368,0.45810016911547935,18,31,1,7,22,29,1,10,0.8479180384919288,33.01536922012579
2819,4085,0.846,0.539,0.06288187554600477,0.3844569270041811,18,31,1,7,23,29,1,10,1.0031136525837938,32.501857511300834
2819,4086,0.929,0.616,0.016772582306564865,0.3381271081388181,18,31,1,7,24,29,1,10,1.1146734947956733,33.54750554221949
2819,4087,0.972,0.692,0.004902368210338848,0.3170079285413605,18,31,1,7,25,29,1,10,1.1931672137634357,35.448362541618145
2819,4088,0.991,0.769,0.0012745272519625317,0.3049645899323875,18,31,1,7,26,29,1,10,1.2543691641618109,37.81088547673338
2819,4089,0.998,0.847,2.2893029631876338e-4,0.29784648735886377,18,31,1,7,27,29,1,10,1.3089740257163243,40.32117995669413
2819,4090,1,0.924,2.7115254607856798e-5,0.29450817882232194,18,31,1,7,28,29,1,10,1.3615344285033706,42.73793318624221
2819,4091,0.979,0.428,0.04070853908642014,0.35489692117811433,18,31,1,7,10,30,1,10,1.068468530187015,23.61402516416651
2819,4092,0.967,0.4,0.054862316816108425,0.36621507946431486,18,31,1,7,11,30,1,10,1.0464650018036914,22.472456255127074
2819,4093,0.947,0.368,0.07696799989710668,0.382059908559762,18,31,1,7,12,30,1,10,1.0159886810393115,21.235905624788682
2819,4094,0.914,0.333,0.11005593212271358,0.4034504465220957,18,31,1,7,13,30,1,10,0.972771812914005,20.018331395082935
2819,4095,0.86,0.294,0.15967301578621285,0.4329247016780776,18,31,1,7,14,30,1,10,0.908865226532515,18.873530078909727
2819,4096,0.774,0.25,0.24131253508494532,0.4787452384233749,18,31,1,7,15,30,1,10,0.8133732230655248,17.900322540127675
2819,4097,0.642,0.2,0.3690679466235791,0.5507011173766097,18,31,1,7,16,30,1,10,0.6724314091414826,17.303194469049036
2819,4098,0.452,0.143,0.5589635912631477,0.670131785354885,18,31,1,7,17,30,1,10,0.4740812166707304,17.555896435421975
2819,4099,0.198,0.077,0.7919184174669055,0.8672337912031441,18,31,1,7,18,30,1,10,0.21244528707410765,21.25050550713324
2819,4100,0.184,0.153,0.7771769857629558,0.7903451828756536,18,31,1,7,19,30,1,10,0.23930106560565081,39.74425942009462
2819,4101,0.332,0.231,0.5854718387078309,0.6641877340496112,18,31,1,7,20,30,1,10,0.4044564253414699,34.82954526173656
2819,4102,0.545,0.308,0.3614762258424491,0.5523202838925394,18,31,1,7,21,30,1,10,0.626010383300469,29.47242472007002
2819,4103,0.731,0.384,0.1773003603432538,0.4578349984711352,18,31,1,7,22,30,1,10,0.8257221082180131,27.713296044319545
2819,4104,0.861,0.461,0.06297888019936604,0.384363377917709,18,31,1,7,23,30,1,10,0.9766483502264263,28.16566194537854
2819,4105,0.937,0.539,0.016834673036901004,0.33827271659195235,18,31,1,7,24,30,1,10,1.0809671595381611,29.909240511951396
2819,4106,0.976,0.615,0.004932157999332554,0.31725102119374093,18,31,1,7,25,30,1,10,1.1536034847381487,32.21597044142931
2819,4107,0.993,0.692,0.0012871131158431748,0.30519257464467964,18,31,1,7,26,30,1,10,1.210335903788696,34.87179774301398
2819,4108,0.998,0.769,2.3418085609239192e-4,0.29810180989194235,18,31,1,7,27,30,1,10,1.259906742580577,37.61572849959682
2819,4109,1,0.847,2.9558541960961193e-5,0.2947382066144386,18,31,1,7,28,30,1,10,1.3104995230827061,40.26459927013793
2819,4110,1,0.923,1.1772293162515268e-6,0.2932483223808363,18,31,1,7,29,30,1,10,1.3608559806239602,42.707010169212275
2819,4111,0.971,0.381,0.05317998299349058,0.366956614589117,18,31,1,7,10,31,1,10,1.0430733435382191,21.423999270760156
2819,4112,0.955,0.35,0.07007951688832081,0.3795801422472457,18,31,1,7,11,31,1,10,1.017116020914035,20.127488693007972
2819,4113,0.93,0.316,0.09577753534643119,0.3970256901999878,18,31,1,7,12,31,1,10,0.9822199346378591,18.766987614255516
2819,4114,0.891,0.278,0.133279991944253,0.42030469283580385,18,31,1,7,13,31,1,10,0.9333622019344902,17.328390580922488
2819,4115,0.83,0.235,0.18824898878318264,0.45206824848335403,18,31,1,7,14,31,1,10,0.8626268022731498,15.808543184631265
2819,4116,0.736,0.188,0.2762290810993302,0.5006722013005864,18,31,1,7,15,31,1,10,0.7596314896053217,14.328939667661652
2819,4117,0.598,0.133,0.41045260981537335,0.5756544743104379,18,31,1,7,16,31,1,10,0.6126116224819768,12.538952145928137
2819,4118,0.406,0.071,0.605460215315565,0.6976770861246424,18,31,1,7,17,31,1,10,0.41216137616229886,9.91939890579846
2819,4119,0.159,0,0.8402155675503318,0.8990837231379414,18,31,1,7,18,31,1,10,0.159,0
2819,4120,0.164,0.077,0.7988092219696549,0.795967176046279,18,31,1,7,19,31,1,10,0.1811767093199344,25.150627965675834
2819,4121,0.346,0.154,0.5843842308862872,0.6641767780267118,18,31,1,7,20,31,1,10,0.3787241740369896,23.993210569228147
2819,4122,0.57,0.231,0.35953731916229503,0.5513224143607375,18,31,1,7,21,31,1,10,0.6150292675962665,22.060899467208266
2819,4123,0.751,0.308,0.17649618815033674,0.45679767665421167,18,31,1,7,22,31,1,10,0.811704995672689,22.299507123557483
2819,4124,0.873,0.385,0.06282636691026311,0.3836308168829119,18,31,1,7,23,31,1,10,0.9541247297916556,23.797863903835317
2819,4125,0.944,0.462,0.016822061750673356,0.33786719633451057,18,31,1,7,24,31,1,10,1.0509900094672642,26.077439294153077
2819,4126,0.979,0.539,0.004931705071186898,0.31706545664869057,18,31,1,7,25,31,1,10,1.1175696846282115,28.835500847743084
2819,4127,0.994,0.616,0.0012874163243594694,0.3050737539001025,18,31,1,7,26,31,1,10,1.1693981357946488,31.787253121664758
2819,4128,0.999,0.693,2.342754404172087e-4,0.2980562504038894,18,31,1,7,27,31,1,10,1.2158330477495667,34.74880124918256
2819,4129,1,0.77,2.9591826865793536e-5,0.2947289330901166,18,31,1,7,28,31,1,10,1.2621014222319853,37.596271147211986
2819,4130,1,0.847,1.1898557399359078e-6,0.2932574012554724,18,31,1,7,29,31,1,10,1.3104995230827061,40.26459927013793
2819,4131,1,0.924,5.551669457481978e-9,0.29291830505354044,18,31,1,7,30,31,1,10,1.3615344285033706,42.73793318624221
2819,4132,0.961,0.409,0.06703636086393527,0.3792530116553906,18,31,1,7,10,32,1,10,1.0444146686062963,23.054522978413864
2819,4133,0.942,0.381,0.08662329882876985,0.393054762460084,18,31,1,7,11,32,1,10,1.0161323732663967,22.02129352561084
2819,4134,0.912,0.35,0.11575281442498597,0.41191572238466434,18,31,1,7,12,32,1,10,0.9768541344540648,20.995400361599682
2819,4135,0.867,0.316,0.1573280862821601,0.43683448740133246,18,31,1,7,13,32,1,10,0.9227919592194115,20.025543902909654
2819,4136,0.798,0.278,0.2171083618287093,0.47054460093619455,18,31,1,7,14,32,1,10,0.8450372772842628,19.206851244297887
2819,4137,0.697,0.235,0.31050967526737805,0.5214041144364561,18,31,1,7,15,32,1,10,0.7355501342532675,18.632010056252753
2819,4138,0.554,0.187,0.44979384789132304,0.5986274135558272,18,31,1,7,16,32,1,10,0.5847093294962892,18.65185987781254
2819,4139,0.361,0.133,0.6479980939628855,0.722110064269971,18,31,1,7,17,32,1,10,0.38472067789501513,20.22485943116808
2819,4140,0.12,0.071,0.8841262605217631,0.9278711421853809,18,31,1,7,18,32,1,10,0.13943098651304164,30.61138840686757
2819,4141,0.153,0.143,0.807741660005858,0.7975816125190555,18,31,1,7,19,32,1,10,0.20942301688209916,43.06506769044723
2819,4142,0.373,0.214,0.5786896357378143,0.6624933623172219,18,31,1,7,20,32,1,10,0.4300290687848904,29.844037435932414
2819,4143,0.596,0.286,0.35634807951136516,0.5494578354631643,18,31,1,7,21,32,1,10,0.6610688315145405,25.63475492104478
2819,4144,0.768,0.357,0.17546547779442534,0.4552016978353227,18,31,1,7,22,32,1,10,0.8469197128417782,24.93106635278353
2819,4145,0.883,0.429,0.06263100200139693,0.3824252077050274,18,31,1,7,23,32,1,10,0.9816975094192711,25.91250787168609
2819,4146,0.949,0.5,0.01679857857969791,0.3371030286205753,18,31,1,7,24,32,1,10,1.0726607105697494,27.783418277197615
2819,4147,0.981,0.572,0.004929958273596657,0.31661143271172343,18,31,1,7,25,32,1,10,1.1355813489134101,30.245541668063535
2819,4148,0.995,0.643,0.0012874163243848935,0.3047492618509383,18,31,1,7,26,32,1,10,1.184683079983841,32.87180366910644
2819,4149,0.999,0.715,2.3427544041731974e-4,0.2978671603587135,18,31,1,7,27,32,1,10,1.2285055962428497,35.591894069805875
2819,4150,1,0.786,2.9591826865793536e-5,0.29464005990775277,18,31,1,7,28,32,1,10,1.2719260984821406,38.1673468344621
2819,4151,1,0.858,1.1898557398248855e-6,0.29322568566620566,18,31,1,7,29,32,1,10,1.317635761506191,40.62959351305883
2819,4152,1,0.929,5.551669457481978e-9,0.29291382287036094,18,31,1,7,30,32,1,10,1.3649325990685401,42.8920866639288
2819,4153,1,1,0,0.2928932188134524,18,31,1,7,31,32,1,10,1.4142135623730951,45
2819,4154,0.95,0.435,0.08205336692253895,0.39160217202707603,18,31,1,7,10,33,1,10,1.0448564494704524,24.60279415828499
2819,4155,0.927,0.409,0.10421853368283118,0.40644950064524865,18,31,1,7,11,33,1,10,1.0132176469051455,23.807465197460704
2819,4156,0.892,0.381,0.13655608360696259,0.42654054449167844,18,31,1,7,12,33,1,10,0.969961339435753,23.128783858650266
2819,4157,0.84,0.35,0.18183698162808948,0.4528568512525589,18,31,1,7,13,33,1,10,0.9099999999999999,22.619864948040426
2819,4158,0.765,0.316,0.24586700536916817,0.488185596291808,18,31,1,7,14,33,1,10,0.8276962003054019,22.444144242108976
2819,4159,0.658,0.278,0.34377575682092354,0.5408115266887668,18,31,1,7,15,33,1,10,0.7143164564812994,22.9036883703396
2819,4160,0.51,0.235,0.4867941427125806,0.6195680223098657,18,31,1,7,16,33,1,10,0.56153806638553,24.739508869748125
2819,4161,0.317,0.187,0.6864198160864934,0.7434838278667187,18,31,1,7,17,33,1,10,0.36804619275302936,30.536582493697676
2819,4162,0.082,0.133,0.9239621654934521,0.9537377932004145,18,31,1,7,18,33,1,10,0.15624659996300722,58.344450989740345
2819,4163,0.161,0.2,0.8025900038104758,0.796191063351726,18,31,1,7,19,33,1,10,0.25675085199469155,51.16593504623153
2819,4164,0.405,0.266,0.5706233425106817,0.6596538280727036,18,31,1,7,20,33,1,10,0.4845420518386408,33.29651369590718
2819,4165,0.619,0.333,0.35295455459893876,0.546984300001029,18,31,1,7,21,33,1,10,0.7028869041318098,28.278672213616378
2819,4166,0.783,0.4,0.1743892836216815,0.4531899093315408,18,31,1,7,22,33,1,10,0.8792547981103089,27.060475376767013
2819,4167,0.891,0.467,0.062422225177594104,0.3808758365837196,18,31,1,7,23,33,1,10,1.0059671962842527,27.660390604841705
2819,4168,0.953,0.533,0.01677323857577062,0.3361083155176564,18,31,1,7,24,33,1,10,1.09192399002861,29.21769429589539
2819,4169,0.983,0.6,0.00492793276038106,0.31598880795514184,18,31,1,7,25,33,1,10,1.1516462130359306,31.398905984371073
2819,4170,0.995,0.667,0.0012874163243848935,0.3043132846432147,18,31,1,7,26,33,1,10,1.197878958826809,33.835993020749214
2819,4171,0.999,0.733,2.3427544041731974e-4,0.297623459757852,18,31,1,7,27,33,1,10,1.2390681982845013,36.26875333399602
2819,4172,1,0.8,2.9591826865793536e-5,0.2945271980434184,18,31,1,7,28,33,1,10,1.2806248474865698,38.659808254090095
2819,4173,1,0.867,1.1898557399359078e-6,0.2931884136372592,18,31,1,7,29,33,1,10,1.323513883569039,40.92528797789907
2819,4174,1,0.934,5.551669457481978e-9,0.2929096432930053,18,31,1,7,30,33,1,10,1.3683406008739198,43.045473375173806
2819,4175,1,1,0,0.2928932188134524,18,31,1,7,31,33,1,10,1.4142135623730951,45
2819,4177,0.937,0.458,0.0980048652488873,0.4038535559033267,18,31,1,7,10,34,1,10,1.0429443896967854,26.04910827506658
2819,4178,0.91,0.435,0.12260775362275111,0.41961430993018556,18,31,1,7,11,34,1,10,1.008625302081997,25.54882463540712
2819,4179,0.87,0.409,0.15788343016003725,0.4407564016572977,18,31,1,7,12,34,1,10,0.9613433309697426,25.1789184391573
2819,4180,0.812,0.381,0.20648472192721046,0.46824076981033735,18,31,1,7,13,34,1,10,0.8969420271121206,25.13652482340798
2819,4181,0.731,0.35,0.2741929435257964,0.5048818935118219,18,31,1,7,14,34,1,10,0.8104696169505677,25.584920985742812
2819,4182,0.618,0.316,0.37574912681045647,0.5588296079424424,18,31,1,7,15,34,1,10,0.6941037386443037,27.081880530875083
2819,4183,0.466,0.278,0.5212859172715124,0.6384896185343176,18,31,1,7,16,34,1,10,0.5426232578870906,30.818887613197184
2819,4184,0.274,0.235,0.7207011022764265,0.7618983118280672,18,31,1,7,17,34,1,10,0.3609722981061012,40.61851092438809
2819,4185,0.045,0.188,0.9597297834458236,0.9761785703003688,18,31,1,7,18,34,1,10,0.19331063085097,76.53885169257703
2819,4186,0.197,0.25,0.7901604613102703,0.7926371191774421,18,31,1,7,19,34,1,10,0.31829074758779907,51.7618900648948
2819,4187,0.434,0.312,0.562289375442945,0.6560144007383999,18,31,1,7,20,34,1,10,0.5345091205957107,35.71213156195314
2819,4188,0.639,0.375,0.3495097400701659,0.5440733002701834,18,31,1,7,21,34,1,10,0.740908901282742,30.406731781100692
2819,4189,0.795,0.437,0.17327446205786334,0.45086511063656043,18,31,1,7,22,34,1,10,0.9071901674952171,28.79695886143553
2819,4190,0.898,0.5,0.06220411567597395,0.37908328520526935,18,31,1,7,23,34,1,10,1.0278151584793835,29.10874864874407
2819,4191,0.956,0.563,0.016745636118915885,0.3349705302717195,18,31,1,7,24,34,1,10,1.1094615811284319,30.494347292257377
2819,4192,0.984,0.625,0.004925574134381994,0.31526703542951173,18,31,1,7,25,34,1,10,1.165710512949077,32.42218610938692
2819,4193,0.996,0.688,0.0012874163243848935,0.30382784541872665,18,31,1,7,26,34,1,10,1.2105205491853495,34.635283354996076
2819,4194,0.999,0.75,2.3427544041731974e-4,0.29736659411433064,18,31,1,7,27,34,1,10,1.2492001440922107,36.89741723042958
2819,4195,1,0.813,2.9591826865793536e-5,0.29441099438657037,18,31,1,7,28,34,1,10,1.2887858627405873,39.111110804715416
2819,4196,1,0.875,1.1898557399359078e-6,0.29315461506727447,18,31,1,7,29,34,1,10,1.3287682265918312,41.18592516570965
2819,4197,1,0.938,5.551669457481978e-9,0.29290664065759464,18,31,1,7,30,34,1,10,1.3710740315533658,43.16763304046667
2819,4198,1,1,0,0.2928932188134524,18,31,1,7,31,34,1,10,1.4142135623730951,45
2819,4201,0.922,0.48,0.11466773962886267,0.4158875755716721,18,31,1,7,10,35,1,10,1.039463323066283,27.50181779398271
2819,4202,0.891,0.458,0.14154147829716623,0.4324341607104534,18,31,1,7,11,35,1,10,1.0018208422667199,27.204486453200985
2819,4203,0.846,0.435,0.1794692385611849,0.4544585275860715,18,31,1,7,12,35,1,10,0.9512838693050565,27.211520549343497
2819,4204,0.783,0.409,0.23099471711165498,0.48289788218499474,18,31,1,7,13,35,1,10,0.8833855330488495,27.580313148749124
2819,4205,0.696,0.381,0.3018272148967345,0.5205704459419358,18,31,1,7,14,35,1,10,0.7934588836228377,28.696904650935743
2819,4206,0.578,0.35,0.40622855441090255,0.5754413998340211,18,31,1,7,15,35,1,10,0.6757099969661541,31.196428469376727
2819,4207,0.423,0.316,0.5531745866426534,0.6554491776919857,18,31,1,7,16,35,1,10,0.5280009469688477,36.761383041665134
2819,4208,0.232,0.278,0.7507544261554211,0.7774803561198796,18,31,1,7,17,35,1,10,0.3620883869996386,50.1539085612278
2819,4209,0.016,0.235,0.9862552400942962,0.9877224364098041,18,31,1,7,18,35,1,10,0.23554405108174564,86.10502183129314
2819,4210,0.23,0.294,0.7767013705062364,0.7875774760682007,18,31,1,7,19,35,1,10,0.3732773767588922,51.96346852648805
2819,4211,0.46,0.353,0.5538033177524544,0.6518208192906587,18,31,1,7,20,35,1,10,0.5798353214491162,37.50231933760019
2819,4212,0.657,0.412,0.34601515737785593,0.5408429793917018,18,31,1,7,21,35,1,10,0.7754953255823017,32.09153043330382
2819,4213,0.805,0.47,0.17212514453345473,0.4483050234238404,18,31,1,7,22,35,1,10,0.9321614666998417,30.27855908502192
2819,4214,0.903,0.529,0.06197667053557354,0.3771253805973265,18,31,1,7,23,35,1,10,1.0465419246260514,30.362839548045454
2819,4215,0.959,0.588,0.016713742936035003,0.33375060794754385,18,31,1,7,24,35,1,10,1.1249111075991738,31.51407260298883
2819,4216,0.985,0.647,0.0049231682064847515,0.3144944362913594,18,31,1,7,25,35,1,10,1.1784880143641683,33.29902214907473
2819,4217,0.996,0.706,0.001287138358352924,0.3033297678469279,18,31,1,7,26,35,1,10,1.2208406939482317,35.330362031193346
2819,4218,0.999,0.765,2.342754404172087e-4,0.2971143885060332,18,31,1,7,27,35,1,10,1.2582630885470654,37.443655943560536
2819,4219,1,0.824,2.9591826865793536e-5,0.29429987309575034,18,31,1,7,28,35,1,10,1.2957530628943155,39.48852258397938
2819,4220,1,0.883,1.1898557399359078e-6,0.2931259088474144,18,31,1,7,29,35,1,10,1.3340498491435768,41.4445038973404
2819,4221,1,0.942,5.551669457481978e-9,0.2929045079163989,18,31,1,7,30,35,1,10,1.3738136700440857,43.289306039103366
2819,4222,1,1,0,0.2928932188134524,18,31,1,7,31,35,1,10,1.4142135623730951,45
2819,4254,1,1,0,0.2928932188134524,18,31,1,7,10,18,4,10,1.4142135623730951,45
2819,4255,1,1,0,0.2928932188134524,18,31,1,7,11,18,4,10,1.4142135623730951,45
2819,4256,1,1,0,0.2928932188134524,18,31,1,7,12,18,4,10,1.4142135623730951,45
2819,4257,1,1,0,0.2928932188134524,18,31,1,7,13,18,4,10,1.4142135623730951,45
2819,4258,1,1,0,0.2928932188134524,18,31,1,7,14,18,4,10,1.4142135623730951,45
2819,4259,1,1,0,0.2928932188134524,18,31,1,7,15,18,4,10,1.4142135623730951,45
2819,4260,1,1,0,0.29289321881345254,18,31,1,7,16,18,4,10,1.4142135623730951,45
2819,4261,1,1,0,0.2928932188134524,18,31,1,7,17,18,4,10,1.4142135623730951,45
2819,4262,1,0.953,7.292438986006289e-8,0.29290476900758866,18,31,1,7,10,19,4,10,1.3813793830805496,43.62141221053497
2819,4263,1,0.95,2.165826570310614e-7,0.2929131977450343,18,31,1,7,11,19,4,10,1.379311422413372,43.53119928561418
2819,4264,1,0.948,7.509408705974607e-7,0.2929306036876188,18,31,1,7,12,19,4,10,1.3779346864057092,43.470907000688804
2819,4265,1,0.945,3.0719797702305485e-6,0.29296935095281285,18,31,1,7,13,19,4,10,1.3758724504836921,43.38024250274473
2819,4266,1,0.942,1.6876354227424173e-5,0.29307348234247377,18,31,1,7,14,19,4,10,1.3738136700440857,43.289306039103366
2819,4267,1,0.938,1.378281975445983e-4,0.2934195389362778,18,31,1,7,15,19,4,10,1.3710740315533658,43.16763304046667
2819,4268,0.999,0.934,0.0017219961319682175,0.29496462181853644,18,31,1,7,16,19,4,10,1.3676099590160933,43.074069886805844
2819,4269,0.978,0.929,0.017677392502409406,0.3055509878859116,18,31,1,7,17,19,4,10,1.3488976981224337,43.52811977797085
2819,4270,0.692,0.924,0.06892219399658006,0.3831834783817347,18,31,1,7,18,19,4,10,1.154400277200244,53.169808362708295
2819,4271,1,0.905,2.9144174835127323e-5,0.29332266785044425,18,31,1,7,10,20,4,10,1.348712348872064,42.14509520315724
2819,4272,1,0.9,7.219568878857885e-5,0.293573760510244,18,31,1,7,11,20,4,10,1.3453624047073711,41.98721249581666
2819,4273,1,0.895,1.975578099235875e-4,0.29403072430613675,18,31,1,7,12,20,4,10,1.3420227270802831,41.82854278370222
2819,4274,1,0.889,6.025429576520525e-4,0.2949156944096816,18,31,1,7,13,20,4,10,1.3380287739805896,41.63709543013025
2819,4275,0.999,0.883,0.0021652619371628212,0.2968785401380407,18,31,1,7,14,20,4,10,1.3333004162603415,41.4729474134098
2819,4276,0.994,0.875,0.008763734708193915,0.30178213522796493,18,31,1,7,15,20,4,10,1.324258660534263,41.35687178779396
2819,4277,0.97,0.867,0.03300040022115458,0.31589709702523494,18,31,1,7,16,20,4,10,1.3009953881547773,41.79080426264849
2819,4278,0.865,0.858,0.09052151989246693,0.36120392207327967,18,31,1,7,17,20,4,10,1.218355038566345,44.767226784674016
2819,4279,0.529,0.847,0.17950238507658445,0.45888741008779077,18,31,1,7,18,20,4,10,0.9986240533854569,58.01286191798904
2819,4280,0.463,0.923,0.13561851043067918,0.4307580120840514,18,31,1,7,19,20,4,10,1.0326170635816552,63.36050653542998
2819,4281,1,0.858,5.65643486975409e-4,0.2955891826186351,18,31,1,7,10,21,4,10,1.317635761506191,40.62959351305883
2819,4282,0.999,0.85,0.0012034292151631432,0.29688115526109715,18,31,1,7,11,21,4,10,1.3116786954128667,40.39282667395615
2819,4283,0.998,0.843,0.0027193972913017728,0.2990256345054054,18,31,1,7,12,21,4,10,1.3063892987926684,40.18742499035128
2819,4284,0.996,0.834,0.006541993226010456,0.3027849480903617,18,31,1,7,13,21,4,10,1.299065818193982,39.94110195601155
2819,4285,0.988,0.824,0.016845463157978968,0.31005477331233045,18,31,1,7,14,21,4,10,1.2865146715059257,39.828379920484316
2819,4286,0.964,0.813,0.042933538309057884,0.3251110218936767,18,31,1,7,15,21,4,10,1.261057096249016,40.14297761044332
2819,4287,0.896,0.8,0.09805702682731077,0.3584804446358726,18,31,1,7,16,21,4,10,1.2011727602639015,41.76029970389787
2819,4288,0.728,0.786,0.18807600885331377,0.43307179949253227,18,31,1,7,17,21,4,10,1.0713449491176967,47.1938777854677
2819,4289,0.423,0.77,0.3028799989932879,0.5317865576149611,18,31,1,7,18,21,4,10,0.8785379900721425,61.21777842815527
2819,4290,0.421,0.847,0.25935082063711856,0.506097050141128,18,31,1,7,19,21,4,10,0.9458593975850744,63.5703995859836
2819,4291,0.47,0.924,0.1498180515448817,0.4400359521204291,18,31,1,7,20,21,4,10,1.0366658092172232,63.03947086195233
2819,4292,0.998,0.81,0.003377738332140501,0.3014432632953731,18,31,1,7,10,22,4,10,1.285341977840917,39.06358713596362
2819,4293,0.996,0.8,0.0063364575487203645,0.3048797501769597,18,31,1,7,11,22,4,10,1.2775038160412673,38.77187809554532
2819,4294,0.992,0.79,0.012300664028813024,0.3102152286341192,18,31,1,7,12,22,4,10,1.2681340623136026,38.532798113457055
2819,4295,0.982,0.778,0.024634114245873917,0.31891356930695025,18,31,1,7,13,22,4,10,1.252839973819482,38.38840170500626
2819,4296,0.958,0.765,0.05026666933407553,0.33415910735750776,18,31,1,7,14,22,4,10,1.2259645182467558,38.60871648972245
2819,4297,0.906,0.75,0.09957921712985673,0.362015717422837,18,31,1,7,15,22,4,10,1.176153051265013,39.61845294786807
2819,4298,0.798,0.733,0.18230744393243492,0.41467646659761503,18,31,1,7,16,22,4,10,1.0835557207638193,42.568915453376185
2819,4299,0.595,0.715,0.301994847964385,0.5110213725354149,18,31,1,7,17,22,4,10,0.9301881530099165,50.233861647216436
2819,4300,0.353,0.693,0.42453149983563665,0.6033930528244045,18,31,1,7,18,22,4,10,0.7777261728912046,63.00663872564868
2819,4301,0.383,0.769,0.37504517573496887,0.5714019693213198,18,31,1,7,19,22,4,10,0.8590983645660141,63.52442680251742
2819,4302,0.446,0.847,0.25578984599922205,0.5031477795668327,18,31,1,7,20,22,4,10,0.95724866152949,62.230308563774365
2819,4303,0.546,0.924,0.12310716347484973,0.42269966141237414,18,31,1,7,21,22,4,10,1.0732623164911737,59.42077312751099
2819,4304,0.993,0.762,0.011051341622637212,0.3119810918071295,18,31,1,7,10,23,4,10,1.2516760763072847,37.50160883033533
2819,4305,0.988,0.75,0.018714450976014874,0.3185582935405362,18,31,1,7,11,23,4,10,1.2404208963089909,37.20247179889837
2819,4306,0.976,0.737,0.03233640450375197,0.328285464545485,18,31,1,7,12,23,4,10,1.223006541274412,37.05729118701935
2819,4307,0.953,0.722,0.05664597114807668,0.3433178792432354,18,31,1,7,13,23,4,10,1.1956140681674836,37.14784421190096
2819,4308,0.909,0.706,0.09989183651601508,0.36786643904100835,18,31,1,7,14,23,4,10,1.1509635094128745,37.835689134998916
2819,4309,0.829,0.688,0.17177899604764957,0.4090669066483381,18,31,1,7,15,23,4,10,1.0773045066275364,39.68980844354433
2819,4310,0.69,0.667,0.2808881326123227,0.4793534429112454,18,31,1,7,16,23,4,10,0.959681718071153,44.02897806892084
2819,4311,0.471,0.643,0.42446074814317736,0.5913711162293633,18,31,1,7,17,23,4,10,0.7970508139384841,53.77707863862554
2819,4312,0.304,0.616,0.5372506209759016,0.6711117383843523,18,31,1,7,18,23,4,10,0.6869293995746579,63.73336164291689
2819,4313,0.349,0.692,0.46389654282965465,0.6252187778269824,18,31,1,7,19,23,4,10,0.7750258060219671,63.23657992303996
2819,4314,0.435,0.769,0.343996497817047,0.5521914640441784,18,31,1,7,20,23,4,10,0.8835077815163825,60.50447402399453
2819,4315,0.553,0.847,0.20368053436888056,0.4726402773705808,18,31,1,7,21,23,4,10,1.0115423866551514,56.85977912094798
2819,4316,0.676,0.923,0.08097649601989376,0.39394442963820275,18,31,1,7,22,23,4,10,1.1440738612519736,53.78116273438547
2819,4317,0.983,0.714,0.02549945244951124,0.3274752773690197,18,31,1,7,10,24,4,10,1.2149423854652532,35.99270120808745
2819,4318,0.97,0.7,0.0398882953343056,0.33789760442885164,18,31,1,7,11,24,4,10,1.1962023240238249,35.81608074915565
2819,4319,0.948,0.684,0.06311423151465212,0.35277068335040374,18,31,1,7,12,24,4,10,1.1689995722839253,35.81116392264125
2819,4320,0.909,0.667,0.10089964086672532,0.37485598001372233,18,31,1,7,13,24,4,10,1.1274617510141975,36.27022981582068
2819,4321,0.844,0.647,0.16197889225909623,0.40910466731388484,18,31,1,7,14,24,4,10,1.0634589789926079,37.473329095976645
2819,4322,0.74,0.625,0.2556935069146923,0.46322088872475276,18,31,1,7,15,24,4,10,0.9686201525882062,40.18425546260554
2819,4323,0.582,0.6,0.38910152933966746,0.5489843019263974,18,31,1,7,16,24,4,10,0.8358971228566348,45.87245712290204
2819,4324,0.358,0.572,0.547712680995974,0.6712983103442194,18,31,1,7,17,24,4,10,0.6747947836194349,57.958615678518584
2819,4325,0.264,0.539,0.6282614329245033,0.7330177098183761,18,31,1,7,18,24,4,10,0.6001808060909646,63.90457584261166
2819,4326,0.327,0.615,0.5379377955170727,0.6685121776759594,18,31,1,7,19,24,4,10,0.6965299706401727,62.00009445363876
2819,4327,0.437,0.692,0.400052451657643,0.5835143216672214,18,31,1,7,20,24,4,10,0.8184332593437292,57.72747094093871
2819,4328,0.57,0.769,0.25414406544088897,0.5003794740309775,18,31,1,7,21,24,4,10,0.9572152318052612,53.45333044352168
2819,4329,0.699,0.846,0.12054315430141782,0.421702991402808,18,31,1,7,22,24,4,10,1.0974137779342847,50.435081799231234
2819,4330,0.806,0.923,0.03536964758684791,0.35585847647289637,18,31,1,7,23,24,4,10,1.2253836134043903,48.87125623198563
2819,4331,0.965,0.667,0.04737531218517643,0.34756773940310526,18,31,1,7,10,25,4,10,1.1730788549794937,34.651906778977605
2819,4332,0.943,0.65,0.069659032027099,0.3622318863094761,18,31,1,7,11,25,4,10,1.1453161135686514,34.578087934457706
2819,4333,0.908,0.632,0.10345819976228265,0.3826035250912353,18,31,1,7,12,25,4,10,1.1062947166103616,34.839277072362876
2819,4334,0.853,0.611,0.15511045199186313,0.4119371883596804,18,31,1,7,13,25,4,10,1.0492521146035398,35.61385206064984
2819,4335,0.769,0.588,0.2334959478844557,0.45566464697054343,18,31,1,7,14,25,4,10,0.9680418379388361,37.4025909906561
2819,4336,0.646,0.563,0.34793593396944467,0.5216416823673526,18,31,1,7,15,25,4,10,0.8569043120442328,41.07270497810921
2819,4337,0.476,0.533,0.5014755938087356,0.6202606588992589,18,31,1,7,16,25,4,10,0.7146082843068642,48.23329232794591
2819,4338,0.254,0.5,0.6661141320716936,0.7480505981806822,18,31,1,7,17,25,4,10,0.560817260790001,63.06943046734729
2819,4339,0.23,0.462,0.700245575927021,0.7840170561481058,18,31,1,7,18,25,4,10,0.5160852642732594,63.53424816806555
2819,4340,0.321,0.539,0.5848094494149246,0.6956274560663926,18,31,1,7,19,25,4,10,0.6273452000294575,59.224200517627374
2819,4341,0.454,0.616,0.42825851718455166,0.5983699091773336,18,31,1,7,20,25,4,10,0.7652267637765945,53.60930313662493
2819,4342,0.597,0.693,0.2733217850643578,0.5106022295332795,18,31,1,7,21,25,4,10,0.9146901114585201,49.256026725483665
2819,4343,0.727,0.769,0.13524649393002686,0.43098851404290495,18,31,1,7,22,25,4,10,1.0582485530346828,46.60814892541702
2819,4344,0.83,0.847,0.04679759767828562,0.3672571086884511,18,31,1,7,23,25,4,10,1.18587899888648,45.580795998497
2819,4345,0.903,0.924,0.00956780908843946,0.32343456121284,18,31,1,7,24,25,4,10,1.29196942688285,45.65854317756361
2819,4346,0.938,0.619,0.07631415923383766,0.37148442971381057,18,31,1,7,10,26,4,10,1.1238349522950422,33.42140715275274
2819,4347,0.906,0.6,0.10710628187467008,0.3905091196365973,18,31,1,7,11,26,4,10,1.0866627811791476,33.5145832982414
2819,4348,0.857,0.579,0.15173230038079089,0.4163847134653498,18,31,1,7,12,26,4,10,1.0342581882682873,34.04345616053908
2819,4349,0.786,0.556,0.21692220747290458,0.4527210143206578,18,31,1,7,13,26,4,10,0.9627730781445855,35.2747914911829
2819,4350,0.686,0.529,0.3116506982516789,0.5051650509725452,18,31,1,7,14,26,4,10,0.8662776691107765,37.63714691247794
2819,4351,0.55,0.5,0.44441909573972027,0.5813009453541867,18,31,1,7,15,26,4,10,0.7433034373659253,42.27368900609373
2819,4352,0.374,0.467,0.6129185051611801,0.6895592718359052,18,31,1,7,16,26,4,10,0.5983017633268349,51.31028009135085
2819,4353,0.171,0.429,0.7741055501867768,0.8178065130395448,18,31,1,7,17,26,4,10,0.4618246420450082,68.26770481005696
2819,4354,0.21,0.385,0.7463983561886247,0.816180716066059,18,31,1,7,18,26,4,10,0.4385487430149584,61.38954033403479
2819,4355,0.333,0.461,0.6042146521771024,0.7049183324882657,18,31,1,7,19,26,4,10,0.5686914805059067,54.15780948498731
2819,4356,0.484,0.539,0.43068140856523185,0.5999509513648121,18,31,1,7,20,26,4,10,0.7244149363451862,48.07745539942438
2819,4357,0.631,0.616,0.27064476543618865,0.5095326577514945,18,31,1,7,21,26,4,10,0.8818259465450083,44.310829795826834
2819,4358,0.758,0.692,0.13438222398051158,0.4300182114633372,18,31,1,7,22,26,4,10,1.0263664063091698,42.393853002440544
2819,4359,0.854,0.769,0.049152743456556625,0.36847541047491406,18,31,1,7,23,26,4,10,1.1492071179730832,42.002035800450194
2819,4360,0.92,0.847,0.012728694729501555,0.32887598874878554,18,31,1,7,24,26,4,10,1.2505234903831275,42.63428705308329
2819,4361,0.96,0.923,0.0030114427441093605,0.30966663707700615,18,31,1,7,25,26,4,10,1.3317390885605183,43.87431170126839
2819,4362,0.903,0.572,0.11152988970042255,0.3982174628404077,18,31,1,7,10,27,4,10,1.0689214190014156,32.35197185547188
2819,4363,0.859,0.55,0.15093005405021676,0.4214765536196854,18,31,1,7,11,27,4,10,1.0199906862319872,32.630598138825455
2819,4364,0.798,0.527,0.20613270139541906,0.45255233724640287,18,31,1,7,12,27,4,10,0.9563121875203725,33.44081251699098
2819,4365,0.713,0.5,0.2839756534815474,0.49524510987219417,18,31,1,7,13,27,4,10,0.8708438436367337,35.04053025428803
2819,4366,0.6,0.47,0.39315826052215175,0.5551319112550871,18,31,1,7,14,27,4,10,0.7621679604916491,38.07278187399084
2819,4367,0.455,0.437,0.5406457197798931,0.6391010707399458,18,31,1,7,15,27,4,10,0.6308676564858908,43.843964038170924
2819,4368,0.277,0.4,0.7195048259991828,0.7532195257547575,18,31,1,7,16,27,4,10,0.48654804490409786,55.29739868777157
2819,4369,0.125,0.357,0.8643813006663661,0.8751432345236749,18,31,1,7,17,27,4,10,0.37825123925771875,70.70280521197587
2819,4370,0.213,0.308,0.7609369742729413,0.8250305200952837,18,31,1,7,18,27,4,10,0.3744769685841841,55.333876585947344
2819,4371,0.364,0.384,0.5952255723099527,0.7002378237430833,18,31,1,7,19,27,4,10,0.5291049045321731,46.531607792011016
2819,4372,0.524,0.462,0.4157362722483712,0.5930007930898662,18,31,1,7,20,27,4,10,0.6985842826746105,41.40195993863867
2819,4373,0.67,0.539,0.25693878396852576,0.502629115439453,18,31,1,7,21,27,4,10,0.8598959239349842,38.815898803765435
2819,4374,0.79,0.615,0.12859355048832344,0.4249378795034996,18,31,1,7,22,27,4,10,1.0011618250812404,37.90008035536837
2819,4375,0.878,0.692,0.04841730181457404,0.3664501696076886,18,31,1,7,23,27,4,10,1.1179212852432858,38.24358471054901
2819,4376,0.936,0.769,0.013750267712817288,0.3301790116466925,18,31,1,7,24,27,4,10,1.2113863958291755,39.4058818302961
2819,4377,0.97,0.846,0.004171003945754759,0.3131063417239188,18,31,1,7,25,27,4,10,1.2870959560188198,41.093796378767806
2819,4378,0.988,0.923,9.321922875428212e-4,0.3021103209587763,18,31,1,7,26,27,4,10,1.3520624985554477,43.051914993485056
2819,4379,0.86,0.524,0.1519033206814231,0.42668659244805585,18,31,1,7,10,28,4,10,1.0070630566156222,31.354048720779264
2819,4380,0.805,0.5,0.1996550171803798,0.4538475490961881,18,31,1,7,11,28,4,10,0.9476418099683024,31.84516052865566
2819,4381,0.731,0.474,0.2646660948530247,0.48955763154791077,18,31,1,7,12,28,4,10,0.8712272952565249,32.960456796929996
2819,4382,0.634,0.444,0.3536609152631728,0.5376258292965206,18,31,1,7,13,28,4,10,0.7740103358483013,35.00414885619145
2819,4383,0.511,0.412,0.47440488507315515,0.6032724100328941,18,31,1,7,14,28,4,10,0.6564030773846203,38.87792104112117
2819,4384,0.361,0.375,0.6318602651287668,0.6922966563133148,18,31,1,7,15,28,4,10,0.5205247352431966,46.08973395228955
2819,4385,0.184,0.333,0.8180098461372078,0.8079368919764477,18,31,1,7,16,28,4,10,0.38045367654945855,61.07704285220511
2819,4386,0.107,0.286,0.8930577915877529,0.9109310753445652,18,31,1,7,17,28,4,10,0.3053604427557702,69.48787641191518
2819,4387,0.242,0.231,0.7450877595472276,0.8150544115761902,18,31,1,7,18,28,4,10,0.3345519391664021,43.66778014613036
2819,4388,0.409,0.308,0.5667363615872936,0.6875350607117607,18,31,1,7,19,28,4,10,0.5120009765615686,36.98180332291023
2819,4389,0.57,0.385,0.393283672423244,0.5818978331631274,18,31,1,7,20,28,4,10,0.6878408246098802,34.03661035367037
2819,4390,0.71,0.462,0.24118153961445354,0.4934325065312196,18,31,1,7,21,28,4,10,0.8470796892854886,33.0522233782431
2819,4391,0.819,0.539,0.12100994683107047,0.41840870647921513,18,31,1,7,22,28,4,10,0.9804498967310874,33.34970056246234
2819,4392,0.898,0.616,0.04607676126364857,0.3626260976749398,18,31,1,7,23,28,4,10,1.0889719922936494,34.44890765024834
2819,4393,0.948,0.693,0.013526430817691781,0.32933420251363965,18,31,1,7,24,28,4,10,1.1742882950962255,36.16727640038465
2819,4394,0.977,0.769,0.004368919060740217,0.3133715675172448,18,31,1,7,25,28,4,10,1.2433382484263886,38.206403058590674
2819,4395,0.991,0.847,0.0011555638821213465,0.3031520863808983,18,31,1,7,26,28,4,10,1.3036448902979676,40.52025399252299
2819,4396,0.997,0.924,1.8803223401830937e-4,0.29695422253801684,18,31,1,7,27,28,4,10,1.3593325568086714,42.82374788345546
2819,4397,0.809,0.476,0.19615268479097236,0.4558639920958265,18,31,1,7,10,29,4,10,0.9386463657842606,30.471734708180257
2819,4398,0.744,0.45,0.25160438636131666,0.48643511439917375,18,31,1,7,11,29,4,10,0.8695033064917005,31.167172646102262
2819,4399,0.659,0.421,0.32522171977821424,0.5260174301064394,18,31,1,7,12,29,4,10,0.7819987212265759,32.572342051521176
2819,4400,0.553,0.389,0.4232160670256402,0.5782477090096692,18,31,1,7,13,29,4,10,0.6761138957305937,35.123925916175594
2819,4401,0.423,0.353,0.5517501422083213,0.6477238542780777,18,31,1,7,14,29,4,10,0.550942828249901,39.84551701619952
2819,4402,0.269,0.312,0.7130225629067943,0.7387642640413398,18,31,1,7,15,29,4,10,0.4119526671839861,49.23276227642926
2819,4403,0.1,0.266,0.8967975193514852,0.8505598970019075,18,31,1,7,16,29,4,10,0.2841760018017004,69.39675892658268
2819,4404,0.127,0.214,0.8773140610766481,0.9144682061302253,18,31,1,7,17,29,4,10,0.24884734276258605,59.312651011138364
2819,4405,0.29,0.154,0.7080979864753678,0.7951881724139478,18,31,1,7,18,29,4,10,0.3283534680797509,27.969843227112953
2819,4406,0.461,0.231,0.5322355342079762,0.671348325534791,18,31,1,7,19,29,4,10,0.5156374695461919,26.614743948237454
2819,4407,0.616,0.308,0.3699671991193675,0.5691859301529592,18,31,1,7,20,29,4,10,0.6887089370699352,26.56505117707799
2819,4408,0.746,0.385,0.22540790489684526,0.48334814672032667,18,31,1,7,21,29,4,10,0.8394885347638764,27.297615789168944
2819,4409,0.845,0.462,0.11273277182003227,0.4109497014070036,18,31,1,7,22,29,4,10,0.9630519196803461,28.667437301459707
2819,4410,0.914,0.539,0.04301556765608383,0.3576617023769778,18,31,1,7,23,29,4,10,1.0610923616726302,30.528513306226294
2819,4411,0.958,0.616,0.01287592038184393,0.3271820418943291,18,31,1,7,24,29,4,10,1.138955661999184,32.741271406028304
2819,4412,0.982,0.692,0.004274248595358077,0.3124024770981727,18,31,1,7,25,29,4,10,1.2013275989504277,35.17175268713981
2819,4413,0.994,0.769,0.001163396277252371,0.30277417645254745,18,31,1,7,26,29,4,10,1.2567406255866802,37.72703619277356
2819,4414,0.998,0.847,2.1993620225535526e-4,0.2972182717720503,18,31,1,7,27,29,4,10,1.3089740257163243,40.32117995669413
2819,4415,1,0.924,2.7209670688366216e-5,0.2944394215419137,18,31,1,7,28,29,4,10,1.3615344285033706,42.73793318624221
2819,4416,0.753,0.428,0.24289872971430604,0.4848517117905644,18,31,1,7,10,30,4,10,0.866136825218741,29.613600920607528
2819,4417,0.678,0.4,0.3050657450208012,0.5182342760625567,18,31,1,7,11,30,4,10,0.7872001016260097,30.539351112712044
2819,4418,0.584,0.368,0.3857098545132007,0.5608060436538393,18,31,1,7,12,30,4,10,0.6902753073955348,32.21654605857564
2819,4419,0.47,0.333,0.4900805647178297,0.6158655349946693,18,31,1,7,13,30,4,10,0.5760112846116819,35.317977595143134
2819,4420,0.335,0.294,0.6221263947130354,0.6871444131895601,18,31,1,7,14,30,4,10,0.44571403388271275,41.270574841686525
2819,4421,0.181,0.25,0.7793229304914524,0.7769767984908083,18,31,1,7,15,30,4,10,0.3086438076488819,54.09546159002481
2819,4422,0.079,0.2,0.9254818045463773,0.8776121961794788,18,31,1,7,16,30,4,10,0.21503720608304044,68.44598007952115
2819,4423,0.176,0.143,0.8325006347173376,0.8935148582559126,18,31,1,7,17,30,4,10,0.22677080940897132,39.0938588862295
2819,4424,0.348,0.077,0.6645743354167934,0.7718807793435125,18,31,1,7,18,30,4,10,0.3564168907333096,12.476498734476209
2819,4425,0.514,0.153,0.49870084025670247,0.654077934831009,18,31,1,7,19,30,4,10,0.5362881688047947,16.576445823310916
2819,4426,0.659,0.231,0.3469325310756868,0.5559233225780789,18,31,1,7,20,30,4,10,0.6983136830966439,19.3171510665681
2819,4427,0.777,0.308,0.21044968563593303,0.47275729918110887,18,31,1,7,21,30,4,10,0.8358187602584666,21.623196127904638
2819,4428,0.866,0.384,0.10456016466398033,0.4027935032721299,18,31,1,7,22,30,4,10,0.9473183203126603,23.91336077267341
2819,4429,0.927,0.461,0.03984303998180039,0.3522266435155378,18,31,1,7,23,30,4,10,1.0353018883398215,26.44130238567153
2819,4430,0.965,0.539,0.012154935701419456,0.32452961869182473,18,31,1,7,24,30,4,10,1.1053261961973035,29.185508112727142
2819,4431,0.986,0.615,0.004111012345711318,0.3108353513112363,18,31,1,7,25,30,4,10,1.1620761592942177,31.953120357018637
2819,4432,0.995,0.692,0.0011211390006383715,0.3018747311958173,18,31,1,7,26,30,4,10,1.2119773100186322,34.81773994127248
2819,4433,0.999,0.769,2.1469858381928386e-4,0.2968336711432463,18,31,1,7,27,30,4,10,1.2606990124530122,37.58798896461457
2819,4434,1,0.847,2.855624449871197e-5,0.2943602945096243,18,31,1,7,28,30,4,10,1.3104995230827061,40.26459927013793
2819,4435,1,0.923,1.1631713913162756e-6,0.2931972745673642,18,31,1,7,29,30,4,10,1.3608559806239602,42.707010169212275
2819,4436,0.691,0.381,0.2907667723061532,0.5129187517084843,18,31,1,7,10,31,4,10,0.7890766756152408,28.871235662185214
2819,4437,0.607,0.35,0.3584545558125922,0.548457187518459,18,31,1,7,11,31,4,10,0.7006775292529367,29.9680182727972
2819,4438,0.506,0.316,0.4442913716937862,0.5930850292983029,18,31,1,7,12,31,4,10,0.5965668445363017,31.985022235410714
2819,4439,0.386,0.278,0.5522324250038013,0.6496148973931692,18,31,1,7,13,31,4,10,0.47568897401558513,35.76170706870689
2819,4440,0.248,0.235,0.683523885296044,0.7206680876686669,18,31,1,7,14,31,4,10,0.3416562600041158,43.458249791435165
2819,4441,0.111,0.188,0.8294417127037074,0.8058651218734503,18,31,1,7,15,31,4,10,0.2183231549790356,59.44131292928861
2819,4442,0.114,0.133,0.8946566771158451,0.8866429727876501,18,31,1,7,16,31,4,10,0.17517134468856488,49.398705354995535
2819,4443,0.237,0.071,0.7806888042086565,0.8646886881895695,18,31,1,7,17,31,4,10,0.24740654801358833,16.677062361500187
2819,4444,0.405,0,0.6222722947786776,0.7481885776886179,18,31,1,7,18,31,4,10,0.405,0
2819,4445,0.561,0.077,0.4678604991397519,0.6367408482731449,18,31,1,7,19,31,4,10,0.5662596577542851,7.815293546766876
2819,4446,0.695,0.154,0.32513515089711853,0.5424800132333717,18,31,1,7,20,31,4,10,0.7118574295461134,12.493887232285037
2819,4447,0.803,0.231,0.19657299405977802,0.46182608152578986,18,31,1,7,21,31,4,10,0.8355656766526496,16.049004792533196
2819,4448,0.883,0.308,0.0967268871820306,0.39430727675823374,18,31,1,7,22,31,4,10,0.9351753846204465,19.22932705692869
2819,4449,0.937,0.385,0.03671961793720191,0.34681008509363187,18,31,1,7,23,31,4,10,1.0130123395102353,22.337064779080933
2819,4450,0.97,0.462,0.011462790413830248,0.32171070643351274,18,31,1,7,24,31,4,10,1.0744040208413221,25.467930558421497
2819,4451,0.988,0.539,0.0039228327591954715,0.30898670783378523,18,31,1,7,25,31,4,10,1.1254621273059349,28.614522620114776
2819,4452,0.996,0.616,0.0010700002823642585,0.30074164405615667,18,31,1,7,26,31,4,10,1.1710986294928365,31.735709191619993
2819,4453,0.999,0.693,2.0702723455479077e-4,0.2962632275692634,18,31,1,7,27,31,4,10,1.2158330477495667,34.74880124918256
2819,4454,1,0.77,2.792191270217792e-5,0.29409188024173816,18,31,1,7,28,31,4,10,1.2621014222319853,37.596271147211986
2819,4455,1,0.847,1.1440456072486782e-6,0.29312478429677946,18,31,1,7,29,31,4,10,1.3104995230827061,40.26459927013793
2819,4456,1,0.924,5.529265600934252e-9,0.2929094865880001,18,31,1,7,30,31,4,10,1.3615344285033706,42.73793318624221
2819,4457,0.625,0.409,0.33849439066448406,0.5395083083514874,18,31,1,7,10,32,4,10,0.7469310543818619,33.20073559551122
2819,4458,0.534,0.381,0.41040058668383994,0.5765320875062749,18,31,1,7,11,32,4,10,0.655985518132832,35.50721751865424
2819,4459,0.426,0.35,0.49954226415294023,0.6222860307198659,18,31,1,7,12,32,4,10,0.5513401853665303,39.40639655088775
2819,4460,0.302,0.316,0.6083747431819184,0.6789628839393724,18,31,1,7,13,32,4,10,0.43710410659246846,46.297740676739004
2819,4461,0.164,0.278,0.7352259765588904,0.747808292578038,18,31,1,7,14,32,4,10,0.3227692674341844,59.46245288217136
2819,4462,0.127,0.235,0.8593726999307998,0.8248364269310102,18,31,1,7,15,32,4,10,0.2671216951129204,61.61208033645963
2819,4463,0.164,0.187,0.8472076509024942,0.87991500359298,18,31,1,7,16,32,4,10,0.2487267577081324,48.749064522347965
2819,4464,0.295,0.133,0.7320156052923743,0.8352858105498309,18,31,1,7,17,32,4,10,0.3235954264200902,24.268111507917148
2819,4465,0.455,0.071,0.5842365265973729,0.7252542004062512,18,31,1,7,18,32,4,10,0.46050624317157746,8.86913468949301
2819,4466,0.601,0.143,0.4401648020737986,0.6196986563328246,18,31,1,7,19,32,4,10,0.6177782773778955,13.383905105418233
2819,4467,0.725,0.214,0.3049498874428538,0.5289974248105982,18,31,1,7,20,32,4,10,0.7559239379725978,16.44514652289746
2819,4468,0.824,0.286,0.18357647672453659,0.4507307387108115,18,31,1,7,21,32,4,10,0.8722224486906995,19.141242451563176
2819,4469,0.896,0.357,0.0893430801771492,0.3858452712148115,18,31,1,7,22,32,4,10,0.9645024624126162,21.724191501413838
2819,4470,0.945,0.429,0.03372978803207849,0.34163212687649314,18,31,1,7,23,32,4,10,1.0378179031024661,24.416540533937688
2819,4471,0.974,0.5,0.010805975709491156,0.3188698742241014,18,31,1,7,24,32,4,10,1.0948406276714433,27.173561902924426
2819,4472,0.99,0.572,0.003732316507906952,0.30707882033976486,18,31,1,7,25,32,4,10,1.1433652084963928,30.01836742760908
2819,4473,0.997,0.643,0.001018712788710907,0.29961860219660785,18,31,1,7,26,32,4,10,1.1863633507488336,32.81937802754542
2819,4474,0.999,0.715,1.992686112034514e-4,0.29571064048038687,18,31,1,7,27,32,4,10,1.2285055962428497,35.591894069805875
2819,4475,1,0.786,2.713885111382819e-5,0.29382407079570816,18,31,1,7,28,32,4,10,1.2719260984821406,38.1673468344621
2819,4476,1,0.858,1.1137850957076978e-6,0.29304863769855727,18,31,1,7,29,32,4,10,1.317635761506191,40.62959351305883
2819,4477,1,0.929,5.496625044010273e-9,0.2929005097877433,18,31,1,7,30,32,4,10,1.3649325990685401,42.8920866639288
2819,4478,1,1,1.1102230246251565e-16,0.29289321881345254,18,31,1,7,31,32,4,10,1.4142135623730951,45
2819,4479,0.556,0.435,0.38506172270106787,0.5642251614393772,18,31,1,7,10,33,4,10,0.7059468818544353,38.038705770873214
2819,4480,0.458,0.409,0.4598619535489763,0.6020791405814595,18,31,1,7,11,33,4,10,0.6140399009836413,41.76527135380626
2819,4481,0.346,0.381,0.5505209344023145,0.64806767666042,18,31,1,7,12,33,4,10,0.514662025022247,47.75626565305823
2819,4482,0.226,0.35,0.6578579184779112,0.7036381883426608,18,31,1,7,13,33,4,10,0.41662453120285653,57.14909160744135
2819,4483,0.166,0.316,0.7747178088552097,0.7683857191823981,18,31,1,7,14,33,4,10,0.3569481755101152,62.2863151670565
2819,4484,0.155,0.278,0.840917311836267,0.8340551039423811,18,31,1,7,15,33,4,10,0.31829074758779907,60.85797488314563
2819,4485,0.213,0.235,0.8022008807358272,0.8636316292896148,18,31,1,7,16,33,4,10,0.3171655719021218,47.81137359452653
2819,4486,0.346,0.187,0.6886987411323112,0.807304290192646,18,31,1,7,17,33,4,10,0.39330013984233464,28.38955576647771
2819,4487,0.499,0.133,0.5502839769234529,0.7033907519081015,18,31,1,7,18,33,4,10,0.5164203714029879,14.924270392654716
2819,4488,0.636,0.2,0.41494772853064954,0.6030516659160506,18,31,1,7,19,33,4,10,0.6667053322120651,17.456558133666885
2819,4489,0.751,0.266,0.2861769529151207,0.5155633063188274,18,31,1,7,20,33,4,10,0.7967163861751558,19.503860776307313
2819,4490,0.841,0.333,0.17133384734734558,0.43966369232888214,18,31,1,7,21,33,4,10,0.904527500963901,21.601445557576117
2819,4491,0.907,0.4,0.0824335352245239,0.3776655338721129,18,31,1,7,22,33,4,10,0.9912865377881414,23.79816679616535
2819,4492,0.951,0.467,0.030934940571027858,0.3367893006244699,18,31,1,7,23,33,4,10,1.059476285718562,26.15390236621195
2819,4493,0.977,0.533,0.010187202651792404,0.31613091256534853,18,31,1,7,24,33,4,10,1.1129321632516511,28.614568362947285
2819,4494,0.991,0.6,0.003548345579649115,0.3052855679180121,18,31,1,7,25,33,4,10,1.1584821966694179,31.192768790926145
2819,4495,0.997,0.667,9.672144121631865e-4,0.2986236518796803,18,31,1,7,26,33,4,10,1.1995407454521918,33.78280049855468
2819,4496,0.999,0.733,1.9158507363248312e-4,0.2952242883112519,18,31,1,7,27,33,4,10,1.2390681982845013,36.26875333399602
2819,4497,1,0.8,2.6266537762165143e-5,0.2936011588125653,18,31,1,7,28,33,4,10,1.2806248474865698,38.659808254090095
2819,4498,1,0.867,1.0835148809285045e-6,0.2929971173341298,18,31,1,7,29,33,4,10,1.323513883569039,40.92528797789907
2819,4499,1,0.934,5.42405986792005e-9,0.29289680608873925,18,31,1,7,30,33,4,10,1.3683406008739198,43.045473375173806
2819,4500,1,1,0,0.2928932188134524,18,31,1,7,31,33,4,10,1.4142135623730951,45
2819,4502,0.485,0.458,0.4296434753022953,0.5868121408505387,18,31,1,7,10,34,4,10,0.6670749583067858,43.35995385088492
2819,4503,0.384,0.435,0.505988974418375,0.6248756585453092,18,31,1,7,11,34,4,10,0.5802421908134568,48.56326806290617
2819,4504,0.28,0.409,0.5960843365896078,0.6702656912401151,18,31,1,7,12,34,4,10,0.49566218334668216,55.60459197455325
2819,4505,0.206,0.381,0.6970795553602176,0.7235696331602961,18,31,1,7,13,34,4,10,0.4331246933620848,61.600690214749974
2819,4506,0.182,0.35,0.7862539942392577,0.782510055956443,18,31,1,7,14,34,4,10,0.39449207850095036,62.52556837372287
2819,4507,0.186,0.316,0.8131872368993115,0.8346891426143814,18,31,1,7,15,34,4,10,0.36667696955222046,59.518610009176065
2819,4508,0.259,0.278,0.7608380086000586,0.8430829934793262,18,31,1,7,16,34,4,10,0.3799539445774975,47.02637966875887
2819,4509,0.392,0.235,0.6500573418641408,0.781115565333723,18,31,1,7,17,34,4,10,0.4570437615808797,30.942257178668648
2819,4510,0.537,0.188,0.5197066777162097,0.6825988665058547,18,31,1,7,18,34,4,10,0.5689578191746731,19.294798689276796
2819,4511,0.666,0.25,0.3914344685683234,0.5868161584158065,18,31,1,7,19,34,4,10,0.7113761311711267,20.574898716603908
2819,4512,0.773,0.312,0.2685586211430804,0.5022666834391036,18,31,1,7,20,34,4,10,0.833590427008372,21.98009924187023
2819,4513,0.856,0.375,0.15962681821416136,0.42881266116570627,18,31,1,7,21,34,4,10,0.9345378537009617,23.65746217397495
2819,4514,0.916,0.437,0.0759233365302735,0.3699385031839847,18,31,1,7,22,34,4,10,1.014901473050463,25.504606947974192
2819,4515,0.956,0.5,0.02837062767987053,0.3323357129043879,18,31,1,7,23,34,4,10,1.0788586561732727,27.61013190297003
2819,4516,0.98,0.563,0.009595625436528032,0.3135878197373929,18,31,1,7,24,34,4,10,1.1302075030718917,29.876927965020066
2819,4517,0.992,0.625,0.003365750738972828,0.30368568728198364,18,31,1,7,25,34,4,10,1.1724713216108955,32.2125815798382
2819,4518,0.998,0.688,9.196327313206742e-4,0.2977722671483394,18,31,1,7,26,34,4,10,1.2121666552087629,34.58155461812813
2819,4519,0.999,0.75,1.8395802874149325e-4,0.2948118864874818,18,31,1,7,27,34,4,10,1.2492001440922107,36.89741723042958
2819,4520,1,0.813,2.5419851662822346e-5,0.2934319929485585,18,31,1,7,28,34,4,10,1.2887858627405873,39.111110804715416
2819,4521,1,0.875,1.054542680622994e-6,0.29296478832139683,18,31,1,7,29,34,4,10,1.3287682265918312,41.18592516570965
2819,4522,1,0.938,5.35088884312529e-9,0.29289526653434217,18,31,1,7,30,34,4,10,1.3710740315533658,43.16763304046667
2819,4523,1,1,0,0.2928932188134524,18,31,1,7,31,34,4,10,1.4142135623730951,45
2819,4526,0.417,0.48,0.47124890205046277,0.6071228687639119,18,31,1,7,10,35,4,10,0.63583724332568,49.017521043659286
2819,4527,0.325,0.458,0.547191710031119,0.6448202891161107,18,31,1,7,11,35,4,10,0.5615950498357335,54.6402220074162
2819,4528,0.25,0.435,0.6331189493490601,0.688848690469114,18,31,1,7,12,35,4,10,0.5017220345968473,60.113473059575966
2819,4529,0.212,0.409,0.7199294478557149,0.7388449148688296,18,31,1,7,13,35,4,10,0.4606788469204984,62.60060324737521
2819,4530,0.199,0.381,0.7798441248745968,0.7905893404768154,18,31,1,7,14,35,4,10,0.42983950493178263,62.421497554448365
2819,4531,0.218,0.35,0.7833851863767675,0.8286690391747249,18,31,1,7,15,35,4,10,0.4123396658096332,58.0829906748111
2819,4532,0.301,0.316,0.722919831866806,0.8211432546831056,18,31,1,7,16,35,4,10,0.436413794465757,46.392653863943515
2819,4533,0.433,0.278,0.6152523105901355,0.7566283731088648,18,31,1,7,17,35,4,10,0.5145609779219563,32.7017747465337
2819,4534,0.571,0.235,0.49181580630521315,0.6627834493076847,18,31,1,7,18,35,4,10,0.6174674080467729,22.370040658210407
2819,4535,0.692,0.294,0.36934338504653785,0.5709947520078036,18,31,1,7,19,35,4,10,0.7518643494673756,23.018478632039034
2819,4536,0.792,0.353,0.25192963977748817,0.48920634180667066,18,31,1,7,20,35,4,10,0.8671061065406009,24.022870921266087
2819,4537,0.869,0.412,0.14831483358291686,0.4183404370779612,18,31,1,7,21,35,4,10,0.9617198136671615,25.366012256332535
2819,4538,0.924,0.47,0.06981999294605612,0.36276293631532286,18,31,1,7,22,35,4,10,1.0366658092172232,26.960529138047672
2819,4539,0.961,0.529,0.025992032211997418,0.3282934636173931,18,31,1,7,23,35,4,10,1.0969785777306682,28.83138809551951
2819,4540,0.982,0.588,0.009017050352632672,0.31128516674236517,18,31,1,7,24,35,4,10,1.1445820197783991,30.91224700488394
2819,4541,0.993,0.647,0.00318842415177345,0.30229085051117466,18,31,1,7,25,35,4,10,1.1851826863399584,33.086694072475595
2819,4542,0.998,0.706,8.739488460228761e-4,0.2970513833545203,18,31,1,7,26,35,4,10,1.2224729035851878,35.27615455906439
2819,4543,1,0.765,1.7616302237366543e-4,0.2944723651066148,18,31,1,7,27,35,4,10,1.2590571869458511,37.41598861857788
2819,4544,1,0.824,2.4544709624430006e-5,0.2933087104116604,18,31,1,7,28,35,4,10,1.2957530628943155,39.48852258397938
2819,4545,1,0.883,1.0275258304215384e-6,0.29294456472590835,18,31,1,7,29,35,4,10,1.3340498491435768,41.4445038973404
2819,4546,1,0.942,5.2697316510474934e-9,0.29289451747885087,18,31,1,7,30,35,4,10,1.3738136700440857,43.289306039103366
2819,4547,1,1,0,0.2928932188134524,18,31,1,7,31,35,4,10,1.4142135623730951,45
2819,4579,1,1,0,0.2928932188134524,18,31,1,7,10,18,7,10,1.4142135623730951,45
2819,4580,1,1,0,0.2928932188134524,18,31,1,7,11,18,7,10,1.4142135623730951,45
2819,4581,1,1,0,0.2928932188134524,18,31,1,7,12,18,7,10,1.4142135623730951,45
2819,4582,1,1,0,0.2928932188134524,18,31,1,7,13,18,7,10,1.4142135623730951,45
2819,4583,1,1,0,0.2928932188134524,18,31,1,7,14,18,7,10,1.4142135623730951,45
2819,4584,1,1,0,0.2928932188134524,18,31,1,7,15,18,7,10,1.4142135623730951,45
2819,4585,1,1,0,0.2928932188134524,18,31,1,7,16,18,7,10,1.4142135623730951,45
2819,4586,1,1,0,0.2928932188134524,18,31,1,7,17,18,7,10,1.4142135623730951,45
2819,4587,1,0.953,9.861317404880054e-7,0.2929365517970053,18,31,1,7,10,19,7,10,1.3813793830805496,43.62141221053497
2819,4588,1,0.95,2.8519074265487276e-6,0.29296739467039346,18,31,1,7,11,19,7,10,1.379311422413372,43.53119928561418
2819,4589,1,0.948,9.410552260780136e-6,0.2930291383714203,18,31,1,7,12,19,7,10,1.3779346864057092,43.470907000688804
2819,4590,1,0.945,3.774704185743882e-5,0.29316876039940154,18,31,1,7,13,19,7,10,1.3758724504836921,43.38024250274473
2819,4591,1,0.942,1.9422665732515831e-4,0.29353404942851513,18,31,1,7,14,19,7,10,1.3738136700440857,43.289306039103366
2819,4592,0.999,0.938,0.0012761132750157556,0.2946691233112625,18,31,1,7,15,19,7,10,1.3703448471096609,43.19623756362995
2819,4593,0.993,0.934,0.008564550954380246,0.2991550739087403,18,31,1,7,16,19,7,10,1.3632332889127965,43.24629202454297
2819,4594,0.937,0.929,0.03471604383775995,0.32210172787988056,18,31,1,7,17,19,7,10,1.3194733797996836,44.75436043525931
2819,4595,0.621,0.924,0.08105323093366645,0.39369906323228143,18,31,1,7,18,19,7,10,1.1132910670619791,56.09582368174987
2819,4596,1,0.905,2.872544839671587e-4,0.29429663825504315,18,31,1,7,10,20,7,10,1.348712348872064,42.14509520315724
2819,4597,1,0.9,6.673720858446641e-4,0.2950683819266845,18,31,1,7,11,20,7,10,1.3453624047073711,41.98721249581666
2819,4598,0.999,0.895,0.0016689863456089693,0.29643327917796614,18,31,1,7,12,20,7,10,1.3412777490139767,41.85703112049663
2819,4599,0.997,0.889,0.004547672013825554,0.2990522109823981,18,31,1,7,13,20,7,10,1.3357881568572167,41.72259083389258
2819,4600,0.991,0.883,0.012915195304859517,0.30448555249437237,18,31,1,7,14,20,7,10,1.3273168423552832,41.70165041070847
2819,4601,0.969,0.875,0.034313556702458836,0.31667122898522726,18,31,1,7,15,20,7,10,1.3055979473023078,42.08180834529873
2819,4602,0.906,0.867,0.07709414670438852,0.3457910710503157,18,31,1,7,16,20,7,10,1.2540035885116119,43.73988995405828
2819,4603,0.739,0.858,0.14178643997649865,0.4127945158062828,18,31,1,7,17,20,7,10,1.1323802364930253,49.26150308009911
2819,4604,0.462,0.847,0.20740351199870233,0.4750749696957468,18,31,1,7,18,20,7,10,0.9648072346329084,61.38954033403479
2819,4605,0.461,0.923,0.138013812790309,0.432630509016941,18,31,1,7,19,20,7,10,1.0317218617437551,63.45978444317543
2819,4606,0.998,0.858,0.004117778748026879,0.3007348267491572,18,31,1,7,10,21,7,10,1.3161185356950187,40.68628914597143
2819,4607,0.995,0.85,0.007940199889314159,0.3041888322673276,18,31,1,7,11,21,7,10,1.3086347848043776,40.50631623301672
2819,4608,0.989,0.843,0.015763381138485633,0.30976316167492046,18,31,1,7,12,21,7,10,1.2995268369679789,40.44348177942299
2819,4609,0.975,0.834,0.031644642090341235,0.31924628842333236,18,31,1,7,13,21,7,10,1.2830358529674843,40.54317061775787
2819,4610,0.944,0.824,0.06179994326902116,0.33604423010700435,18,31,1,7,14,21,7,10,1.2530411006826552,41.117101439636315
2819,4611,0.881,0.813,0.11252500175398317,0.3667042305468078,18,31,1,7,15,21,7,10,1.1988035702315871,42.70128550465777
2819,4612,0.758,0.8,0.1862830561041945,0.4225628262001916,18,31,1,7,16,21,7,10,1.1020725928903232,46.54418489496873
2819,4613,0.533,0.786,0.2815239950223404,0.5109190733637946,18,31,1,7,17,21,7,10,0.9496762606277994,55.85813516575537
2819,4614,0.387,0.77,0.338038200142489,0.551092978243477,18,31,1,7,18,21,7,10,0.8617824551474693,63.316016394855104
2819,4615,0.422,0.847,0.2647096326964933,0.5088421881584619,18,31,1,7,19,21,7,10,0.9463049191460435,63.5161809700727
2819,4616,0.475,0.924,0.14858453639892055,0.4390854890272824,18,31,1,7,20,21,7,10,1.0389422505606363,62.79369696440135
2819,4617,0.987,0.81,0.018708416313352405,0.3155176743529431,18,31,1,7,10,22,7,10,1.2768198776648179,39.37465428110047
2819,4618,0.976,0.8,0.031233179534738365,0.32377086521167386,18,31,1,7,11,22,7,10,1.261973058349504,39.34051815983752
2819,4619,0.956,0.79,0.0524064549713652,0.3362226478748114,18,31,1,7,12,22,7,10,1.2401757939905131,39.56895967865623
2819,4620,0.92,0.778,0.08740868056447504,0.3556653731887367,18,31,1,7,13,22,7,10,1.204858497915834,40.21960352482702
2819,4621,0.858,0.765,0.1418544058648874,0.38667227885383293,18,31,1,7,14,22,7,10,1.149516855030843,41.72046394621106
2819,4622,0.755,0.75,0.22012665994455127,0.436521511073913,18,31,1,7,15,22,7,10,1.0642015786494587,44.80964927337025
2819,4623,0.594,0.733,0.32265477558202327,0.5138618790123771,18,31,1,7,16,22,7,10,0.943464360747135,50.979786034027576
2819,4624,0.35,0.715,0.43650596139030706,0.6065698766714818,18,31,1,7,17,22,7,10,0.7960684643923536,63.91776699686532
2819,4625,0.344,0.693,0.45783015415895334,0.6210843792001381,18,31,1,7,18,22,7,10,0.7736827515202855,63.60054310032484
2819,4626,0.392,0.769,0.3670796217067752,0.568170674632382,18,31,1,7,19,22,7,10,0.8631483070712703,62.98965380283686
2819,4627,0.466,0.847,0.24590671948207665,0.4977316467307973,18,31,1,7,20,22,7,10,0.9667290209774402,61.181416565307536
2819,4628,0.56,0.924,0.1203604676895833,0.42125265772066145,18,31,1,7,21,22,7,10,1.0804517573681853,58.781597235653635
2819,4629,0.961,0.762,0.04873886475143108,0.3397350589492836,18,31,1,7,10,23,7,10,1.2264440468280646,38.411744541949275
2819,4630,0.936,0.75,0.07349447913235674,0.35431595926906045,18,31,1,7,11,23,7,10,1.1994148573366932,38.70457057272777
2819,4631,0.897,0.737,0.11099950791611413,0.3752587645711002,18,31,1,7,12,23,7,10,1.1609384135258856,39.4074707259088
2819,4632,0.836,0.722,0.16650040681999456,0.406042402487094,18,31,1,7,13,23,7,10,1.1046175808848961,40.81508387488159
2819,4633,0.745,0.706,0.24532101283772756,0.45176161610865617,18,31,1,7,14,23,7,10,1.0263824823134893,43.46037385432429
2819,4634,0.615,0.688,0.3504803675764817,0.5191280510671628,18,31,1,7,15,23,7,10,0.9228049631422666,48.206618640658185
2819,4635,0.434,0.667,0.47317534804822825,0.6110253091894842,18,31,1,7,16,23,7,10,0.7957669256761053,56.94896660409288
2819,4636,0.271,0.643,0.5918236527949857,0.6935517958598026,18,31,1,7,17,23,7,10,0.6977750353803152,67.14643071008882
2819,4637,0.31,0.616,0.5452987422854121,0.6788612283584146,18,31,1,7,18,23,7,10,0.6896056844313277,63.28632197208166
2819,4638,0.38,0.692,0.44361263375324567,0.6136588857170777,18,31,1,7,19,23,7,10,0.7894707087663227,61.2273610435155
2819,4639,0.477,0.769,0.31462682051634816,0.5376040148279666,18,31,1,7,20,23,7,10,0.9049254112908975,58.189248537809476
2819,4640,0.586,0.847,0.19076116833526247,0.46478425510751853,18,31,1,7,21,23,7,10,1.0299538824627053,55.32243804927346
2819,4641,0.692,0.923,0.07721618175132139,0.39085127196679814,18,31,1,7,22,23,7,10,1.1536000173370318,53.140035741628076
2819,4642,0.916,0.714,0.09433986389598903,0.37283931454541686,18,31,1,7,10,24,7,10,1.1614008782500553,37.935559139265855
2819,4643,0.874,0.7,0.13300650742682463,0.3946172141042884,18,31,1,7,11,24,7,10,1.1197660469937458,38.691772423445194
2819,4644,0.815,0.684,0.18777583235929785,0.4247692596818259,18,31,1,7,12,24,7,10,1.0639929511044703,40.005519450959795
2819,4645,0.732,0.667,0.2641590870171727,0.4671528415324011,18,31,1,7,13,24,7,10,0.9903095475658104,42.339850384900686
2819,4646,0.62,0.647,0.36702088104255903,0.5268042468472305,18,31,1,7,14,24,7,10,0.8961076944207097,46.22079868683976
2819,4647,0.472,0.625,0.49384353973616213,0.6085992990403021,18,31,1,7,15,24,7,10,0.783204315616302,52.93989745183235
2819,4648,0.285,0.6,0.6239843252813546,0.7071654605763361,18,31,1,7,16,24,7,10,0.6642476947645358,64.59228189105153
2819,4649,0.23,0.572,0.6939560163494437,0.7676903422596713,18,31,1,7,17,24,7,10,0.616509529528944,68.09504403689685
2819,4650,0.295,0.539,0.6070710734939679,0.7204773940991895,18,31,1,7,18,24,7,10,0.6144477195010166,61.307678644751874
2819,4651,0.394,0.615,0.4863438103849711,0.6392232225221547,18,31,1,7,19,24,7,10,0.7303841455015299,57.354327769044566
2819,4652,0.508,0.692,0.34677870268546274,0.5559162394478827,18,31,1,7,20,24,7,10,0.8584451059910587,53.717456964599656
2819,4653,0.624,0.769,0.21831224361921364,0.4812100358732543,18,31,1,7,21,24,7,10,0.9903216649149911,50.942624510763174
2819,4654,0.73,0.846,0.10598522331356375,0.41139415861672457,18,31,1,7,22,24,7,10,1.1174148737152194,49.20961105965177
2819,4655,0.818,0.923,0.032684458612270095,0.35280564644877377,18,31,1,7,23,24,7,10,1.233309774549768,48.451337522040774
2819,4656,0.853,0.667,0.15371269079355465,0.41335471448605576,18,31,1,7,10,25,7,10,1.082819467870799,38.02349011785877
2819,4657,0.795,0.65,0.2068236012093706,0.4426182027401854,18,31,1,7,11,25,7,10,1.026900676794012,39.26977829885815
2819,4658,0.717,0.632,0.27897398754789526,0.4819513206402338,18,31,1,7,12,25,7,10,0.9557787400858003,41.39458013326302
2819,4659,0.617,0.611,0.3756296803098007,0.5352432242952223,18,31,1,7,13,25,7,10,0.8683374919926008,44.72005542224663
2819,4660,0.49,0.588,0.49954413694753386,0.6068326337814274,18,31,1,7,14,25,7,10,0.7654044682388521,50.19442890773481
2819,4661,0.335,0.563,0.6393827861003281,0.6986325841066543,18,31,1,7,15,25,7,10,0.6551289949315325,59.24622706003475
2819,4662,0.183,0.533,0.7614459462001235,0.7950657040185669,18,31,1,7,16,25,7,10,0.563540593036562,71.05062478045762
2819,4663,0.212,0.5,0.7450857257078523,0.8179247149541633,18,31,1,7,17,25,7,10,0.5430874699346322,67.02305549681125
2819,4664,0.311,0.462,0.6284644787699901,0.7360413003489952,18,31,1,7,18,25,7,10,0.5569245909456684,56.05313040100213
2819,4665,0.431,0.539,0.48955062653320347,0.64201425805019,18,31,1,7,19,25,7,10,0.690131871456463,51.353157525166544
2819,4666,0.555,0.616,0.3461512382107492,0.5556832434417677,18,31,1,7,20,25,7,10,0.8291447400785945,47.98196951727827
2819,4667,0.672,0.693,0.21399321841072472,0.4791821399762929,18,31,1,7,21,25,7,10,0.9653149745031411,45.88140399658214
2819,4668,0.772,0.769,0.1075834024810669,0.41187486995622324,18,31,1,7,22,25,7,10,1.089653614686796,44.88845741635969
2819,4669,0.852,0.847,0.03917721406178287,0.35869442636994286,18,31,1,7,23,25,7,10,1.2013796235994683,44.83138430221702
2819,4670,0.91,0.924,0.008716230331371033,0.3215508101938205,18,31,1,7,24,25,7,10,1.2968716204775244,45.43736386752073
2819,4671,0.774,0.619,0.22429272940899914,0.4591612731231265,18,31,1,7,10,26,7,10,0.9910787052499918,38.65077960942592
2819,4672,0.701,0.6,0.29155497766935967,0.4955956901321784,18,31,1,7,11,26,7,10,0.9227139318336967,40.56088385153146
2819,4673,0.609,0.579,0.37997743234110215,0.5432705662126187,18,31,1,7,12,26,7,10,0.840310656840671,43.553444313426084
2819,4674,0.496,0.556,0.49416576113756305,0.6056870535297172,18,31,1,7,13,26,7,10,0.7450852300240558,48.26428372401853
2819,4675,0.361,0.529,0.6341576439894652,0.6858264918124397,18,31,1,7,14,26,7,10,0.6404389119970773,55.68960396842729
2819,4676,0.204,0.5,0.777050277574566,0.7816370262824509,18,31,1,7,15,26,7,10,0.5400148146115993,67.80454047132105
2819,4677,0.144,0.467,0.8465563559851353,0.862394511453429,18,31,1,7,16,26,7,10,0.4886972477925367,72.86279185381699
2819,4678,0.229,0.429,0.7492503127801527,0.8299979983397898,18,31,1,7,17,26,7,10,0.4862941496666395,61.90672108023582
2819,4679,0.354,0.385,0.6112990031143992,0.7260462906793743,18,31,1,7,18,26,7,10,0.5230114721495122,47.40206824325551
2819,4680,0.485,0.461,0.4614016320734776,0.628216125589043,18,31,1,7,19,26,7,10,0.6691382517835907,43.54671902615045
2819,4681,0.611,0.539,0.3221758302356057,0.5426209210713564,18,31,1,7,20,26,7,10,0.814764996793554,41.41746209757853
2819,4682,0.722,0.616,0.19403461201386607,0.4674407447384632,18,31,1,7,21,26,7,10,0.9490732321586148,40.47033309132906
2819,4683,0.813,0.692,0.09695943383365091,0.4032905171637202,18,31,1,7,22,26,7,10,1.0676296174235707,40.403382549544204
2819,4684,0.883,0.769,0.037638979911752246,0.35542476177235405,18,31,1,7,23,26,7,10,1.1709184429327262,41.052433191791756
2819,4685,0.932,0.847,0.010800409878413575,0.3250073536576611,18,31,1,7,24,26,7,10,1.2593780210881877,42.26450797110452
2819,4686,0.964,0.923,0.002850389381134355,0.3088765216631335,18,31,1,7,25,26,7,10,1.3346254156129351,43.755295496016345
2819,4687,0.685,0.572,0.3028700108584853,0.5076970811007266,18,31,1,7,10,27,7,10,0.8924175031900707,39.86311346267383
2819,4688,0.599,0.55,0.38283050211060343,0.550343449758369,18,31,1,7,11,27,7,10,0.813204156408463,42.55805649253388
2819,4689,0.496,0.527,0.4845393594117112,0.6046594710094642,18,31,1,7,12,27,7,10,0.7237022868555827,46.73570458892839
2819,4690,0.375,0.5,0.6109765371619802,0.6732950287853914,18,31,1,7,13,27,7,10,0.625,53.13010235415598
2819,4691,0.237,0.47,0.7612502479834574,0.7571620698777461,18,31,1,7,14,27,7,10,0.5263734415792651,63.24023154532323
2819,4692,0.118,0.437,0.8868866191733117,0.8481192419503043,18,31,1,7,15,27,7,10,0.4526510797512804,74.8892028544649
2819,4693,0.158,0.4,0.8437278369397401,0.8883084665583104,18,31,1,7,16,27,7,10,0.4300744121660809,68.44598007952115
2819,4694,0.279,0.357,0.7129717088833782,0.8088174777765484,18,31,1,7,17,27,7,10,0.4530893951528771,51.99192534666779
2819,4695,0.416,0.308,0.5645332673785457,0.7013030400590168,18,31,1,7,18,27,7,10,0.5176098917138273,36.515677865029595
2819,4696,0.549,0.384,0.41950540090133825,0.6063713912238969,18,31,1,7,19,27,7,10,0.6699679096792622,34.97100193849154
2819,4697,0.668,0.462,0.2882262763740433,0.5242309394442337,18,31,1,7,20,27,7,10,0.8121994828858241,34.66838397415064
2819,4698,0.77,0.539,0.17221946683404377,0.4525658151842098,18,31,1,7,21,27,7,10,0.9399047824114951,34.99202019855867
2819,4699,0.85,0.615,0.08511137332586716,0.3929908876100471,18,31,1,7,22,27,7,10,1.0491544214270843,35.88684442492457
2819,4700,0.909,0.692,0.03359645649958831,0.3495024819900746,18,31,1,7,23,27,7,10,1.142429428892656,37.28115230577169
2819,4701,0.95,0.769,0.010848204961514063,0.32445128741844276,18,31,1,7,24,27,7,10,1.222236065578168,38.989259016024064
2819,4702,0.975,0.846,0.003658625362752743,0.31096100728220455,18,31,1,7,25,27,7,10,1.2908683124161038,40.94792482696101
2819,4703,0.989,0.923,8.659963722491559e-4,0.3014184104805445,18,31,1,7,26,27,7,10,1.3527934062524107,43.02300179704078
2819,4704,0.587,0.524,0.3854322900944511,0.5562882572368049,18,31,1,7,10,28,7,10,0.7868576745511224,41.754480116345455
2819,4705,0.491,0.5,0.4751832236984027,0.6036054585095577,18,31,1,7,11,28,7,10,0.7007717174658236,45.52033081675963
2819,4706,0.381,0.474,0.5850970771685515,0.6621264850330679,18,31,1,7,12,28,7,10,0.6081422530954415,51.207767221662024
2819,4707,0.256,0.444,0.7149753221966839,0.7331308952879643,18,31,1,7,13,28,7,10,0.5125153656233148,60.0332581293883
2819,4708,0.127,0.412,0.8541195838832076,0.8142253690940391,18,31,1,7,14,28,7,10,0.43112991081575397,72.86795873157122
2819,4709,0.117,0.375,0.8937829243397991,0.8849646488862198,18,31,1,7,15,28,7,10,0.3928282067265537,72.67207822275877
2819,4710,0.213,0.333,0.793511665542989,0.8687008133754458,18,31,1,7,16,28,7,10,0.3952948266800364,57.395406833758464
2819,4711,0.349,0.286,0.652663652848062,0.7739934852618535,18,31,1,7,17,28,7,10,0.4512172425783394,39.334078442029
2819,4712,0.487,0.231,0.5102331018304016,0.6720189783979901,18,31,1,7,18,28,7,10,0.5390083487294052,25.376512567869177
2819,4713,0.613,0.308,0.3779407912037174,0.5826488991654306,18,31,1,7,19,28,7,10,0.6860269673999704,26.67710275426404
2819,4714,0.722,0.385,0.2558764679245701,0.5049755748667173,18,31,1,7,20,28,7,10,0.8182352962320801,28.068367900668605
2819,4715,0.812,0.462,0.15177154981675756,0.43729308958921087,18,31,1,7,21,28,7,10,0.9342312347593609,29.638383688151343
2819,4716,0.881,0.539,0.07362909008450647,0.3817910221730566,18,31,1,7,22,28,7,10,1.0328029821800477,31.458493577435057
2819,4717,0.931,0.616,0.028600293959566536,0.3427685350469758,18,31,1,7,23,28,7,10,1.1163408977548033,33.490778661791005
2819,4718,0.963,0.693,0.009881629590207774,0.32166246273785903,18,31,1,7,24,28,7,10,1.1864307817989215,35.73977846882852
2819,4719,0.983,0.769,0.003532413158566783,0.3099759783449433,18,31,1,7,25,28,7,10,1.2480584922190145,38.03603952911941
2819,4720,0.993,0.847,9.811527606417014e-4,0.3016700253901179,18,31,1,7,26,28,7,10,1.3051658898392955,40.463209845792576
2819,4721,0.998,0.924,1.7357668422635086e-4,0.2965913428204334,18,31,1,7,27,28,7,10,1.3600661748606204,42.79511211360156
2819,4722,0.484,0.476,0.4675103589086549,0.6025044091392736,18,31,1,7,10,29,7,10,0.678846079755934,44.52254622269042
2819,4723,0.381,0.45,0.5628982924660022,0.6525340713755646,18,31,1,7,11,29,7,10,0.5896278487317234,49.74652314342764
2819,4724,0.266,0.421,0.6743102898813766,0.7123148474093443,18,31,1,7,12,29,7,10,0.49799297183795677,57.71411606806859
2819,4725,0.145,0.389,0.7957551821462686,0.7810245492173667,18,31,1,7,13,29,7,10,0.4151457575358322,69.55702778180085
2819,4726,0.112,0.353,0.8939976190455898,0.8504396596886906,18,31,1,7,14,29,7,10,0.3703417340781349,72.39678459492136
2819,4727,0.17,0.312,0.8408976190536258,0.8831557726121096,18,31,1,7,15,29,7,10,0.35530831681794334,61.41527967619953
2819,4728,0.289,0.266,0.7246888757236007,0.8308744970175242,18,31,1,7,16,29,7,10,0.3927811095253946,42.62693818018174
2819,4729,0.425,0.214,0.5909002973191049,0.737528172753454,18,31,1,7,17,29,7,10,0.47583715701907936,26.726598999491742
2819,4730,0.555,0.154,0.4607345182012059,0.6430080174198098,18,31,1,7,18,29,7,10,0.5759696172542438,15.508136337452646
2819,4731,0.671,0.231,0.33919844566105006,0.559362575682729,18,31,1,7,19,29,7,10,0.7096492091167298,18.996654155488557
2819,4732,0.768,0.308,0.22676998375722734,0.48585275152609353,18,31,1,7,20,29,7,10,0.8274587603016841,21.85284194965824
2819,4733,0.846,0.385,0.1324492221035507,0.42168932548552396,18,31,1,7,21,29,7,10,0.9294842656010912,24.46946264958569
2819,4734,0.905,0.462,0.06287755619677604,0.3700941097559789,18,31,1,7,22,29,7,10,1.0161048174278084,27.04418605142076
2819,4735,0.946,0.539,0.024002539865259576,0.3359652826012127,18,31,1,7,23,29,7,10,1.0887777550997264,29.67308211207783
2819,4736,0.973,0.616,0.008735801060784754,0.31820492321050875,18,31,1,7,24,29,7,10,1.1516010593951362,32.337635937142565
2819,4737,0.988,0.692,0.003185808246536359,0.3078328005456459,18,31,1,7,25,29,7,10,1.2062371242836127,35.007585473783756
2819,4738,0.995,0.769,9.013129929089647e-4,0.3006424285946522,18,31,1,7,26,29,7,10,1.2575317093417566,37.6991567306859
2819,4739,0.999,0.847,1.860736847865141e-4,0.296471729528309,18,31,1,7,27,29,7,10,1.3097366147435903,40.29287313802627
2819,4740,1,0.924,2.547342735625957e-5,0.2942658829277509,18,31,1,7,28,29,7,10,1.3615344285033706,42.73793318624221
2819,4741,0.378,0.428,0.5449689800504396,0.6443916211558437,18,31,1,7,10,30,7,10,0.5710236422425958,48.54977986762331
2819,4742,0.271,0.4,0.6413104294767709,0.694937392203125,18,31,1,7,11,30,7,10,0.4831573242744024,55.88235996718681
2819,4743,0.161,0.368,0.7474662971604762,0.7527012494573757,18,31,1,7,12,30,7,10,0.4016777315211785,66.37062226934319
2819,4744,0.132,0.333,0.8526453531038538,0.813691928727555,18,31,1,7,13,30,7,10,0.3582080401107714,68.37680387209537
2819,4745,0.156,0.294,0.8509015392781525,0.861501417592808,18,31,1,7,14,30,7,10,0.3328242779606079,62.049030972109826
2819,4746,0.243,0.25,0.772800314277496,0.8564621223350429,18,31,1,7,15,30,7,10,0.3486387815490411,45.81347567381289
2819,4747,0.366,0.2,0.6590220651779091,0.7913248274708554,18,31,1,7,16,30,7,10,0.41708032799450034,28.654314061927188
2819,4748,0.496,0.143,0.5358746458391768,0.703154622801476,18,31,1,7,17,30,7,10,0.5162024796530911,16.082612779518087
2819,4749,0.616,0.077,0.4170584699532419,0.6154801499682878,18,31,1,7,18,30,7,10,0.6207938466189884,7.125016348901798
2819,4750,0.72,0.153,0.3041150233305274,0.5367792797091457,18,31,1,7,19,30,7,10,0.7360767623013241,11.996899307923579
2819,4751,0.806,0.231,0.20085219430958234,0.46681132798130076,18,31,1,7,20,30,7,10,0.8384491636348623,15.992328868401781
2819,4752,0.873,0.308,0.11454376565102908,0.406033813429141,18,31,1,7,21,30,7,10,0.9257391641277795,19.43316853549972
2819,4753,0.923,0.384,0.05332369910656698,0.35894379071651816,18,31,1,7,22,30,7,10,0.9996924527073314,22.589003881727294
2819,4754,0.958,0.461,0.02008287908235451,0.32973467591386973,18,31,1,7,23,30,7,10,1.063148625545836,25.6973648593091
2819,4755,0.979,0.539,0.007614235544193049,0.3146125532988404,18,31,1,7,24,30,7,10,1.1175696846282115,28.835500847743084
2819,4756,0.991,0.615,0.002826463752945485,0.3053514517367548,18,31,1,7,25,30,7,10,1.1663215680077257,31.823128775718203
2819,4757,0.997,0.692,7.914672578479554e-4,0.2992165596306222,18,31,1,7,26,30,7,10,1.2136197921919367,34.76382841255804
2819,4758,0.999,0.769,1.6531206793279907e-4,0.2957997789681428,18,31,1,7,27,30,7,10,1.2606990124530122,37.58798896461457
2819,4759,1,0.847,2.410219412918302e-5,0.2940006611968595,18,31,1,7,28,30,7,10,1.3104995230827061,40.26459927013793
2819,4760,1,0.923,1.0498275291315196e-6,0.2931411850613487,18,31,1,7,29,30,7,10,1.3608559806239602,42.707010169212275
2819,4761,0.271,0.381,0.6147969612405075,0.6805422459335473,18,31,1,7,10,31,7,10,0.46754892792091823,54.57628681061606
2819,4762,0.185,0.35,0.7078623898791407,0.7293043639403252,18,31,1,7,11,31,7,10,0.3958850843363513,62.14034930475773
2819,4763,0.163,0.316,0.8035884772974218,0.781600747771733,18,31,1,7,12,31,7,10,0.3555629339512205,62.71428520040436
2819,4764,0.166,0.278,0.8323447701748964,0.8294147055193147,18,31,1,7,13,31,7,10,0.32379005543716133,59.15763264967725
2819,4765,0.218,0.235,0.7929562341962205,0.8511227860081283,18,31,1,7,14,31,7,10,0.3205448486561592,47.149164215862875
2819,4766,0.315,0.188,0.7092368712849384,0.8222962835581041,18,31,1,7,15,31,7,10,0.366836475830853,30.82982554760216
2819,4767,0.436,0.133,0.6014589448654084,0.7542040341446148,18,31,1,7,16,31,7,10,0.45583439975499873,16.964110418106966
2819,4768,0.557,0.071,0.48818586576737466,0.6713584766412197,18,31,1,7,17,31,7,10,0.5615069011152045,7.264237098682615
2819,4769,0.666,0,0.37806753077245947,0.589372230541656,18,31,1,7,18,31,7,10,0.666,0
2819,4770,0.76,0.077,0.2727315082921732,0.5147732778032981,18,31,1,7,19,31,7,10,0.7638906989877544,5.785226128391459
2819,4771,0.836,0.154,0.1774710656003642,0.4480367999714272,18,31,1,7,20,31,7,10,0.8500658797999129,10.43747535111818
2819,4772,0.894,0.231,0.09834903486695967,0.3910471346472778,18,31,1,7,21,31,7,10,0.9233617925818677,14.487737507131923
2819,4773,0.937,0.308,0.044960684372483795,0.34896261468292455,18,31,1,7,22,31,7,10,0.9863229694172189,18.196141249820304
2819,4774,0.966,0.385,0.016838025095377684,0.3241216474864055,18,31,1,7,23,31,7,10,1.0398947062082775,21.729789799262367
2819,4775,0.983,0.462,0.006604611969096119,0.31106012336947675,18,31,1,7,24,31,7,10,1.0861551454557492,25.173047115398635
2819,4776,0.993,0.539,0.0024904542393026086,0.3029052393191436,18,31,1,7,25,31,7,10,1.1298539728655204,28.493091912783374
2819,4777,0.998,0.616,6.893381028686418e-4,0.2978007192218284,18,31,1,7,26,31,7,10,1.172800068212822,31.684314774709158
2819,4778,0.999,0.693,1.456075042456373e-4,0.2950779290512512,18,31,1,7,27,31,7,10,1.2158330477495667,34.74880124918256
2819,4779,1,0.77,2.130273579104003e-5,0.29364150007613277,18,31,1,7,28,31,7,10,1.2621014222319853,37.596271147211986
2819,4780,1,0.847,9.315621861682999e-7,0.2930376945783876,18,31,1,7,29,31,7,10,1.3104995230827061,40.26459927013793
2819,4781,1,0.924,5.075738607196456e-9,0.29290329190769593,18,31,1,7,30,31,7,10,1.3615344285033706,42.73793318624221
2819,4782,0.215,0.409,0.6754549150540186,0.7100538979314983,18,31,1,7,10,32,7,10,0.4620670946951319,62.270335406732585
2819,4783,0.195,0.381,0.755804622603752,0.7547520557962559,18,31,1,7,11,32,7,10,0.42800233644222085,62.89613292503925
2819,4784,0.187,0.35,0.7984656607291959,0.7983359996556013,18,31,1,7,12,32,7,10,0.3968236384088024,61.88504658844195
2819,4785,0.211,0.316,0.7900929259398518,0.8294742841529164,18,31,1,7,13,32,7,10,0.37996973563693204,56.2681107445768
2819,4786,0.279,0.278,0.737820976442358,0.8287442654141606,18,31,1,7,14,32,7,10,0.39385911186615963,44.89713515627598
2819,4787,0.381,0.235,0.653236791723198,0.7876975488856598,18,31,1,7,15,32,7,10,0.4476449485920734,31.666198326489912
2819,4788,0.497,0.187,0.5515724533980187,0.719971047151431,18,31,1,7,16,32,7,10,0.5310160072916823,20.619187997098997
2819,4789,0.61,0.133,0.44629222134867175,0.6417689041378583,18,31,1,7,17,32,7,10,0.6243308417818232,12.299864707895328
2819,4790,0.709,0.071,0.34284786086928476,0.5644189523323297,18,31,1,7,18,32,7,10,0.7125461388569865,5.718594223820078
2819,4791,0.793,0.143,0.24433063307384117,0.4933577943996601,18,31,1,7,19,32,7,10,0.8057902953002103,10.222168633636123
2819,4792,0.86,0.214,0.15594590585723733,0.42993672896564605,18,31,1,7,20,32,7,10,0.886225704885612,13.973522333141212
2819,4793,0.911,0.286,0.08406033642771182,0.3772679688137439,18,31,1,7,21,32,7,10,0.9548387298387094,17.429197114043827
2819,4794,0.948,0.357,0.0376194530758488,0.34022731754799207,18,31,1,7,22,32,7,10,1.0129921026345663,20.635484724331185
2819,4795,0.972,0.429,0.014277893504922146,0.31908547740773296,18,31,1,7,23,32,7,10,1.0624617640178868,23.814650422047418
2819,4796,0.987,0.5,0.005747956171006985,0.30778716313129817,18,31,1,7,24,32,7,10,1.1064217098376188,26.86611757901638
2819,4797,0.995,0.572,0.002180971964152234,0.3007962627722933,18,31,1,7,25,32,7,10,1.1476972597335937,29.893492085296447
2819,4798,0.998,0.643,5.996582716831789e-4,0.29664537424118875,18,31,1,7,26,32,7,10,1.1872038578104436,32.79322086692087
2819,4799,1,0.715,1.279298361187564e-4,0.29446729705265495,18,31,1,7,27,32,7,10,1.2293189171244376,35.56476799303516
2819,4800,1,0.786,1.8766048619722753e-5,0.2933542600745872,18,31,1,7,28,32,7,10,1.2719260984821406,38.1673468344621
2819,4801,1,0.858,8.183311980269892e-7,0.2929641995572284,18,31,1,7,29,32,7,10,1.317635761506191,40.62959351305883
2819,4802,1,0.929,4.492843208581121e-9,0.29289559129845544,18,31,1,7,30,32,7,10,1.3649325990685401,42.8920866639288
2819,4803,1,1,0,0.2928932188134524,18,31,1,7,31,32,7,10,1.4142135623730951,45
2819,4804,0.221,0.435,0.7143150784097847,0.7324641714470315,18,31,1,7,10,33,7,10,0.4879200754221945,63.06733658356502
2819,4805,0.211,0.409,0.7606993700834939,0.7710344633988624,18,31,1,7,11,33,7,10,0.46021951284142654,62.711133944789196
2819,4806,0.218,0.381,0.7722845596769916,0.80358050224363,18,31,1,7,12,33,7,10,0.4389589958071255,60.2227390628128
2819,4807,0.259,0.35,0.7464841254256431,0.8180119805052287,18,31,1,7,13,33,7,10,0.4354090031223516,53.49855887949368
2819,4808,0.337,0.316,0.6873924102899254,0.8015806629044842,18,31,1,7,14,33,7,10,0.46197943677181136,43.15804466682489
2819,4809,0.44,0.278,0.6038036884984981,0.7545727239670275,18,31,1,7,15,33,7,10,0.5204651765488254,32.28544181439888
2819,4810,0.551,0.235,0.5075858768356154,0.6882432325722612,18,31,1,7,16,33,7,10,0.5990208677500309,23.098115773127834
2819,4811,0.654,0.187,0.40829836498809635,0.6139390875419306,18,31,1,7,17,33,7,10,0.6802095265431086,15.956966130877268
2819,4812,0.745,0.133,0.3106383838934974,0.5404640339597921,18,31,1,7,18,33,7,10,0.7567786994888267,10.122009830567535
2819,4813,0.82,0.2,0.21821400370117505,0.4727109123950394,18,31,1,7,19,33,7,10,0.8440379138403676,13.70696100407981
2819,4814,0.88,0.266,0.13598567291365193,0.4129290715638567,18,31,1,7,20,33,7,10,0.919323664440332,16.818635141652614
2819,4815,0.924,0.333,0.07154130995215335,0.36496182048850545,18,31,1,7,21,33,7,10,0.9821736099081466,19.81863579029052
2819,4816,0.956,0.4,0.03138880975155134,0.332692084668021,18,31,1,7,22,33,7,10,1.0363088342767324,22.704923940649344
2819,4817,0.977,0.467,0.012235727893928683,0.31469291990570125,18,31,1,7,23,33,7,10,1.0828748773519496,25.547513177051783
2819,4818,0.989,0.533,0.005020019546348453,0.30499027833288894,18,31,1,7,24,33,7,10,1.1234811969944134,28.32148006442007
2819,4819,0.996,0.6,0.0019003866910033418,0.29910600571450074,18,31,1,7,25,33,7,10,1.1627622284886967,31.065164885498643
2819,4820,0.999,0.667,5.223473586003502e-4,0.2957373143312072,18,31,1,7,26,33,7,10,1.2012035630982785,33.729755198814786
2819,4821,1,0.733,1.122419352416193e-4,0.29399516493655997,18,31,1,7,27,33,7,10,1.2398745904324355,36.24141615772501
2819,4822,1,0.8,1.641101469340711e-5,0.2931723264715598,18,31,1,7,28,33,7,10,1.2806248474865698,38.659808254090095
2819,4823,1,0.867,7.085011735075142e-7,0.29292826462325106,18,31,1,7,29,33,7,10,1.323513883569039,40.92528797789907
2819,4824,1,0.934,3.98669919299266e-9,0.29289394420318027,18,31,1,7,30,33,7,10,1.3683406008739198,43.045473375173806
2819,4825,1,1,0,0.2928932188134524,18,31,1,7,31,33,7,10,1.4142135623730951,45
2819,4827,0.233,0.458,0.7244380255112208,0.7477168388257471,18,31,1,7,10,34,7,10,0.5138608761133698,63.036029040930046
2819,4828,0.231,0.435,0.7466940676078231,0.7786036758514032,18,31,1,7,11,34,7,10,0.4925302021196264,62.030156772887054
2819,4829,0.253,0.409,0.740339759025006,0.7993250222653707,18,31,1,7,12,34,7,10,0.48092618976304463,58.259814670986906
2819,4830,0.308,0.381,0.7041386686590139,0.7996385292890362,18,31,1,7,13,34,7,10,0.48992346341035764,51.04796206055092
2819,4831,0.392,0.35,0.6414066816809332,0.7731329528275038,18,31,1,7,14,34,7,10,0.5255130826154569,41.760299703897864
2819,4832,0.493,0.316,0.559525718710161,0.7232388321777503,18,31,1,7,15,34,7,10,0.5855809081587274,32.65880059060561
2819,4833,0.597,0.278,0.46769465690806744,0.6585577874214685,18,31,1,7,16,34,7,10,0.6585537183859795,24.96958938687415
2819,4834,0.693,0.235,0.37334961394077437,0.5875589321051176,18,31,1,7,17,34,7,10,0.7317608899087187,18.73207206876647
2819,4835,0.775,0.188,0.28084206291197633,0.5175083603364019,18,31,1,7,18,34,7,10,0.7974766454260589,13.63545835988731
2819,4836,0.843,0.25,0.19401620346636128,0.4531030133137517,18,31,1,7,19,34,7,10,0.8792889172507521,16.518245096885668
2819,4837,0.896,0.312,0.1177022743374343,0.3973422829593827,18,31,1,7,20,34,7,10,0.9487676217072335,19.198847283852007
2819,4838,0.935,0.375,0.06065087674654135,0.35421450743163885,18,31,1,7,21,34,7,10,1.0073976374798583,21.854216641457516
2819,4839,0.963,0.437,0.026166324041254074,0.3262886312168217,18,31,1,7,22,34,7,10,1.0575150117137817,24.408083268738974
2819,4840,0.981,0.5,0.010564116646702537,0.31096983636924613,18,31,1,7,23,34,7,10,1.1010726588195712,27.007211290791425
2819,4841,0.991,0.563,0.004398068244535813,0.30268985813648774,18,31,1,7,24,34,7,10,1.139758746402062,29.601470678070577
2819,4842,0.996,0.625,0.0016453351517731196,0.2977713801043139,18,31,1,7,25,34,7,10,1.1758575594007974,32.10868387955477
2819,4843,0.999,0.688,4.564369202190166e-4,0.2950335671168848,18,31,1,7,26,34,7,10,1.2129901071319584,34.55474494650793
2819,4844,1,0.75,9.837086985198251e-5,0.29365852006396775,18,31,1,7,27,34,7,10,1.25,36.86989764584402
2819,4845,1,0.813,1.426213689414979e-5,0.29306613918116886,18,31,1,7,28,34,7,10,1.2887858627405873,39.111110804715416
2819,4846,1,0.875,6.189181898097473e-7,0.2929118933629383,18,31,1,7,29,34,7,10,1.3287682265918312,41.18592516570965
2819,4847,1,0.938,3.5071092696625783e-9,0.29289350967006156,18,31,1,7,30,34,7,10,1.3710740315533658,43.16763304046667
2819,4848,1,1,0,0.2928932188134524,18,31,1,7,31,34,7,10,1.4142135623730951,45
2819,4851,0.247,0.48,0.7186030366879941,0.7561508175716218,18,31,1,7,10,35,7,10,0.5398231191788658,62.77040454491051
2819,4852,0.256,0.458,0.724775883031499,0.7785650943777025,18,31,1,7,11,35,7,10,0.5246903848937962,60.796906615970165
2819,4853,0.292,0.435,0.7066337348836889,0.788166568939239,18,31,1,7,12,35,7,10,0.5239169781558907,56.12794543273031
2819,4854,0.355,0.409,0.6637429153342561,0.7776926275579974,18,31,1,7,13,35,7,10,0.541577325965554,49.04297806820853
2819,4855,0.442,0.381,0.5991317301904925,0.7448305517180631,18,31,1,7,14,35,7,10,0.5835451996203893,40.76104082823048
2819,4856,0.541,0.35,0.5190192423225543,0.6935847676774947,18,31,1,7,15,35,7,10,0.6443454042669972,32.900851432269654
2819,4857,0.638,0.316,0.43085073214125336,0.630561078321355,18,31,1,7,16,35,7,10,0.7119691004531026,26.34911333196966
2819,4858,0.726,0.278,0.3408194653639338,0.562477113281987,18,31,1,7,17,35,7,10,0.7774059428638297,20.95284794775312
2819,4859,0.801,0.235,0.25302213282783603,0.4956642208698542,18,31,1,7,18,35,7,10,0.8347610436526133,16.350806037939307
2819,4860,0.862,0.294,0.17135113119453482,0.4348020759220067,18,31,1,7,19,35,7,10,0.9107579261252684,18.832829784756605
2819,4861,0.909,0.353,0.101315869701184,0.38336074757866345,18,31,1,7,20,35,7,10,0.9751358879663901,21.223124740587114
2819,4862,0.944,0.412,0.05117388419873137,0.34497680541890186,18,31,1,7,21,35,7,10,1.0299902912163783,23.57841418660282
2819,4863,0.968,0.47,0.02182648144111754,0.3209046390766437,18,31,1,7,22,35,7,10,1.0760687710364985,25.89829747468216
2819,4864,0.984,0.529,0.009124719549144622,0.3078652696022166,18,31,1,7,23,35,7,10,1.1171826171221964,28.26254700691475
2819,4865,0.992,0.588,0.0038472552978705554,0.3008240659137432,18,31,1,7,24,35,7,10,1.1531730139055456,30.657000381818538
2819,4866,0.997,0.647,0.0014176388707619614,0.2967241836446013,18,31,1,7,25,35,7,10,1.188536074336829,32.98142774239591
2819,4867,0.999,0.706,3.976455666448997e-4,0.2945033875335833,18,31,1,7,26,35,7,10,1.2232894179220222,35.249105081031196
2819,4868,1,0.765,8.642163599081876e-5,0.29343087526534894,18,31,1,7,27,35,7,10,1.2590571869458511,37.41598861857788
2819,4869,1,0.824,1.22799619820535e-5,0.29300489778869276,18,31,1,7,28,35,7,10,1.2957530628943155,39.48852258397938
2819,4870,1,0.883,5.363472578290285e-7,0.29290401811143973,18,31,1,7,29,35,7,10,1.3340498491435768,41.4445038973404
2819,4871,1,0.942,3.0685778362737892e-9,0.29289335534901584,18,31,1,7,30,35,7,10,1.3738136700440857,43.289306039103366
2819,4872,1,1,0,0.2928932188134524,18,31,1,7,31,35,7,10,1.4142135623730951,45
2819,4904,1,1,0,0.2928932188134524,18,31,1,7,10,18,10,10,1.4142135623730951,45
2819,4905,1,1,0,0.2928932188134524,18,31,1,7,11,18,10,10,1.4142135623730951,45
2819,4906,1,1,0,0.2928932188134524,18,31,1,7,12,18,10,10,1.4142135623730951,45
2819,4907,1,1,0,0.2928932188134524,18,31,1,7,13,18,10,10,1.4142135623730951,45
2819,4908,1,1,0,0.2928932188134524,18,31,1,7,14,18,10,10,1.4142135623730951,45
2819,4909,1,1,0,0.2928932188134524,18,31,1,7,15,18,10,10,1.4142135623730951,45
2819,4910,1,1,0,0.2928932188134524,18,31,1,7,16,18,10,10,1.4142135623730951,45
2819,4911,1,1,0,0.2928932188134524,18,31,1,7,17,18,10,10,1.4142135623730951,45
2819,4912,1,0.953,6.683463115386701e-6,0.293008335728024,18,31,1,7,10,19,10,10,1.3813793830805496,43.62141221053497
2819,4913,1,0.95,1.8795428928797264e-5,0.29308810149078424,18,31,1,7,11,19,10,10,1.379311422413372,43.53119928561418
2819,4914,1,0.948,6.07121461588811e-5,0.29324818860712953,18,31,1,7,12,19,10,10,1.3779346864057092,43.470907000688804
2819,4915,1,0.945,2.3192769646673828e-4,0.29360465619315723,18,31,1,7,13,19,10,10,1.3758724504836921,43.38024250274473
2819,4916,0.999,0.942,0.0010410216986458387,0.2944963318322904,18,31,1,7,14,19,10,10,1.373085940500448,43.317918024814965
2819,4917,0.996,0.938,0.004975375376928937,0.2970942406474132,18,31,1,7,15,19,10,10,1.3681593474445877,43.282233976394394
2819,4918,0.978,0.934,0.019054367545622952,0.3061127358760658,18,31,1,7,16,19,10,10,1.3523461095444465,43.68171055662978
2819,4919,0.889,0.929,0.04930246685808359,0.3413792435216939,18,31,1,7,17,19,10,10,1.2858312486481265,46.260429848833624
2819,4920,0.583,0.924,0.08563535516736065,0.397061998710426,18,31,1,7,18,19,10,10,1.092549770033384,57.75002583581638
2819,4921,0.999,0.905,0.0014188557500204313,0.29617854795498266,18,31,1,7,10,20,10,10,1.3479710679387744,42.17361663502773
2819,4922,0.998,0.9,0.003074210158525492,0.29789904555237956,18,31,1,7,11,20,10,10,1.3438764824194225,42.04425473533527
2819,4923,0.995,0.895,0.00695087352725321,0.30088789037640773,18,31,1,7,12,20,10,10,1.3383011619213367,41.97130142165942
2819,4924,0.988,0.889,0.015937230882671516,0.3063670855212004,18,31,1,7,13,20,10,10,1.3290842712183453,41.980803930381384
2819,4925,0.969,0.883,0.03471368753618431,0.3169286842974799,18,31,1,7,14,20,10,10,1.3109729211543615,42.34130675543987
2819,4926,0.925,0.875,0.06829214095326763,0.33816142265472304,18,31,1,7,15,20,10,10,1.2732831578246844,43.40885972880541
2819,4927,0.826,0.867,0.11764580362125543,0.3807871001112678,18,31,1,7,16,20,10,10,1.197482776494092,46.38728167884538
2819,4928,0.614,0.858,0.18090780321584188,0.45279774754770175,18,31,1,7,17,20,10,10,1.0550639791026892,54.411819110031345
2819,4929,0.443,0.847,0.21290878873104369,0.478246085892027,18,31,1,7,18,20,10,10,0.9558545914520681,62.38942361292156
2819,4930,0.463,0.923,0.134305350403487,0.4299906103538548,18,31,1,7,19,20,10,10,1.0326170635816552,63.36050653542998
2819,4931,0.989,0.858,0.015000497216428377,0.30949459568112925,18,31,1,7,10,21,10,10,1.309307068643563,40.94304323278234
2819,4932,0.98,0.85,0.026045749135461982,0.316317548639123,18,31,1,7,11,21,10,10,1.2972663566130125,40.93663400706696
2819,4933,0.962,0.843,0.04496397544730124,0.3269628277832026,18,31,1,7,12,21,10,10,1.279098510670699,41.228063703021355
2819,4934,0.929,0.834,0.07571508482798195,0.34399448948043043,18,31,1,7,13,21,10,10,1.2484378238422609,41.9155757523775
2819,4935,0.871,0.824,0.12153959186908025,0.37167789260311723,18,31,1,7,14,21,10,10,1.1990066722082908,43.41167446243243
2819,4936,0.773,0.813,0.18386825909949656,0.41651871806157226,18,31,1,7,15,21,10,10,1.1218279725519416,46.44473230420526
2819,4937,0.613,0.8,0.26192975391004236,0.4845127661602262,18,31,1,7,16,21,10,10,1.0078536600122063,52.53885909534808
2819,4938,0.383,0.786,0.34794179650388535,0.5550082460355994,18,31,1,7,17,21,10,10,0.8743483287569092,64.02107445816975
2819,4939,0.39,0.77,0.3376861593646232,0.551566494986368,18,31,1,7,18,21,10,10,0.8631338250816034,63.13808215559732
2819,4940,0.429,0.847,0.2560430711117544,0.5035967076232581,18,31,1,7,19,21,10,10,0.9494472075897638,63.13808215559732
2819,4941,0.481,0.924,0.13995892587085523,0.43402969961940896,18,31,1,7,20,21,10,10,1.0416990928286345,62.50019294071874
2819,4942,0.955,0.81,0.053265289605950006,0.33724060971629,18,31,1,7,10,22,10,10,1.2522479786368195,40.30352800829455
2819,4943,0.928,0.8,0.08004169766025437,0.35210523417756245,18,31,1,7,11,22,10,10,1.2252281420209055,40.763605200941164
2819,4944,0.885,0.79,0.11911434652163289,0.37360542905093286,18,31,1,7,12,22,10,10,1.1863072957712095,41.7538663130072
2819,4945,0.821,0.778,0.17359513751355615,0.40503942356170297,18,31,1,7,13,22,10,10,1.1310724998867225,43.45958418923126
2819,4946,0.726,0.765,0.24591141384145898,0.4509541791912095,18,31,1,7,14,22,10,10,1.0546568162203287,46.49834070945514
2819,4947,0.591,0.75,0.3351115402487146,0.5158890658887376,18,31,1,7,15,22,10,10,0.9548722427633971,51.7618900648948
2819,4948,0.402,0.733,0.4318140537636723,0.5948797491562954,18,31,1,7,16,22,10,10,0.8359982057397013,61.25826622404456
2819,4949,0.317,0.715,0.5071964637281348,0.6424500546998435,18,31,1,7,17,22,10,10,0.7821214739412287,66.08957779761316
2819,4950,0.356,0.693,0.44330043153733234,0.613752775375217,18,31,1,7,18,22,10,10,0.7790924207050148,62.810048337596626
2819,4951,0.411,0.769,0.3426231738393807,0.5553315510475038,18,31,1,7,19,22,10,10,0.8719415117999602,61.877263793236786
2819,4952,0.486,0.847,0.22784346520973453,0.48722415431108046,18,31,1,7,20,22,10,10,0.976527009355092,60.15323377130349
2819,4953,0.572,0.924,0.11369646612872575,0.41683492699361735,18,31,1,7,21,22,10,10,1.0867198351001053,58.240519915187214
2819,4954,0.89,0.762,0.11736877331374074,0.3795500971272131,18,31,1,7,10,23,10,10,1.1716415834204588,40.56946955319519
2819,4955,0.841,0.75,0.1622594614602768,0.40410149774794546,18,31,1,7,11,23,10,10,1.126845597231493,41.72643535284032
2819,4956,0.773,0.737,0.22277395236478825,0.43776951488720417,18,31,1,7,12,23,10,10,1.0680346436328738,43.63426662562432
2819,4957,0.682,0.722,0.3019153173219291,0.48398021548435377,18,31,1,7,13,23,10,10,0.9931807489072672,46.63191695382601
2819,4958,0.562,0.706,0.39920529450017284,0.5462639716868805,18,31,1,7,14,23,10,10,0.9023746450338684,51.479018215871655
2819,4959,0.407,0.688,0.5048340760604386,0.6240971281663095,18,31,1,7,15,23,10,10,0.7993703772344831,59.392724087056706
2819,4960,0.26,0.667,0.6043045202780704,0.6971046914722161,18,31,1,7,16,23,10,10,0.7158833703893394,68.70390983774858
2819,4961,0.283,0.643,0.5967446669393696,0.7099238696885345,18,31,1,7,17,23,10,10,0.7025225975013188,66.24453346426212
2819,4962,0.343,0.616,0.5105020184764418,0.6584069850692348,18,31,1,7,18,23,10,10,0.7050567353057483,60.89014444310891
2819,4963,0.423,0.692,0.4046721482377904,0.5913298826096639,18,31,1,7,19,23,10,10,0.8110443884276618,58.56373664955425
2819,4964,0.516,0.769,0.2809424527992851,0.5192551995335067,18,31,1,7,20,23,10,10,0.926076130779754,56.13833736108342
2819,4965,0.612,0.847,0.17156593820254884,0.45325135575266173,18,31,1,7,21,23,10,10,1.0449655496713754,54.14999988198019
2819,4966,0.703,0.923,0.07105911112925112,0.38601729364981574,18,31,1,7,22,23,10,10,1.1602318733770418,52.70540430257291
2819,4967,0.797,0.714,0.20391323603332,0.43445316979426685,18,31,1,7,10,24,10,10,1.0700490642956517,41.85587341467071
2819,4968,0.728,0.7,0.26797265716615537,0.46928710151872477,18,31,1,7,11,24,10,10,1.0099425726248004,43.87669728592457
2819,4969,0.64,0.684,0.3506136243027146,0.5150962253036155,18,31,1,7,12,24,10,10,0.9367262140027897,46.903388849924276
2819,4970,0.53,0.667,0.4526872045826822,0.5747131930737159,18,31,1,7,13,24,10,10,0.8519325090639516,51.52925137710653
2819,4971,0.396,0.647,0.5658716018374164,0.6491485531121057,18,31,1,7,14,24,10,10,0.758567729342608,58.531048466190676
2819,4972,0.237,0.625,0.6718226647946242,0.7301340586921912,18,31,1,7,15,24,10,10,0.668426510545475,69.23327259745788
2819,4973,0.216,0.6,0.7238827746783136,0.7807837494678325,18,31,1,7,16,24,10,10,0.6376958522681483,70.20112364547508
2819,4974,0.277,0.572,0.6463406291099101,0.7522125745377426,18,31,1,7,17,24,10,10,0.6355415013986104,64.16068342934173
2819,4975,0.364,0.539,0.5398873394987419,0.678843795057278,18,31,1,7,18,24,10,10,0.6503975707211705,55.96787218266169
2819,4976,0.464,0.615,0.4177190133369947,0.6011723112526781,18,31,1,7,19,24,10,10,0.7704031412189335,52.96648556769259
2819,4977,0.567,0.692,0.2980493526158141,0.5287088091399907,18,31,1,7,20,24,10,10,0.894624502235435,50.670037736044726
2819,4978,0.665,0.769,0.18307710677928657,0.4611040516394478,18,31,1,7,21,24,10,10,1.016654316864882,49.14807994399435
2819,4979,0.753,0.846,0.0914586217384874,0.40050617940065236,18,31,1,7,22,24,10,10,1.1325745008607602,48.32864999172122
2819,4980,0.826,0.923,0.02951193316299172,0.34901757793937704,18,31,1,7,23,24,10,10,1.2386302918950431,48.17438702989869
2819,4981,0.684,0.667,0.30868695178890837,0.49876608239474607,18,31,1,7,10,25,10,10,0.9553768889815161,44.279069690741274
2819,4982,0.598,0.65,0.3916164434729521,0.5434186896534898,18,31,1,7,11,25,10,10,0.8832349630760775,47.38594403038881
2819,4983,0.496,0.632,0.49437635383021705,0.5999031030859148,18,31,1,7,12,25,10,10,0.8033928055440875,51.87481802870425
2819,4984,0.376,0.611,0.6134126874223034,0.6696314901655359,18,31,1,7,13,25,10,10,0.7174238635562661,58.3924977537511
2819,4985,0.236,0.588,0.7288607889189899,0.7496669506071115,18,31,1,7,14,25,10,10,0.6335929292534758,68.13142081462748
2819,4986,0.167,0.563,0.8100555077621214,0.8205792292974854,18,31,1,7,15,25,10,10,0.5872461153553934,73.47831510800518
2819,4987,0.216,0.533,0.7535849874816358,0.8270002292245924,18,31,1,7,16,25,10,10,0.5751043383595711,67.93958649384
2819,4988,0.31,0.5,0.6461589888923276,0.757260263664391,18,31,1,7,17,25,10,10,0.5883026432033092,58.20108717570559
2819,4989,0.416,0.462,0.5232492731916922,0.6705321750246429,18,31,1,7,18,25,10,10,0.6216912416947822,47.99908693545521
2819,4990,0.525,0.539,0.395323224088707,0.5897776997886389,18,31,1,7,19,25,10,10,0.7524267406199756,45.75384833307077
2819,4991,0.629,0.616,0.2778543875148497,0.5175189506675266,18,31,1,7,20,25,10,10,0.8803959336571245,44.40175255810295
2819,4992,0.723,0.693,0.1683720748907549,0.45188315872345286,18,31,1,7,21,25,10,10,1.0014878930870807,43.78628794224619
2819,4993,0.803,0.769,0.08420297255026454,0.39486988317075633,18,31,1,7,22,25,10,10,1.1118318218147922,43.76097148412647
2819,4994,0.867,0.847,0.032394693626163984,0.3507886727997449,18,31,1,7,23,25,10,10,1.21206352968811,44.33146815253169
2819,4995,0.915,0.924,0.007803606622389214,0.3196548098142209,18,31,1,7,24,25,10,10,1.300384943007262,45.28040125003974
2819,4996,0.558,0.619,0.4253639878951231,0.5679736850872921,18,31,1,7,10,26,10,10,0.8333816652650813,47.96679553978244
2819,4997,0.462,0.6,0.5241528667984713,0.620637027196498,18,31,1,7,11,26,10,10,0.7572608533391912,52.403728852788014
2819,4998,0.351,0.579,0.6420495828640331,0.6845391486415429,18,31,1,7,12,26,10,10,0.677083451282041,58.7750183196746
2819,4999,0.226,0.556,0.7714769086694847,0.7587420432346239,18,31,1,7,13,26,10,10,0.6001766406650629,67.87949603081621
2819,5000,0.138,0.529,0.861680809857581,0.8338539911082856,18,31,1,7,14,26,10,10,0.5467037589042169,75.37912601136834
2819,5001,0.169,0.5,0.8282481726452652,0.8701347209808861,18,31,1,7,15,26,10,10,0.5277887835109799,71.32474674034253
2819,5002,0.262,0.467,0.7256996810034155,0.8201253560226638,18,31,1,7,16,26,10,10,0.5354745558847778,60.706361748314876
2819,5003,0.375,0.429,0.6016779581892813,0.7312050516879891,18,31,1,7,17,26,10,10,0.5697946998700497,48.842453127914865
2819,5004,0.489,0.385,0.4729142214934663,0.6435886312140588,18,31,1,7,18,26,10,10,0.622371271830569,38.214103526961125
2819,5005,0.597,0.461,0.3520007217914328,0.5653937178239253,18,31,1,7,19,26,10,10,0.7542744858471616,37.67511546350879
2819,5006,0.695,0.539,0.23855534276668833,0.4958807649829746,18,31,1,7,20,26,10,10,0.8795146388776027,37.794993584081766
2819,5007,0.78,0.616,0.14273013063950268,0.4340196307386812,18,31,1,7,21,26,10,10,0.9939094526162834,38.29968867503363
2819,5008,0.848,0.692,0.07059718269908533,0.3827773958421813,18,31,1,7,22,26,10,10,1.0945172451816372,39.21574300553999
2819,5009,0.902,0.769,0.028306685919627483,0.3447665986577325,18,31,1,7,23,26,10,10,1.1853121951621015,40.44924727078665
2819,5010,0.94,0.847,0.009132958246702017,0.32173238078011424,18,31,1,7,24,26,10,10,1.2653098434770829,42.02087035455039
2819,5011,0.966,0.923,0.0026289434722716054,0.307896743493721,18,31,1,7,25,26,10,10,1.336070731660566,43.69598035525378
2819,5012,0.426,0.572,0.5444677977371608,0.6365015274075206,18,31,1,7,10,27,10,10,0.7132040381265378,53.32290851200939
2819,5013,0.323,0.55,0.652128151781288,0.6938894791138022,18,31,1,7,11,27,10,10,0.6378314824465786,59.57544569482002
2819,5014,0.209,0.527,0.77328849707839,0.759942387562276,18,31,1,7,12,27,10,10,0.5669303308167591,68.36749340322714
2819,5015,0.125,0.5,0.8813743971329401,0.8294463462608965,18,31,1,7,13,27,10,10,0.5153882032022076,75.96375653207353
2819,5016,0.143,0.47,0.867597697158071,0.8791485987795145,18,31,1,7,14,27,10,10,0.491272836619327,73.07733798820891
2819,5017,0.227,0.437,0.7781628538815404,0.8580536588812444,18,31,1,7,15,27,10,10,0.49244085939328797,62.550343139912925
2819,5018,0.339,0.4,0.6585223275388363,0.7808085685637907,18,31,1,7,16,27,10,10,0.5243290951301482,49.71872396484131
2819,5019,0.457,0.357,0.533107818839834,0.6924526710545951,18,31,1,7,17,27,10,10,0.5799120622991041,37.99629939738688
2819,5020,0.568,0.308,0.4139605574778631,0.6102687054241981,18,31,1,7,18,27,10,10,0.646133113220488,28.468918996594326
2819,5021,0.669,0.384,0.3030273906696612,0.5371973953274137,18,31,1,7,19,27,10,10,0.7713734504116667,29.85543741542662
2819,5022,0.756,0.462,0.2013924155014276,0.4722308689034034,18,31,1,7,20,27,10,10,0.8859909706086174,31.429565614838516
2819,5023,0.829,0.539,0.11826268703714093,0.41545198225441227,18,31,1,7,21,27,10,10,0.9888184868821982,33.03115493179243
2819,5024,0.887,0.615,0.05775049577922753,0.3696510833744122,18,31,1,7,22,27,10,10,1.0793488777962388,34.73544119330145
2819,5025,0.929,0.692,0.023035643864308564,0.33757712327221456,18,31,1,7,23,27,10,10,1.1584062327180393,36.68194600462901
2819,5026,0.959,0.769,0.008620068067924258,0.3198530397340683,18,31,1,7,24,27,10,10,1.229244483412474,38.725322393447705
2819,5027,0.978,0.846,0.0031089178716184884,0.30907093885051007,18,31,1,7,25,27,10,10,1.2931357237351382,40.8608107442738
2819,5028,0.989,0.923,7.789687230662645e-4,0.3007366379930284,18,31,1,7,26,27,10,10,1.3527934062524107,43.02300179704078
2819,5029,0.293,0.524,0.6541903734258128,0.6986514380890017,18,31,1,7,10,28,10,10,0.6003540621999655,60.78781204786986
2819,5030,0.187,0.5,0.7584543009221711,0.7560812963345814,18,31,1,7,11,28,10,10,0.5338248776518382,69.49420320385332
2819,5031,0.125,0.474,0.8599097810714307,0.8165446770513096,18,31,1,7,12,28,10,10,0.4902050591334202,75.22669166754466
2819,5032,0.137,0.444,0.874992997842366,0.8661423907344155,18,31,1,7,13,28,10,10,0.4646557865775482,72.85194210091657
2819,5033,0.207,0.412,0.8034498405920817,0.8693294688885103,18,31,1,7,14,28,10,10,0.46107808449328835,63.32380293030544
2819,5034,0.312,0.375,0.6975558717103336,0.8142733229545868,18,31,1,7,15,28,10,10,0.48782066376897154,50.23954368542925
2819,5035,0.428,0.333,0.5812369969733623,0.7349060865533504,18,31,1,7,16,28,10,10,0.5422849804300318,37.88425031437065
2819,5036,0.54,0.286,0.46745141244972566,0.6530709308795234,18,31,1,7,17,28,10,10,0.6110613717131856,27.90702018510113
2819,5037,0.643,0.231,0.3602661132138355,0.5775493918345563,18,31,1,7,18,28,10,10,0.6832349522675197,19.761003199626913
2819,5038,0.732,0.308,0.2589411857728009,0.5098278218963277,18,31,1,7,19,28,10,10,0.7941586743214482,22.819655697982764
2819,5039,0.808,0.385,0.16933978234179425,0.44934851643658924,18,31,1,7,20,28,10,10,0.895035753475804,25.477106176870986
2819,5040,0.869,0.462,0.09599038017480055,0.3970600388621982,18,31,1,7,21,28,10,10,0.9841773214212975,27.99714736124264
2819,5041,0.916,0.539,0.04578617391899653,0.3563835147775253,18,31,1,7,22,28,10,10,1.0628156001865987,30.473744868766516
2819,5042,0.95,0.616,0.01790229714981828,0.33037743795240093,18,31,1,7,23,28,10,10,1.1322349579482167,32.96022446195569
2819,5043,0.972,0.693,0.0072116363770793335,0.3162614735446567,18,31,1,7,24,28,10,10,1.1937474607302836,35.48746239772102
2819,5044,0.986,0.769,0.002791314194774852,0.3072157216316411,18,31,1,7,25,28,10,10,1.2504227285202392,37.951340469943304
2819,5045,0.994,0.847,8.075583285420684e-4,0.3004818839736474,18,31,1,7,26,28,10,10,1.305926873909868,40.434737615583025
2819,5046,0.998,0.924,1.5570688353128137e-4,0.2962550929182841,18,31,1,7,27,28,10,10,1.3600661748606204,42.79511211360156
2819,5047,0.171,0.476,0.7444712304852777,0.749459885262706,18,31,1,7,10,29,10,10,0.5057835505431152,70.23949420418691
2819,5048,0.139,0.45,0.8342964523150643,0.8008897671336579,18,31,1,7,11,29,10,10,0.47097876809894523,72.83466249255251
2819,5049,0.148,0.421,0.8579645140965568,0.8454096476388872,18,31,1,7,12,29,10,10,0.44625665261147646,70.63118425200338
2819,5050,0.204,0.389,0.8066786287641996,0.8614002961588996,18,31,1,7,13,29,10,10,0.4392459447735403,62.32651298010571
2819,5051,0.295,0.353,0.7213720773750456,0.8302541096980885,18,31,1,7,14,29,10,10,0.46003695503731,50.11469645222686
2819,5052,0.403,0.312,0.6190587676934605,0.7667840748970203,18,31,1,7,15,29,10,10,0.5096596903817291,37.74680538727467
2819,5053,0.513,0.266,0.5130703016371899,0.6917275882980767,18,31,1,7,16,29,10,10,0.5778624403783309,27.407575437818405
2819,5054,0.616,0.214,0.4106217540571445,0.6165952980975595,18,31,1,7,17,29,10,10,0.6521134870557425,19.157359747427876
2819,5055,0.707,0.154,0.31227121895104193,0.5468367464602306,18,31,1,7,18,29,10,10,0.7235779156386685,12.288323163275342
2819,5056,0.785,0.231,0.220709470871292,0.4835150265415532,18,31,1,7,19,29,10,10,0.8182823473593941,16.3974432001244
2819,5057,0.849,0.308,0.140750772950609,0.42683177352039803,18,31,1,7,20,29,10,10,0.9031417385992079,19.939745804030487
2819,5058,0.9,0.385,0.07666012076049977,0.3790406742546226,18,31,1,7,21,29,10,10,0.978889677134252,23.160162766550915
2819,5059,0.937,0.462,0.03529902560857168,0.3443101038034736,18,31,1,7,22,29,10,10,1.0447071359955382,26.24619953130252
2819,5060,0.964,0.539,0.013931321605734848,0.3237624368237393,18,31,1,7,23,29,10,10,1.1044532584043563,29.21080537992806
2819,5061,0.981,0.616,0.00586453547198984,0.3122881517459114,18,31,1,7,24,29,10,10,1.1583682488742515,32.12597260989373
2819,5062,0.991,0.692,0.00233179273637929,0.30444482928548144,18,31,1,7,25,29,10,10,1.2086955778855153,34.92600231726058
2819,5063,0.996,0.769,6.787788593225486e-4,0.29911545232093173,18,31,1,7,26,29,10,10,1.2583230904660376,37.671312329762905
2819,5064,0.999,0.847,1.50448992645269e-4,0.2959152274246254,18,31,1,7,27,29,10,10,1.3097366147435903,40.29287313802627
2819,5065,1,0.924,2.2585395445862133e-5,0.29411102493434804,18,31,1,7,28,29,10,10,1.3615344285033706,42.73793318624221
2819,5066,0.164,0.428,0.8118192149417233,0.7851054187148531,18,31,1,7,10,30,10,10,0.45834484834019895,69.03428815944258
2819,5067,0.17,0.4,0.828419364733252,0.8237956847936139,18,31,1,7,11,30,10,10,0.43462627624201466,66.97450799147197
2819,5068,0.211,0.368,0.7961310572613347,0.8444738140242835,18,31,1,7,12,30,10,10,0.42419924563817885,60.17135300321623
2819,5069,0.286,0.333,0.7317835344245651,0.8315694419874788,18,31,1,7,13,30,10,10,0.4389589958071255,49.342075000801785
2819,5070,0.382,0.294,0.6463932085177966,0.7862202546269355,18,31,1,7,14,30,10,10,0.4820373429517676,37.58308628086161
2819,5071,0.486,0.25,0.5511661703421527,0.7226586236021844,18,31,1,7,15,30,10,10,0.5465308774442666,27.221438919403987
2819,5072,0.588,0.2,0.45482342881436044,0.6524736708406431,18,31,1,7,16,30,10,10,0.6210829252201351,18.785020512595427
2819,5073,0.679,0.143,0.36063435729195914,0.5828265913302652,18,31,1,7,17,30,10,10,0.6938948047074571,11.892910676710128
2819,5074,0.759,0.077,0.27023744420407725,0.5175727507600889,18,31,1,7,18,30,10,10,0.7628957989135869,5.792796495032159
2819,5075,0.826,0.153,0.18718933869712906,0.45790477979297695,18,31,1,7,19,30,10,10,0.84005059371445,10.493960897512906
2819,5076,0.88,0.231,0.11509308732965817,0.4051792463798819,18,31,1,7,20,30,10,10,0.9098137171970975,14.708303899682749
2819,5077,0.922,0.308,0.06059238816026191,0.3628453180264496,18,31,1,7,21,30,10,10,0.9720843584792423,18.472226488132534
2819,5078,0.953,0.384,0.026999423284308932,0.33425693634138076,18,31,1,7,22,30,10,10,1.027455595147547,21.946383135610063
2819,5079,0.974,0.461,0.011142883017470906,0.31791439383916464,18,31,1,7,23,30,10,10,1.0775885114458117,25.32847254561793
2819,5080,0.987,0.539,0.004788258155502101,0.3082989141257908,18,31,1,7,24,30,10,10,1.1245843676665614,28.6389225446537
2819,5081,0.994,0.615,0.0018848790275858285,0.30169762025451385,18,31,1,7,25,30,10,10,1.168871678158043,31.745587312332578
2819,5082,0.998,0.692,5.375482812181032e-4,0.2974872978204718,18,31,1,7,26,30,10,10,1.2144414353932427,34.73692734495394
2819,5083,0.999,0.769,1.2093506647126162e-4,0.29511194564845467,18,31,1,7,27,30,10,10,1.2606990124530122,37.58798896461457
2819,5084,1,0.847,1.8956676137049655e-5,0.2937507066261401,18,31,1,7,28,30,10,10,1.3104995230827061,40.26459927013793
2819,5085,1,0.923,9.033495191879126e-7,0.29309943987131015,18,31,1,7,29,30,10,10,1.3608559806239602,42.707010169212275
2819,5086,0.195,0.381,0.7958061095935803,0.8035354810468118,18,31,1,7,10,31,10,10,0.42800233644222085,62.89613292503925
2819,5087,0.224,0.35,0.778109284348141,0.8249441660588377,18,31,1,7,11,31,10,10,0.4155430182303632,57.38075692880717
2819,5088,0.282,0.316,0.7319920231127591,0.82331458573560945,18,31,1,7,12,31,10,10,0.4235327614246624,48.2541161416938
2819,5089,0.365,0.278,0.6638383382592654,0.7941428217098759,18,31,1,7,13,31,10,10,0.45881259790899376,37.2944880651555
2819,5090,0.46,0.235,0.5815832421147346,0.744037063609009,18,31,1,7,14,31,10,10,0.5165510623355642,27.06110613747324
2819,5091,0.558,0.188,0.4932184127988879,0.6823836094251806,18,31,1,7,15,31,10,10,0.5888191572970431,18.61957475591135
2819,5092,0.65,0.133,0.40395271952550216,0.6163664309092016,18,31,1,7,16,31,10,10,0.6634674068859752,11.563976535696911
2819,5093,0.731,0.071,0.3164010568010974,0.551015536715135,18,31,1,7,17,31,10,10,0.7344399226621603,5.547578895094819
2819,5094,0.801,0,0.23303817117930858,0.48947284367539756,18,31,1,7,18,31,10,10,0.801,0
2819,5095,0.859,0.077,0.15716091812946176,0.43347410598238445,18,31,1,7,19,31,10,10,0.86244420109361275,5.122252864225093
2819,5096,0.904,0.154,0.09290910976374123,0.38549845749006206,18,31,1,7,20,31,10,10,0.9170234457199009,9.667756177136761
2819,5097,0.939,0.231,0.0474763249833412,0.34914901130591913,18,31,1,7,21,31,10,10,0.9669963805516543,13.820684742617477
2819,5098,0.964,0.308,0.020679924305664343,0.32591555648074766,18,31,1,7,22,31,10,10,1.012007905107465,17.7187888774516
2819,5099,0.98,0.385,0.008996589276123346,0.3126790337789568,18,31,1,7,23,31,10,10,1.0529126269543927,21.44773632710535
2819,5100,0.99,0.462,0.0039041586132997352,0.304627211856068,18,31,1,7,24,31,10,10,1.092494393578292,25.016893478100023
2819,5101,0.996,0.539,0.0014843128400270356,0.2993021899752456,18,31,1,7,25,31,10,10,1.1324915010718624,28.420685755494105
2819,5102,0.999,0.616,4.27462948928925e-4,0.29612111404239505,18,31,1,7,26,31,10,10,1.1736511406717074,31.65867345632252
2819,5103,1,0.693,9.631416987654351e-5,0.2943497006232796,18,31,1,7,27,31,10,10,1.2166548401251687,34.72195926903065
2819,5104,1,0.77,1.481719382367963e-5,0.2933684430104895,18,31,1,7,28,31,10,10,1.2621014222319853,37.596271147211986
2819,5105,1,0.847,6.827445558910128e-7,0.2929867760789914,18,31,1,7,29,31,10,10,1.3104995230827061,40.26459927013793
2819,5106,1,0.924,4.2035993574884856e-9,0.2928996289320117,18,31,1,7,30,31,10,10,1.3615344285033706,42.73793318624221
2819,5107,0.237,0.409,0.7571939157082272,0.8056100491656003,18,31,1,7,10,32,10,10,0.47270498199193967,59.90933362574756
2819,5108,0.283,0.381,0.7253522506375049,0.8101339229895991,18,31,1,7,11,32,10,10,0.47460509900337144,53.39569403576966
2819,5109,0.352,0.35,0.672660133441686,0.7931983856429777,18,31,1,7,12,32,10,10,0.4963909749381025,44.83676460258106
2819,5110,0.437,0.316,0.6039660253459904,0.7560705609235698,18,31,1,7,13,32,10,10,0.5392819299772615,35.8711480612519
2819,5111,0.529,0.278,0.5253379389124219,0.7046899843740533,18,31,1,7,14,32,10,10,0.597599364122821,27.72281726096887
2819,5112,0.619,0.235,0.44221693860466693,0.64520737605142,18,31,1,7,15,32,10,10,0.6621072420688359,20.788994780764988
2819,5113,0.702,0.187,0.3584406608698253,0.5825922993022852,18,31,1,7,16,32,10,10,0.7264798689571514,14.91617623697023
2819,5114,0.774,0.133,0.2766447926118415,0.5207913178742072,18,31,1,7,17,32,10,10,0.7853438737266625,9.750178004283102
2819,5115,0.835,0.071,0.19949851002315222,0.46277814371321957,18,31,1,7,18,32,10,10,0.8380131263888412,4.860166052063715
2819,5116,0.884,0.143,0.13007214994039062,0.4109552366695245,18,31,1,7,19,32,10,10,0.8954914851633152,9.18883607735876
2819,5117,0.923,0.214,0.074301486509604,0.36836868293978375,18,31,1,7,20,32,10,10,0.9474835090913192,13.053539730852194
2819,5118,0.952,0.286,0.03674961951025357,0.33779759534156584,18,31,1,7,21,32,10,10,0.9940321926376429,16.721327786383622
2819,5119,0.972,0.357,0.01600000232044696,0.3189652020843837,18,31,1,7,22,32,10,10,1.0354868420216647,20.16747349291077
2819,5120,0.985,0.429,0.0072056628272013645,0.30820592544082726,18,31,1,7,23,32,10,10,1.0743677210340974,23.534714427946305
2819,5121,0.993,0.5,0.003169807233123101,0.3016397805130471,18,31,1,7,24,32,10,10,1.1117774057786927,26.726382390524254
2819,5122,0.997,0.572,0.0011654316517613061,0.29749207276174017,18,31,1,7,25,32,10,10,1.1494315986608339,29.843805604839616
2819,5123,0.999,0.643,3.410320225724073e-4,0.2950972192207747,18,31,1,7,26,32,10,10,1.1880446119569754,32.767100722602
2819,5124,1,0.715,7.726267311425339e-5,0.2937740903843167,18,31,1,7,27,32,10,10,1.2293189171244376,35.56476799303516
2819,5125,1,0.786,1.1215587403246019e-5,0.29312527093078533,18,31,1,7,28,32,10,10,1.2719260984821406,38.1673468344621
2819,5126,1,0.858,5.085669637638901e-7,0.2929264238301057,18,31,1,7,29,32,10,10,1.317635761506191,40.62959351305883
2819,5127,1,0.929,3.0083652236001512e-9,0.292894009246221,18,31,1,7,30,32,10,10,1.3649325990685401,42.8920866639288
2819,5128,1,1,0,0.2928932188134524,18,31,1,7,31,32,10,10,1.4142135623730951,45
2819,5129,0.286,0.435,0.7142963580423083,0.7950438658719492,18,31,1,7,10,33,10,10,0.5205967729442816,56.676229750014095
2819,5130,0.343,0.409,0.6744879643143146,0.7864278682076268,18,31,1,7,11,33,10,10,0.5337883475685845,50.01576670588417
2819,5131,0.417,0.381,0.6185747564093018,0.7602601287657604,18,31,1,7,12,33,10,10,0.5648451115128819,42.41697933136495
2819,5132,0.501,0.35,0.550576689242636,0.7192617438735638,18,31,1,7,13,33,10,10,0.6111472817578427,34.93825741854788
2819,5133,0.588,0.316,0.47501322997613027,0.6678789201600355,18,31,1,7,14,33,10,10,0.6675327707311454,28.254249461679912
2819,5134,0.671,0.278,0.3960812575091194,0.6104242566491294,18,31,1,7,15,33,10,10,0.7263091628225545,22.50456963546132
2819,5135,0.745,0.235,0.3170060768799965,0.5507132423281484,18,31,1,7,16,33,10,10,0.781184997295775,17.50716304846033
2819,5136,0.809,0.187,0.24036758449713658,0.4922022690550576,18,31,1,7,17,33,10,10,0.8303312591971954,13.015304922273279
2819,5137,0.862,0.133,0.16884984163030103,0.4379783598489648,18,31,1,7,18,33,10,10,0.8722000917220772,8.77113427087334
2819,5138,0.905,0.2,0.1062628528682742,0.3909118790479992,18,31,1,7,19,33,10,10,0.9268360157007279,12.461755920553795
2819,5139,0.937,0.266,0.05891354749722855,0.3539218128590015,18,31,1,7,20,33,10,10,0.9740251536793083,15.848435148163555
2819,5140,0.961,0.333,0.028333475580306966,0.32855377598304936,18,31,1,7,21,33,10,10,1.0170594869524594,19.11191968864762
2819,5141,0.978,0.4,0.012647079739996014,0.3133247476001897,18,31,1,7,22,33,10,10,1.0566380648074345,22.244461164825683
2819,5142,0.988,0.467,0.00581506444403701,0.30462771805893374,18,31,1,7,23,33,10,10,1.0928096815090906,25.298793153586406
2819,5143,0.995,0.533,0.0025807324581420543,0.2993703668237354,18,31,1,7,24,33,10,10,1.1287665834883667,28.176992124197124
2819,5144,0.998,0.6,9.184537954812777e-4,0.2961604478044464,18,31,1,7,25,33,10,10,1.1644758477529709,31.01438607369365
2819,5145,0.999,0.667,2.7056495639377065e-4,0.2943516018615554,18,31,1,7,26,33,10,10,1.2012035630982785,33.729755198814786
2819,5146,1,0.733,6.178421661306999e-5,0.2934036621064894,18,31,1,7,27,33,10,10,1.2398745904324355,36.24141615772501
2819,5147,1,0.8,8.52372863024975e-6,0.29300543587297045,18,31,1,7,28,33,10,10,1.2806248474865698,38.659808254090095
2819,5148,1,0.867,3.758265165743069e-7,0.2929051316122534,18,31,1,7,29,33,10,10,1.323513883569039,40.92528797789907
2819,5149,1,0.934,2.115168262761813e-9,0.2928933671913415,18,31,1,7,30,33,10,10,1.3683406008739198,43.045473375173806
2819,5150,1,1,0,0.2928932188134524,18,31,1,7,31,33,10,10,1.4142135623730951,45
2819,5152,0.338,0.458,0.670958649934931,0.776356725447875,18,31,1,7,10,34,10,10,0.5692170060706198,53.57299836361139
2819,5153,0.401,0.435,0.6263110890756385,0.758621934039142,18,31,1,7,11,34,10,10,0.591629951912511,47.32892765005216
2819,5154,0.477,0.409,0.5688510849081067,0.7269871987338103,18,31,1,7,12,34,10,10,0.628339080433487,40.61118516441479
2819,5155,0.559,0.381,0.5018337959908484,0.6840708600817551,18,31,1,7,13,34,10,10,0.6764924242000054,34.27733457244851
2819,5156,0.64,0.35,0.42895337777575315,0.6331892426244687,18,31,1,7,14,34,10,10,0.7294518489934754,28.673146489434988
2819,5157,0.715,0.316,0.3536448802902875,0.5776398574928114,18,31,1,7,15,34,10,10,0.7817167006019508,23.84341751692659
2819,5158,0.782,0.278,0.27881363100416123,0.5206645179178576,18,31,1,7,16,34,10,10,0.8299445764627901,19.570234878320562
2819,5159,0.838,0.235,0.20702087483761222,0.46556075167776545,18,31,1,7,17,34,10,10,0.8703269500595738,15.665068408452214
2819,5160,0.884,0.188,0.14099367703148524,0.41556354077911384,18,31,1,7,18,34,10,10,0.9037698822156003,12.006201074092155
2819,5161,0.921,0.25,0.08594641924627344,0.3736249350369085,18,31,1,7,19,34,10,10,0.9543275119161136,15.186664996664037
2819,5162,0.949,0.312,0.04623686265270199,0.3420318958971966,18,31,1,7,20,34,10,10,0.9989719715787825,18.1991650530454
2819,5163,0.969,0.375,0.021857007984624977,0.3211525881169176,18,31,1,7,21,34,10,10,1.0390312796061532,21.15628320088378
2819,5164,0.982,0.437,0.010135372301086187,0.3088525358341536,18,31,1,7,22,34,10,10,1.0748455703030086,23.989551025991567
2819,5165,0.991,0.5,0.004735909709744024,0.30184798420801695,18,31,1,7,23,34,10,10,1.1099914414084462,26.772810949659604
2819,5166,0.996,0.563,0.002088074698162301,0.2976674189931511,18,31,1,7,24,34,10,10,1.1441088234953876,29.47778451982007
2819,5167,0.998,0.625,7.261663549620323e-4,0.29518968779083277,18,31,1,7,25,34,10,10,1.1775521219886618,32.056959195154654
2819,5168,0.999,0.688,2.1255238318451664e-4,0.293843386536883,18,31,1,7,26,34,10,10,1.2129901071319584,34.55474494650793
2819,5169,1,0.75,4.88512635482552e-5,0.293190536614124,18,31,1,7,27,34,10,10,1.25,36.86989764584402
2819,5170,1,0.813,6.451771953797092e-6,0.29295020103040503,18,31,1,7,28,34,10,10,1.2887858627405873,39.111110804715416
2819,5171,1,0.875,2.8255355422057704e-7,0.2928981244850193,18,31,1,7,29,34,10,10,1.3287682265918312,41.18592516570965
2819,5172,1,0.938,1.472206245800578e-9,0.292893259734597,18,31,1,7,30,34,10,10,1.3710740315533658,43.16763304046667
2819,5173,1,1,0,0.2928932188134524,18,31,1,7,31,34,10,10,1.4142135623730951,45
2819,5176,0.39,0.48,0.6284215610613806,0.7530871847587837,18,31,1,7,10,35,10,10,0.6184658438426491,50.906141113770495
2819,5177,0.456,0.458,0.5806954458603194,0.729239018426399,18,31,1,7,11,35,10,10,0.646297145282261,45.125373496863126
2819,5178,0.532,0.435,0.5225002047085767,0.6942964702097589,18,31,1,7,12,35,10,10,0.6872037543552858,39.2718080774964
2819,5179,0.61,0.409,0.4566106928147867,0.6504695266362968,18,31,1,7,13,35,10,10,0.7344256259145646,33.84152882596211
2819,5180,0.685,0.381,0.38615777856817946,0.600364955138827,18,31,1,7,14,35,10,10,0.7838277872083893,29.083003491801264
2819,5181,0.753,0.35,0.3141664820169481,0.5467471370291337,18,31,1,7,15,35,10,10,0.8303667864263358,24.929355432732716
2819,5182,0.812,0.316,0.2433473141815442,0.4926115582881524,18,31,1,7,16,35,10,10,0.8713208364316787,21.2641246605523
2819,5183,0.862,0.278,0.17621166048113157,0.44122627733240527,18,31,1,7,17,35,10,10,0.9057196034093553,17.874812399554628
2819,5184,0.903,0.235,0.11634712709053086,0.39582815926530446,18,31,1,7,18,35,10,10,0.9330777030880119,14.587290641845488
2819,5185,0.934,0.294,0.06893638522764656,0.3590686697116605,18,31,1,7,19,35,10,10,0.9791792481461196,17.472707085223874
2819,5186,0.958,0.353,0.03606364605748624,0.3323962783382728,18,31,1,7,20,35,10,10,1.0209666987713164,20.227630958255023
2819,5187,0.975,0.412,0.017064417033642476,0.31528154135627273,18,31,1,7,21,35,10,10,1.058474846181996,22.907174224930678
2819,5188,0.986,0.47,0.00813161476922164,0.30534452128001965,18,31,1,7,22,35,10,10,1.0922893389574029,25.485897126956317
2819,5189,0.993,0.529,0.003860093932638642,0.2997132225551278,18,31,1,7,23,35,10,10,1.1251177716132654,28.045527037407794
2819,5190,0.997,0.588,0.001668029081566158,0.29640452894673563,18,31,1,7,24,35,10,10,1.1574769976116155,30.530799184791213
2819,5191,0.999,0.647,5.749663663554561e-4,0.2945047494730252,18,31,1,7,25,35,10,10,1.1902142664243274,32.92901710399405
2819,5192,1,0.706,1.6679255071905263e-4,0.29351733783637957,18,31,1,7,26,35,10,10,1.2241062045427267,35.222091694589956
2819,5193,1,0.765,3.881012097484149e-5,0.2930724482172604,18,31,1,7,27,35,10,10,1.2590571869458511,37.41598861857788
2819,5194,1,0.824,4.8855525596191995e-6,0.29292415022830953,18,31,1,7,28,35,10,10,1.2957530628943155,39.48852258397938
2819,5195,1,0.883,2.118204515122457e-7,0.2928954709992768,18,31,1,7,29,35,10,10,1.3340498491435768,41.4445038973404
2819,5196,1,0.942,1.0283554008339024e-9,0.2928932326248799,18,31,1,7,30,35,10,10,1.3738136700440857,43.289306039103366
2819,5197,1,1,0,0.2928932188134524,18,31,1,7,31,35,10,10,1.4142135623730951,45
