spA_par,spB_par,Dissimilarity,Exclusivity,D,I,a_A,b_A,alpha_A,gamma_A,a_B,b_B,alpha_B,gamma_B,ND_magnitude,ND_angle
3545,3545,0,0,1,1,28,34,7,7,28,34,7,7,0,0
3545,3546,0.274,0.167,0.7278012587708389,0.8126168668477173,28,34,7,7,29,34,7,7,0.3208815981012311,31.361850143913543
3545,3547,0.556,0.333,0.4290829568162401,0.6150710195157891,28,34,7,7,30,34,7,7,0.6480933574725173,30.91827166770977
3545,3548,0.801,0.5,0.16192549848704196,0.4396119137438297,28,34,7,7,31,34,7,7,0.9442462602520595,31.973223478909677
3545,3549,0.954,0.667,0.02917201272718939,0.3374403155169192,28,34,7,7,32,34,7,7,1.1640468203641983,34.959761335326114
3545,3550,0.998,0.834,7.281665605419763e-4,0.29742880385045334,28,34,7,7,33,34,7,7,1.30059986160233,39.88453746411934
3545,3551,0.97,0.76,0.009233547146463739,0.31669465449931133,28,34,7,7,10,35,7,7,1.23227432010896,38.078882361565
3545,3552,0.965,0.75,0.011729963672938548,0.3204846929680599,28,34,7,7,11,35,7,7,1.2221804285783666,37.85442542467041
3545,3553,0.957,0.739,0.015104532930232506,0.32516943941239973,28,34,7,7,12,35,7,7,1.2091195143574518,37.675492406120114
3545,3554,0.949,0.727,0.019725640497249675,0.33101887674612884,28,34,7,7,13,35,7,7,1.1954622536910147,37.454625973129716
3545,3555,0.938,0.714,0.0261399113098838,0.3383981315215506,28,34,7,7,14,35,7,7,1.1788299283611694,37.27817419986903
3545,3556,0.924,0.7,0.0351370896261155,0.3477920466788299,28,34,7,7,15,35,7,7,1.1592135264911292,37.14668669802178
3545,3557,0.907,0.684,0.04786144250486968,0.359813023726398,28,34,7,7,16,35,7,7,1.1360039612606991,37.021206570981846
3545,3558,0.886,0.667,0.06573654687785824,0.3751598060004543,28,34,7,7,17,35,7,7,1.1090018034250442,36.97322626153014
3545,3559,0.86,0.647,0.09034599273600363,0.39449673322019174,28,34,7,7,18,35,7,7,1.0762011893693482,36.95507993508283
3545,3560,0.826,0.625,0.12304535029221353,0.4183042002145727,28,34,7,7,19,35,7,7,1.0358093453913224,37.11328431652907
3545,3561,0.784,0.6,0.16492060372181705,0.44691271149685685,28,34,7,7,20,35,7,7,0.987246676368171,37.4270513594566
3545,3562,0.731,0.572,0.2173688264306799,0.4809381374215702,28,34,7,7,21,35,7,7,0.9281944839310348,38.04281546484396
3545,3563,0.663,0.539,0.2831255963965944,0.52189330597906,28,34,7,7,22,35,7,7,0.8544530414247469,39.110122235072616
3545,3564,0.579,0.5,0.3662128259994456,0.5723173688578149,28,34,7,7,23,35,7,7,0.7650104574448638,40.81250739410658
3545,3565,0.473,0.454,0.47114315091033643,0.63528860492296,28,34,7,7,24,35,7,7,0.6556256553857545,43.82581725152438
3545,3566,0.347,0.4,0.6003815999665563,0.7138012298350351,28,34,7,7,25,35,7,7,0.5295365898594733,49.05836163051651
3545,3567,0.211,0.333,0.7469993923921632,0.8078791718780076,28,34,7,7,26,35,7,7,0.3942207503417343,57.64027795666856
3545,3568,0.125,0.25,0.8600961999310137,0.8887802691519663,28,34,7,7,27,35,7,7,0.2795084971874737,63.43494882292201
3545,3569,0.234,0.143,0.7555413432750627,0.8297624733468514,28,34,7,7,28,35,7,7,0.2742353004264768,31.42956561483851
3545,3570,0.491,0.286,0.5189899682095114,0.6747967434608775,28,34,7,7,29,35,7,7,0.5682226676224735,30.2201464542241
3545,3571,0.724,0.429,0.27417682784796904,0.508822865439374,28,34,7,7,30,35,7,7,0.8415562963937707,30.648498648424756
3545,3572,0.896,0.572,0.09339257228309861,0.3794256660399764,28,34,7,7,31,35,7,7,1.0630145812734648,32.55387012597839
3545,3573,0.981,0.714,0.01677231411885005,0.3142589536279071,28,34,7,7,32,35,7,7,1.2133247710320596,36.048204425637536
3545,3574,1,0.857,3.64948010065258e-4,0.2939236627539379,28,34,7,7,33,35,7,7,1.3169848138835922,40.59657583596283
3545,3575,1,1,0,0.2928932188134524,28,34,7,7,34,35,7,7,1.4142135623730951,45
3545,3729,1,1,0,0.2928932188134524,28,34,7,7,10,28,10,7,1.4142135623730951,45
3545,3730,1,1,0,0.2928932188134524,28,34,7,7,11,28,10,7,1.4142135623730951,45
3545,3731,1,1,0,0.2928932188134524,28,34,7,7,12,28,10,7,1.4142135623730951,45
3545,3732,1,1,0,0.2928932188134524,28,34,7,7,13,28,10,7,1.4142135623730951,45
3545,3733,1,1,0,0.2928932188134524,28,34,7,7,14,28,10,7,1.4142135623730951,45
3545,3734,1,1,0,0.2928932188134524,28,34,7,7,15,28,10,7,1.4142135623730951,45
3545,3735,1,1,0,0.2928932188134524,28,34,7,7,16,28,10,7,1.4142135623730951,45
3545,3736,1,1,0,0.2928932188134524,28,34,7,7,17,28,10,7,1.4142135623730951,45
3545,3737,1,1,0,0.2928932188134524,28,34,7,7,18,28,10,7,1.4142135623730951,45
3545,3738,1,1,0,0.2928932188134524,28,34,7,7,19,28,10,7,1.4142135623730951,45
3545,3739,1,1,0,0.2928932188134524,28,34,7,7,20,28,10,7,1.4142135623730951,45
3545,3740,1,1,0,0.2928932188134524,28,34,7,7,21,28,10,7,1.4142135623730951,45
3545,3741,1,1,0,0.2928932188134524,28,34,7,7,22,28,10,7,1.4142135623730951,45
3545,3742,1,1,0,0.2928932188134524,28,34,7,7,23,28,10,7,1.4142135623730951,45
3545,3743,1,1,0,0.2928932188134524,28,34,7,7,24,28,10,7,1.4142135623730951,45
3545,3744,1,1,0,0.2928932188134524,28,34,7,7,25,28,10,7,1.4142135623730951,45
3545,3745,1,1,0,0.2928932188134524,28,34,7,7,26,28,10,7,1.4142135623730951,45
3545,3746,1,1,0,0.2928932188134524,28,34,7,7,27,28,10,7,1.4142135623730951,45
3545,3747,1,0.959,1.3409535914998827e-7,0.29289363093131027,28,34,7,7,10,29,10,7,1.385525532063556,43.80102906682782
3545,3748,1,0.957,1.8342941221494158e-7,0.29289372678066794,28,34,7,7,11,29,10,7,1.3841419724869266,43.7412763666856
3545,3749,1,0.955,2.5518528690149367e-7,0.2928938542708668,28,34,7,7,12,29,10,7,1.3827599213167845,43.681404157171436
3545,3750,1,0.953,3.631323922670404e-7,0.2928940277131473,28,34,7,7,13,29,10,7,1.3813793830805496,43.62141221053497
3545,3751,1,0.95,5.284854197595834e-7,0.2928942701645959,28,34,7,7,14,29,10,7,1.379311422413372,43.53119928561418
3545,3752,1,0.948,7.872201153169556e-7,0.292894619965265,28,34,7,7,15,29,10,7,1.3779346864057092,43.470907000688804
3545,3753,1,0.945,1.1983220988831533e-6,0.2928951425924514,28,34,7,7,16,29,10,7,1.3758724504836921,43.38024250274473
3545,3754,1,0.942,1.8686133967937835e-6,0.2928959520436737,28,34,7,7,17,29,10,7,1.3738136700440857,43.289306039103366
3545,3755,1,0.938,3.0114594731234234e-6,0.2928972482652181,28,34,7,7,18,29,10,7,1.3710740315533658,43.16763304046667
3545,3756,1,0.934,4.961833380168201e-6,0.29289937765579865,28,34,7,7,19,29,10,7,1.3683406008739198,43.045473375173806
3545,3757,1,0.929,8.292070749149616e-6,0.2929029229952007,28,34,7,7,20,29,10,7,1.3649325990685401,42.8920866639288
3545,3758,1,0.923,1.3901782605962865e-5,0.29290887811671373,28,34,7,7,21,29,10,7,1.3608559806239602,42.707010169212275
3545,3759,1,0.917,2.2992528688314806e-5,0.2929192219694007,28,34,7,7,22,29,10,7,1.3567936468011634,42.52082345847564
3545,3760,1,0.91,3.8675784237218735e-5,0.2929387693994381,28,34,7,7,23,29,10,7,1.3520724832641184,42.3021943666837
3545,3761,1,0.9,6.564533230657421e-5,0.2929802342054313,28,34,7,7,24,29,10,7,1.3453624047073711,41.98721249581666
3545,3762,1,0.889,1.1307762656542764e-4,0.2930792218570203,28,34,7,7,25,29,10,7,1.3380287739805896,41.63709543013025
3545,3763,1,0.875,1.9817240403530167e-4,0.2933517963965838,28,34,7,7,26,29,10,7,1.3287682265918312,41.18592516570965
3545,3764,0.999,0.857,3.6229303247192757e-4,0.29425707131346934,28,34,7,7,27,29,10,7,1.3162256645423687,40.624902299009705
3545,3765,0.998,0.834,6.80454446038925e-4,0.2979357013117414,28,34,7,7,28,29,10,7,1.30059986160233,39.88453746411934
3545,3766,1,0.917,1.849768126072071e-5,0.2929471162166618,28,34,7,7,10,30,10,7,1.3567936468011634,42.52082345847564
3545,3767,1,0.913,2.4926868701147242e-5,0.29295885077552164,28,34,7,7,11,30,10,7,1.3540934236602733,42.39607920836728
3545,3768,1,0.91,3.411309880407831e-5,0.2929742572863312,28,34,7,7,12,30,10,7,1.3520724832641184,42.3021943666837
3545,3769,1,0.905,4.753270475155169e-5,0.2929949051605286,28,34,7,7,13,30,10,7,1.348712348872064,42.14509520315724
3545,3770,1,0.9,6.776596092017417e-5,0.2930232348496852,28,34,7,7,14,30,10,7,1.3453624047073711,41.98721249581666
3545,3771,1,0.895,9.862241633207258e-5,0.2930631050069594,28,34,7,7,15,30,10,7,1.3420227270802831,41.82854278370222
3545,3772,1,0.889,1.4684410206755594e-4,0.2931206555875121,28,34,7,7,16,30,10,7,1.3380287739805896,41.63709543013025
3545,3773,1,0.883,2.2387339277041285e-4,0.29320556816284304,28,34,7,7,17,30,10,7,1.3340498491435768,41.4445038973404
3545,3774,1,0.875,3.487179805633511e-4,0.29333265554920085,28,34,7,7,18,30,10,7,1.3287682265918312,41.18592516570965
3545,3775,0.999,0.867,5.492663162099953e-4,0.2935234935674923,28,34,7,7,19,30,10,7,1.3227584813562905,40.95366277021042
3545,3776,0.999,0.857,0.00086104340090142895,0.293808721900646,28,34,7,7,20,30,10,7,1.3162256645423687,40.624902299009705
3545,3777,0.999,0.846,0.00132766023615416,0.2942365080239242,28,34,7,7,21,30,10,7,1.3090901420452299,40.25948942610883
3545,3778,0.998,0.833,0.002017892079109851,0.29489863427436647,28,34,7,7,22,30,10,7,1.299958845502426,39.850716974393116
3545,3779,0.997,0.819,0.003056464524632818,0.29598087636039017,28,34,7,7,23,30,10,7,1.2902596637886499,39.40188616300896
3545,3780,0.995,0.8,0.004676174459213089,0.29783743135466134,28,34,7,7,24,30,10,7,1.2767243241984545,38.79998113532084
3545,3781,0.991,0.778,0.007233928905903575,0.3011354621936013,28,34,7,7,25,30,10,7,1.259906742580577,38.13423880259959
3545,3782,0.985,0.75,0.011422930336472237,0.3072832605724253,28,34,7,7,26,30,10,7,1.2380327136227056,37.28641859227888
3545,3783,0.971,0.714,0.018754474867053617,0.31956013808285044,28,34,7,7,27,30,10,7,1.20525391515647,36.32795240264527
3545,3784,0.935,0.667,0.031382976548879116,0.34272165423828604,28,34,7,7,28,30,10,7,1.148526882576111,35.50288278845036
3545,3785,0.829,0.834,0.04645293382209892,0.36532969755986155,28,34,7,7,29,30,10,7,1.1759238920950623,45.172265805375446
3545,3786,0.999,0.875,2.64617693740421e-4,0.2936064329730562,28,34,7,7,10,31,10,7,1.3280158131588644,41.21433562286915
3545,3787,0.999,0.87,3.5082534055896897e-4,0.29375286535834133,28,34,7,7,11,31,10,7,1.324726764280091,41.05165750040357
3545,3788,0.999,0.864,4.729241559819908e-4,0.29394270440936543,28,34,7,7,12,31,10,7,1.320794079332581,40.85537625889571
3545,3789,0.999,0.858,6.485775529746496e-4,0.2941931846473197,28,34,7,7,13,31,10,7,1.3168769874213764,40.65792499919822
3545,3790,0.998,0.85,0.00090764034517354375,0.2945299070502495,28,34,7,7,14,31,10,7,1.3109172361365915,40.42114964689786
3545,3791,0.998,0.843,0.0012915357303667774,0.2949908587493516,28,34,7,7,15,31,10,7,1.3063892987926684,40.18742499035128
3545,3792,0.997,0.834,0.0018646345132081743,0.2956314171826224,28,34,7,7,16,31,10,7,1.299832681540205,39.912803020920826
3545,3793,0.996,0.824,0.002713231112211778,0.29652912705493173,28,34,7,7,17,31,10,7,1.2926685576743948,39.60126846542785
3545,3794,0.995,0.813,0.003959198436066402,0.2977859735865068,28,34,7,7,18,31,10,7,1.284910113587717,39.25175768633129
3545,3795,0.993,0.8,0.00575902589113908,0.29952874521777084,28,34,7,7,19,31,10,7,1.2751662636691734,38.856290255030515
3545,3796,0.99,0.786,0.008336424734006198,0.3019224458992571,28,34,7,7,20,31,10,7,1.2640791114483303,38.447445329170726
3545,3797,0.987,0.769,0.01199771353731549,0.30522850398927215,28,34,7,7,21,31,10,7,1.2512114129914256,37.923178603572495
3545,3798,0.981,0.75,0.017365764116496263,0.30991556589256564,28,34,7,7,22,31,10,7,1.2348526227854075,37.39885239945635
3545,3799,0.972,0.728,0.02539024213824237,0.3167782498618734,28,34,7,7,23,31,10,7,1.2144002635045827,36.83215339602523
3545,3800,0.959,0.7,0.03750011557849797,0.3270758704086416,28,34,7,7,24,31,10,7,1.187299877874162,36.126715772789915
3545,3801,0.937,0.667,0.05589858204552678,0.3429604899193397,28,34,7,7,25,31,10,7,1.1501556416415997,35.44502247834184
3545,3802,0.902,0.625,0.08501000845000894,0.36850871756888703,28,34,7,7,26,31,10,7,1.0973736829357628,34.71826865052578
3545,3803,0.838,0.572,0.1312542368902324,0.40990198020893354,28,34,7,7,27,31,10,7,1.0146073132005307,34.316568302400704
3545,3804,0.717,0.5,0.19659747223471324,0.4657046212371482,28,34,7,7,28,31,10,7,0.8741218450536515,34.88999408233308
3545,3805,0.521,0.667,0.2626809907372303,0.5080566786926975,28,34,7,7,29,31,10,7,0.8463628063661589,52.006268789364256
3545,3806,0.446,0.834,0.22946505004723627,0.48751774962383365,28,34,7,7,30,31,10,7,0.9457652985809957,61.86336804608776
3545,3807,0.996,0.834,0.001520842499230568,0.29673014100465955,28,34,7,7,10,32,10,7,1.299065818193982,39.94110195601155
3545,3808,0.995,0.826,0.001989778730597136,0.29747492628867256,28,34,7,7,11,32,10,7,1.2931747755040692,39.69778707973149
3545,3809,0.994,0.819,0.0026353538887019523,0.2984274521975089,28,34,7,7,12,32,10,7,1.287942933518407,39.486599971332446
3545,3810,0.993,0.81,0.0035350444811750314,0.2996626262879851,28,34,7,7,13,32,10,7,1.2814636163387552,39.2044683617814
3545,3811,0.991,0.8,0.004809906425350952,0.3012855469969422,28,34,7,7,14,32,10,7,1.2736094377791018,38.912737090874955
3545,3812,0.988,0.79,0.006627746749742647,0.30344052380546715,28,34,7,7,15,32,10,7,1.2650075098591311,38.645661148324976
3545,3813,0.985,0.778,0.009254255325611527,0.30631715472222243,28,34,7,7,16,32,10,7,1.2551928138736295,38.303362812104716
3545,3814,0.981,0.765,0.013038236497460942,0.3101477942692359,28,34,7,7,17,32,10,7,1.2440200963006989,37.94769399215882
3545,3815,0.975,0.75,0.018390556000322134,0.31519595689029,28,34,7,7,18,32,10,7,1.2300914600142545,37.568592028827496
3545,3816,0.968,0.733,0.025860438233473282,0.3217586656853568,28,34,7,7,19,32,10,7,1.2142129137840694,37.13414907911979
3545,3817,0.958,0.714,0.03608479744486781,0.33023649448319325,28,34,7,7,20,32,10,7,1.194805423489532,36.69726274288275
3545,3818,0.944,0.692,0.05008480247226588,0.34129978873631583,28,34,7,7,21,32,10,7,1.1704699910719625,36.24331123021194
3545,3819,0.925,0.667,0.06945477750126627,0.35608019215403186,28,34,7,7,22,32,10,7,1.1404008067341938,35.79466019702409
3545,3820,0.897,0.637,0.09678577819660861,0.3763150866618349,28,34,7,7,23,32,10,7,1.1001718047650557,35.38027220030115
3545,3821,0.858,0.6,0.13596126029555589,0.40460674947815745,28,34,7,7,24,32,10,7,1.0469785098081048,34.96512077353356
3545,3822,0.801,0.556,0.19241126430439548,0.44506151651919157,28,34,7,7,25,32,10,7,0.9750574342058012,34.765765145660154
3545,3823,0.716,0.5,0.2724616839605801,0.5034012305647674,28,34,7,7,26,32,10,7,0.8733017806004978,34.92752216256106
3545,3824,0.587,0.429,0.38128097678823114,0.5822508877376011,28,34,7,7,27,32,10,7,0.727055706256405,36.160632617849515
3545,3825,0.385,0.333,0.5199994038512017,0.666689210332883,28,34,7,7,28,32,10,7,0.5090324154707635,40.85767720180893
3545,3826,0.282,0.5,0.5974075519413711,0.7053798833426668,28,34,7,7,29,32,10,7,0.574041810323952,60.577001718456515
3545,3827,0.352,0.667,0.4842732610701499,0.6364117157206426,28,34,7,7,30,32,10,7,0.7541836646334896,62.17776992778235
3545,3828,0.481,0.834,0.23264236912528313,0.4902293735045352,28,34,7,7,31,32,10,7,0.9627652881154368,60.026291117208615
3545,3829,0.986,0.792,0.00536955346114909,0.3052232374290098,28,34,7,7,10,33,10,7,1.2646975923120911,38.7730129070053
3545,3830,0.983,0.783,0.006922052481717844,0.30748133955132184,28,34,7,7,11,33,10,7,1.2567330663271337,38.53876602683931
3545,3831,0.98,0.773,0.009036442236244335,0.3103255316573853,28,34,7,7,12,33,10,7,1.248170260821816,38.2655116917397
3545,3832,0.975,0.762,0.011953838154438068,0.31394252074928986,28,34,7,7,13,33,10,7,1.2374445442119821,38.008994373053994
3545,3833,0.97,0.75,0.01602658534133683,0.31857681917000025,28,34,7,7,14,33,10,7,1.2261321299109653,37.71104767638987
3545,3834,0.963,0.737,0.02170783777786789,0.32453482506128906,28,34,7,7,15,33,10,7,1.2126574124623986,37.427434227230606
3545,3835,0.954,0.722,0.02963695625058904,0.33217433644392214,28,34,7,7,16,33,10,7,1.1964113005150026,37.11892487534753
3545,3836,0.943,0.706,0.04053311112265179,0.3418773212450299,28,34,7,7,17,33,10,7,1.1780004244481408,36.82125947457903
3545,3837,0.928,0.688,0.05516427847709038,0.3540308030570243,28,34,7,7,18,33,10,7,1.1552177283958207,36.55247275209153
3545,3838,0.909,0.667,0.0743517892981459,0.3690802586054036,28,34,7,7,19,33,10,7,1.1274617510141975,36.27022981582068
3545,3839,0.885,0.643,0.09926680892406226,0.3877101597707543,28,34,7,7,20,33,10,7,1.0939259572749884,36.00041791585155
3545,3840,0.853,0.615,0.13189147100675158,0.41109660376237145,28,34,7,7,21,33,10,7,1.0515864206046026,35.791029134394606
3545,3841,0.811,0.584,0.1752580847581976,0.4410897374459788,28,34,7,7,22,33,10,7,0.9993883129194577,35.75760933060087
3545,3842,0.756,0.545,0.23334495887735607,0.48031653396041496,28,34,7,7,23,33,10,7,0.9319662011038813,35.78781369602107
3545,3843,0.682,0.5,0.311373904538747,0.5324094927492442,28,34,7,7,24,33,10,7,0.8456500458227387,36.246552832269415
3545,3844,0.584,0.444,0.4155199883710964,0.6021964650489966,28,34,7,7,25,33,10,7,0.7336157032125199,37.244782892659444
3545,3845,0.452,0.375,0.5526313201982556,0.6941301581260437,28,34,7,7,26,33,10,7,0.5873065638999789,39.68066224390458
3545,3846,0.274,0.286,0.7214313712682894,0.8047275464161087,28,34,7,7,27,33,10,7,0.39607070075934675,46.22757883213454
3545,3847,0.125,0.167,0.8573968438864926,0.8826365463543632,28,34,7,7,28,33,10,7,0.20860009587725506,53.185035970605455
3545,3848,0.236,0.334,0.7136762038044007,0.7920161448564654,28,34,7,7,29,33,10,7,0.40896454614061595,54.755475997591745
3545,3849,0.447,0.5,0.4545202683420029,0.6284244175229169,28,34,7,7,30,33,10,7,0.6706780151458671,48.20328590290337
3545,3850,0.687,0.667,0.19252433429674476,0.4671040812770568,28,34,7,7,31,33,10,7,0.9575270231173636,44.1537427909406
3545,3851,0.883,0.834,0.039324034444709555,0.35683650554576596,28,34,7,7,32,33,10,7,1.214596640864777,43.36532824501177
3545,3852,0.964,0.75,0.01423253320683504,0.32110602111385234,28,34,7,7,10,34,10,7,1.2213910102829477,37.883212256457846
3545,3853,0.957,0.739,0.018192866978738897,0.3259549745400847,28,34,7,7,11,34,10,7,1.2091195143574518,37.675492406120114
3545,3854,0.949,0.728,0.02350138804171531,0.3319578832575615,28,34,7,7,12,34,10,7,1.1960706500871927,37.49265333305034
3545,3855,0.939,0.715,0.030677153649705913,0.33942813535117977,28,34,7,7,13,34,10,7,1.180231333256324,37.28739890216016
3545,3856,0.927,0.7,0.040402540435825696,0.34874328737232474,28,34,7,7,14,34,10,7,1.161606215548109,37.05733151764184
3545,3857,0.912,0.685,0.05349158479671068,0.36032763849452565,28,34,7,7,15,34,10,7,1.1406002805540598,36.9100840530807
3545,3858,0.893,0.667,0.07087104405258426,0.3746137795468464,28,34,7,7,16,34,10,7,1.1146021711803724,36.75680725356365
3545,3859,0.87,0.647,0.0934263915434439,0.39200291120637387,28,34,7,7,17,34,10,7,1.0842089282052605,36.63737592858073
3545,3860,0.842,0.625,0.12203596759929902,0.41288286944710517,28,34,7,7,18,34,10,7,1.0486128933023855,36.58577060860851
3545,3861,0.807,0.6,0.1577999574649236,0.43777041679038375,28,34,7,7,19,34,10,7,1.0056087708448052,36.63059685556098
3545,3862,0.763,0.572,0.2023393414375232,0.46756013229645665,28,34,7,7,20,34,10,7,0.9536000209731541,36.857880913739784
3545,3863,0.708,0.539,0.2581439000716742,0.5037381324563774,28,34,7,7,21,34,10,7,0.8898230161105072,37.281997742039735
3545,3864,0.64,0.5,0.32852906815653593,0.548431805308352,28,34,7,7,22,34,10,7,0.8121576201698781,37.99873244250467
3545,3865,0.555,0.455,0.41745490504670546,0.6043596684542452,28,34,7,7,23,34,10,7,0.717669840525572,39.3455791773593
3545,3866,0.449,0.4,0.5291653987986973,0.6748198287726156,28,34,7,7,24,34,10,7,0.601332686621973,41.69684082111747
3545,3867,0.317,0.333,0.6677442658010886,0.763383666748127,28,34,7,7,25,34,10,7,0.459758632327877,46.41007289976608
3545,3868,0.157,0.25,0.834033706518262,0.8720548618938584,28,34,7,7,26,34,10,7,0.29521009467834936,57.871179037801284
3545,3869,0.047,0.143,0.9520476357723929,0.9672731148915542,28,34,7,7,27,34,10,7,0.15052574530624319,71.8057883297998
3545,3870,0.262,0,0.7466567311904315,0.8372361003466564,28,34,7,7,28,34,10,7,0.262,0
3545,3871,0.494,0.167,0.5077428333572311,0.6751781932925633,28,34,7,7,29,34,10,7,0.5214642844912776,18.678167772298107
3545,3872,0.709,0.333,0.2699798673825925,0.5153376380698149,28,34,7,7,30,34,10,7,0.7833070917590367,25.15829878597393
3545,3873,0.878,0.5,0.0941498805134714,0.3900815369787973,28,34,7,7,31,34,10,7,1.0103880442681417,29.66047804911332
3545,3874,0.973,0.667,0.01773296485290987,0.3225392737412289,28,34,7,7,32,34,10,7,1.1796685975306793,34.43097799398074
3545,3875,0.999,0.834,4.4446248683194245e-4,0.295731907273613,28,34,7,7,33,34,10,7,1.3013673578202274,39.85630524032165
3545,3876,0.923,0.76,0.031142168357292332,0.3442508341562639,28,34,7,7,10,35,10,7,1.1956291230979614,39.46810788454428
3545,3877,0.91,0.75,0.03934962005792009,0.35247586994826197,28,34,7,7,11,35,10,7,1.1792370414806346,39.49452214202166
3545,3878,0.895,0.739,0.05012862820053432,0.36246274129130684,28,34,7,7,12,35,10,7,1.1606661880144522,39.546430337505186
3545,3879,0.877,0.727,0.06426001392296643,0.37459860358608654,28,34,7,7,13,35,10,7,1.1391479271806624,39.657453750104125
3545,3880,0.855,0.714,0.08268216033169917,0.38930236581551037,28,34,7,7,14,35,10,7,1.1139214514497868,39.86484256717
3545,3881,0.829,0.7,0.1063615508513559,0.40698166530784474,28,34,7,7,15,35,10,7,1.0850073732468364,40.17744076708396
3545,3882,0.797,0.684,0.13621364292174798,0.42798120663841355,28,34,7,7,16,35,10,7,1.0502690131580574,40.63679755041398
3545,3883,0.76,0.667,0.17302684587979467,0.4525660777695749,28,34,7,7,17,35,10,7,1.0111819816432648,41.271210475520164
3545,3884,0.714,0.647,0.21752498478399407,0.4810009396166075,28,34,7,7,18,35,10,7,0.9635377522443009,42.18168943919513
3545,3885,0.66,0.625,0.2706384100061494,0.5137367017171828,28,34,7,7,19,35,10,7,0.9089691963977657,43.43980031307133
3545,3886,0.596,0.6,0.3337446172959403,0.5516026111010501,28,34,7,7,20,35,10,7,0.8457044400971299,45.191623966174284
3545,3887,0.519,0.572,0.408781780676858,0.5958329130752049,28,34,7,7,21,35,10,7,0.7723632565056419,47.7812015514596
3545,3888,0.43,0.539,0.4974894494808575,0.6478183562134948,28,34,7,7,22,35,10,7,0.6895077954599208,51.41805685699501
3545,3889,0.331,0.5,0.5995466313002185,0.7085042165157708,28,34,7,7,23,35,10,7,0.599634055070257,56.49544082514389
3545,3890,0.233,0.454,0.7088393284163508,0.7767218120467905,28,34,7,7,24,35,10,7,0.5102989319996662,62.832386153263236
3545,3891,0.168,0.4,0.8021937349937733,0.8421224377545684,28,34,7,7,25,35,10,7,0.43384789961459996,67.21759426951832
3545,3892,0.149,0.333,0.8160167447946614,0.8607439848817773,28,34,7,7,26,35,10,7,0.3648150216205468,65.89399281302664
3545,3893,0.297,0.25,0.6884177085117378,0.7891922306534498,28,34,7,7,27,35,10,7,0.38821257063624304,40.0890241533487
3545,3894,0.506,0.143,0.49934351354922,0.6685476681200766,28,34,7,7,28,35,10,7,0.5258184097195533,15.780753309515388
3545,3895,0.697,0.286,0.30427979398879035,0.5354726689550957,28,34,7,7,29,35,10,7,0.7533956463903942,22.309813215078766
3545,3896,0.851,0.429,0.1412524948539261,0.41777717731794606,28,34,7,7,30,35,10,7,0.953017313588793,26.753258128771314
3545,3897,0.95,0.572,0.04482558620685562,0.3399206393359381,28,34,7,7,31,35,10,7,1.1089111776873746,31.052367317462853
3545,3898,0.992,0.714,0.007712482037563362,0.30310764136300694,28,34,7,7,32,35,10,7,1.222235656491824,35.74475693800817
3545,3899,1,0.857,1.314981107051194e-4,0.29320521847714676,28,34,7,7,33,35,10,7,1.3169848138835922,40.59657583596283
3545,3900,1,1,0,0.2928932188134524,28,34,7,7,34,35,10,7,1.4142135623730951,45
3545,4054,1,1,0,0.2928932188134524,28,34,7,7,10,28,1,10,1.4142135623730951,45
3545,4055,1,1,0,0.2928932188134524,28,34,7,7,11,28,1,10,1.4142135623730951,45
3545,4056,1,1,0,0.2928932188134524,28,34,7,7,12,28,1,10,1.4142135623730951,45
3545,4057,1,1,0,0.2928932188134524,28,34,7,7,13,28,1,10,1.4142135623730951,45
3545,4058,1,1,0,0.2928932188134524,28,34,7,7,14,28,1,10,1.4142135623730951,45
3545,4059,1,1,0,0.2928932188134524,28,34,7,7,15,28,1,10,1.4142135623730951,45
3545,4060,1,1,0,0.2928932188134524,28,34,7,7,16,28,1,10,1.4142135623730951,45
3545,4061,1,1,0,0.2928932188134524,28,34,7,7,17,28,1,10,1.4142135623730951,45
3545,4062,1,1,0,0.2928932188134524,28,34,7,7,18,28,1,10,1.4142135623730951,45
3545,4063,1,1,0,0.2928932188134524,28,34,7,7,19,28,1,10,1.4142135623730951,45
3545,4064,1,1,0,0.2928932188134524,28,34,7,7,20,28,1,10,1.4142135623730951,45
3545,4065,1,1,0,0.2928932188134524,28,34,7,7,21,28,1,10,1.4142135623730951,45
3545,4066,1,1,0,0.2928932188134524,28,34,7,7,22,28,1,10,1.4142135623730951,45
3545,4067,1,1,0,0.2928932188134524,28,34,7,7,23,28,1,10,1.4142135623730951,45
3545,4068,1,1,0,0.2928932188134524,28,34,7,7,24,28,1,10,1.4142135623730951,45
3545,4069,1,1,0,0.2928932188134524,28,34,7,7,25,28,1,10,1.4142135623730951,45
3545,4070,1,1,0,0.2928932188134524,28,34,7,7,26,28,1,10,1.4142135623730951,45
3545,4071,1,1,0,0.2928932188134524,28,34,7,7,27,28,1,10,1.4142135623730951,45
3545,4072,1,0.959,8.570921750106208e-14,0.29289321887744013,28,34,7,7,10,29,1,10,1.385525532063556,43.80102906682782
3545,4073,1,0.957,1.2578826869003024e-13,0.29289321889154285,28,34,7,7,11,29,1,10,1.3841419724869266,43.7412763666856
3545,4074,1,0.955,1.957323192414151e-13,0.2928932189118958,28,34,7,7,12,29,1,10,1.3827599213167845,43.681404157171436
3545,4075,1,0.953,3.177458296477198e-13,0.29289321894051146,28,34,7,7,13,29,1,10,1.3813793830805496,43.62141221053497
3545,4076,1,0.95,5.392353230604385e-13,0.2928932189816845,28,34,7,7,14,29,1,10,1.379311422413372,43.53119928561418
3545,4077,1,0.948,1.0019762797242038e-12,0.2928932190479947,28,34,7,7,15,29,1,10,1.3779346864057092,43.470907000688804
3545,4078,1,0.945,2.022382261657185e-12,0.29289321915635236,28,34,7,7,16,29,1,10,1.3758724504836921,43.38024250274473
3545,4079,1,0.942,4.4786396813378815e-12,0.29289321934148294,28,34,7,7,17,29,1,10,1.3738136700440857,43.289306039103366
3545,4080,1,0.938,1.081912337497215e-11,0.2928932196675995,28,34,7,7,18,29,1,10,1.3710740315533658,43.16763304046667
3545,4081,1,0.934,2.6363689009656355e-11,0.29289322020694686,28,34,7,7,19,29,1,10,1.3683406008739198,43.045473375173806
3545,4082,1,0.929,6.833811294626457e-11,0.2928932211888715,28,34,7,7,20,29,1,10,1.3649325990685401,42.8920866639288
3545,4083,1,0.923,2.053149872338622e-10,0.2928932232612126,28,34,7,7,21,29,1,10,1.3608559806239602,42.707010169212275
3545,4084,1,0.917,7.739968665987362e-10,0.2928932285728234,28,34,7,7,22,29,1,10,1.3567936468011634,42.52082345847564
3545,4085,1,0.91,3.990773267403824e-9,0.2928932452931262,28,34,7,7,23,29,1,10,1.3520724832641184,42.3021943666837
3545,4086,1,0.9,2.592063941264655e-8,0.29289330718912643,28,34,7,7,24,29,1,10,1.3453624047073711,41.98721249581666
3545,4087,1,0.889,1.542273563304164e-7,0.2928935265332101,28,34,7,7,25,29,1,10,1.3380287739805896,41.63709543013025
3545,4088,1,0.875,1.0908303188505997e-6,0.2928946780199856,28,34,7,7,26,29,1,10,1.3287682265918312,41.18592516570965
3545,4089,1,0.857,9.65643669370575e-6,0.29290618770110677,28,34,7,7,27,29,1,10,1.3169848138835922,40.59657583596283
3545,4090,1,0.834,1.0216994648526434e-4,0.2933009838544707,28,34,7,7,28,29,1,10,1.3021351696348578,39.82810630428432
3545,4091,1,0.917,8.61063442769705e-11,0.29289324432249353,28,34,7,7,10,30,1,10,1.3567936468011634,42.52082345847564
3545,4092,1,0.913,1.222889567387142e-10,0.2928932495503831,28,34,7,7,11,30,1,10,1.3540934236602733,42.39607920836728
3545,4093,1,0.91,1.8338763840830552e-10,0.29289325696497304,28,34,7,7,12,30,1,10,1.3520724832641184,42.3021943666837
3545,4094,1,0.905,2.863465020652711e-10,0.29289326721646514,28,34,7,7,13,30,1,10,1.348712348872064,42.14509520315724
3545,4095,1,0.9,4.665682284965555e-10,0.2928932817339238,28,34,7,7,14,30,1,10,1.3453624047073711,41.98721249581666
3545,4096,1,0.895,8.256427763697616e-10,0.2928933045467914,28,34,7,7,15,30,1,10,1.3420227270802831,41.82854278370222
3545,4097,1,0.889,1.5709147316300687e-9,0.29289334073115525,28,34,7,7,16,30,1,10,1.3380287739805896,41.63709543013025
3545,4098,1,0.883,3.243670443353608e-9,0.2928934001878374,28,34,7,7,17,30,1,10,1.3340498491435768,41.4445038973404
3545,4099,1,0.875,7.148700409409514e-9,0.2928934996806145,28,34,7,7,18,30,1,10,1.3287682265918312,41.18592516570965
3545,4100,1,0.867,1.57353918783798e-8,0.2928936558492775,28,34,7,7,19,30,1,10,1.323513883569039,40.92528797789907
3545,4101,1,0.857,3.673660042835536e-8,0.2928939263152788,28,34,7,7,20,30,1,10,1.3169848138835922,40.59657583596283
3545,4102,1,0.846,9.755141749945295e-8,0.2928944645962137,28,34,7,7,21,30,1,10,1.30985342691463,40.23122105657414
3545,4103,1,0.833,3.200810532177911e-7,0.29289574355903314,28,34,7,7,22,30,1,10,1.3014949097096,39.79429794346564
3545,4104,1,0.819,1.333383054968884e-6,0.29289933207634256,28,34,7,7,23,30,1,10,1.2925792045364184,39.31747620953449
3545,4105,1,0.8,6.175304045341612e-6,0.29291021827423847,28,34,7,7,24,30,1,10,1.2806248474865698,38.659808254090095
3545,4106,1,0.778,2.533286411432467e-5,0.29293961697506454,28,34,7,7,25,30,1,10,1.266998026833507,37.88291605856699
3545,4107,1,0.75,1.1507775240715556e-4,0.29304681727237647,28,34,7,7,26,30,1,10,1.25,36.86989764584402
3545,4108,0.999,0.714,6.086845204584801e-4,0.2935923628880611,28,34,7,7,27,30,1,10,1.227923857574239,35.553950378731706
3545,4109,0.995,0.667,0.0030891715119578667,0.29768772841706237,28,34,7,7,28,30,1,10,1.197878958826809,33.835993020749214
3545,4110,0.94,0.834,0.015791253542424943,0.32531856269551174,28,34,7,7,29,30,1,10,1.256644738977568,41.580529775090476
3545,4111,1,0.875,3.888783073335844e-9,0.29289386938644135,28,34,7,7,10,31,1,10,1.3287682265918312,41.18592516570965
3545,4112,1,0.87,5.400088154416949e-9,0.2928939939079387,28,34,7,7,11,31,1,10,1.3254810447531868,41.023269024922435
3545,4113,1,0.864,7.881707175805275e-9,0.2928941678428858,28,34,7,7,12,31,1,10,1.3215506044037815,40.8270155239205
3545,4114,1,0.858,1.1924593867895794e-8,0.2928944048825285,28,34,7,7,13,31,1,10,1.317635761506191,40.62959351305883
3545,4115,1,0.85,1.880774325169199e-8,0.29289473589824944,28,34,7,7,14,31,1,10,1.3124404748406686,40.36453657309736
3545,4116,1,0.843,3.202943232860633e-8,0.2928952448276987,28,34,7,7,15,31,1,10,1.3079178108734508,40.1308887134993
3545,4117,1,0.834,5.839318217848444e-8,0.29289603108412765,28,34,7,7,16,31,1,10,1.3021351696348578,39.82810630428432
3545,4118,1,0.824,1.1365625807169266e-7,0.2928972797738606,28,34,7,7,17,31,1,10,1.2957530628943155,39.48852258397938
3545,4119,1,0.813,2.3345153477016822e-7,0.2928992808345292,28,34,7,7,18,31,1,10,1.2887858627405873,39.111110804715416
3545,4120,1,0.8,4.764592842487758e-7,0.2929022947854738,28,34,7,7,19,31,1,10,1.2806248474865698,38.659808254090095
3545,4121,1,0.786,1.0272687194223806e-6,0.29290731757809396,28,34,7,7,20,31,1,10,1.2719260984821406,38.1673468344621
3545,4122,1,0.769,2.478450368270657e-6,0.2929168741322987,28,34,7,7,21,31,1,10,1.2614915774590014,37.560284279318815
3545,4123,1,0.75,7.1755468579182136e-6,0.29293827528869165,28,34,7,7,22,31,1,10,1.25,36.86989764584402
3545,4124,1,0.728,2.5670504697927754e-5,0.2929930466855699,28,34,7,7,23,31,1,10,1.2369252200517216,36.05461816646104
3545,4125,1,0.7,9.857479931618673e-5,0.2931352263608523,28,34,7,7,24,31,1,10,1.2206555615733703,34.99202019855866
3545,4126,1,0.667,3.2221853981606596e-4,0.2934527706446949,28,34,7,7,25,31,1,10,1.202035357217083,33.70328759485296
3545,4127,0.999,0.625,0.0011466990443984582,0.2943683923457512,28,34,7,7,26,31,1,10,1.178399762389657,32.03115264932201
3545,4128,0.996,0.572,0.0040985724937677714,0.29753546507659046,28,34,7,7,27,31,1,10,1.1485643212288983,29.86863008834868
3545,4129,0.979,0.5,0.014618507280185211,0.31039056271138044,28,34,7,7,28,31,1,10,1.099291135232155,27.054547554682166
3545,4130,0.884,0.667,0.060102951180698305,0.36561118572587625,28,34,7,7,29,31,1,10,1.1074046234326458,37.035462016554504
3545,4131,0.591,0.834,0.13356338802214995,0.42894139422025557,28,34,7,7,30,31,1,10,1.0221726859978209,54.67735141841443
3545,4132,1,0.834,5.0517384386772335e-8,0.2928988519253922,28,34,7,7,10,32,1,10,1.3021351696348578,39.82810630428432
3545,4133,1,0.826,6.873816993380188e-8,0.2928998629987464,28,34,7,7,11,32,1,10,1.2970258285785985,39.556706487655674
3545,4134,1,0.819,9.790023103306567e-8,0.29290125648095844,28,34,7,7,12,32,1,10,1.2925792045364184,39.31747620953449
3545,4135,1,0.81,1.4427455474752549e-7,0.29290313189296013,28,34,7,7,13,32,1,10,1.2868954891520912,39.007472552121044
3545,4136,1,0.8,2.2123986898048287e-7,0.29290571853035385,28,34,7,7,14,32,1,10,1.2806248474865698,38.659808254090095
3545,4137,1,0.79,3.6396305136410234e-7,0.292909618698432,28,34,7,7,15,32,1,10,1.2744018204632321,38.30873556744772
3545,4138,1,0.778,6.353756931698484e-7,0.2929155052110908,28,34,7,7,16,32,1,10,1.266998026833507,37.88291605856699
3545,4139,1,0.765,1.1764656536739082e-6,0.292924580159888,28,34,7,7,17,32,1,10,1.2590571869458511,37.41598861857788
3545,4140,1,0.75,2.2723155156390007e-6,0.29293860337588074,28,34,7,7,18,32,1,10,1.25,36.86989764584402
3545,4141,1,0.733,4.348596470804544e-6,0.2929590453957067,28,34,7,7,19,32,1,10,1.2398745904324355,36.24141615772501
3545,4142,1,0.714,8.762240917836728e-6,0.2929921037936306,28,34,7,7,20,32,1,10,1.2287375635179385,35.52683658500573
3545,4143,1,0.692,1.9748796751040132e-5,0.29305280976604786,28,34,7,7,21,32,1,10,1.216085523308291,34.68323429289684
3545,4144,1,0.667,5.312916729149908e-5,0.2931823707836113,28,34,7,7,22,32,1,10,1.202035357217083,33.70328759485296
3545,4145,1,0.637,1.694222555881364e-4,0.2934894999905795,28,34,7,7,23,32,1,10,1.1856512978106168,32.49713642883802
3545,4146,0.999,0.6,5.547923449621406e-4,0.2941924910640439,28,34,7,7,24,32,1,10,1.165332999618564,30.98905268032532
3545,4147,0.999,0.556,0.0015563559256688286,0.29555837434907106,28,34,7,7,25,32,1,10,1.1433009227670552,29.098411924676718
3545,4148,0.996,0.5,0.004443703837980428,0.2988965532584309,28,34,7,7,26,32,1,10,1.1144577156626445,26.65701864145414
3545,4149,0.986,0.429,0.01305756860059204,0.30789444706845825,28,34,7,7,27,32,1,10,1.0752846134861225,23.513437763151156
3545,4150,0.952,0.333,0.039519269395145606,0.3344626108771005,28,34,7,7,28,32,1,10,1.00855986436106,19.27932219526023
3545,4151,0.818,0.5,0.13152318923010298,0.42171092043029046,28,34,7,7,29,32,1,10,0.9587095493422395,31.43523173225607
3545,4152,0.509,0.667,0.27905441436522005,0.5262651950633308,28,34,7,7,30,32,1,10,0.8390292009221133,52.65207952841403
3545,4153,0.444,0.834,0.2337939685845838,0.4910838469370702,28,34,7,7,31,32,1,10,0.9448237930958343,61.97031901771663
3545,4154,1,0.792,3.3326459114579876e-7,0.29292016064147997,28,34,7,7,10,33,1,10,1.2756425831713207,38.379223917685025
3545,4155,1,0.783,4.4518619590760977e-7,0.2929247113174487,28,34,7,7,11,33,1,10,1.2700744072691175,38.060944025477326
3545,4156,1,0.773,6.205512351753484e-7,0.29293090900240615,28,34,7,7,12,33,1,10,1.2639339381470853,37.70402318982563
3545,4157,1,0.762,8.932452045806727e-7,0.2929391588893274,28,34,7,7,13,33,1,10,1.2572366523451342,37.30740066286194
3545,4158,1,0.75,1.3352615022554915e-6,0.2929504115287045,28,34,7,7,14,33,1,10,1.25,36.86989764584402
3545,4159,1,0.737,2.129365336611677e-6,0.2929670840920142,28,34,7,7,15,33,1,10,1.2422435348996588,36.39021467612443
3545,4160,1,0.722,3.580540034908708e-6,0.29299173082320085,28,34,7,7,16,33,1,10,1.2334034214319336,35.82928433102471
3545,4161,1,0.706,6.324840791216424e-6,0.29302875289497643,28,34,7,7,17,33,1,10,1.2241062045427267,35.222091694589956
3545,4162,1,0.688,1.1606084901805147e-5,0.29308423191778477,28,34,7,7,18,33,1,10,1.2138138242745466,34.52797165613836
3545,4163,1,0.667,2.1235490104687393e-5,0.29316301782119125,28,34,7,7,19,33,1,10,1.202035357217083,33.70328759485296
3545,4164,1,0.643,4.0962761181040364e-5,0.29328740973143597,28,34,7,7,20,33,1,10,1.1888856126642293,32.741017526902965
3545,4165,1,0.615,8.758506451933545e-5,0.29350933045088456,28,34,7,7,21,33,1,10,1.1739782791857778,31.591515701040688
3545,4166,1,0.584,2.1935962629926475e-4,0.29396414301311935,28,34,7,7,22,33,1,10,1.1580397229801749,30.284928349402225
3545,4167,0.999,0.545,6.374531771261571e-4,0.29497361115060317,28,34,7,7,23,33,1,10,1.1379920913609198,28.614477884593395
3545,4168,0.998,0.5,0.0018497746674349669,0.2970558591209166,28,34,7,7,24,33,1,10,1.1162454927120646,26.610961246990474
3545,4169,0.996,0.444,0.004512238646165678,0.3006936649251615,28,34,7,7,25,33,1,10,1.0904824620322877,24.026506578679196
3545,4170,0.989,0.375,0.01140715290565808,0.30855372138569015,28,34,7,7,26,33,1,10,1.0577078991857818,20.765268669825
3545,4171,0.97,0.286,0.029704068450866816,0.326414398110077,28,34,7,7,27,33,1,10,1.0112843319264864,16.427908037795184
3545,4172,0.914,0.167,0.07798142266021202,0.3701574219987671,28,34,7,7,28,33,1,10,0.9291313147235971,10.354486619574217
3545,4173,0.746,0.334,0.21838032229037296,0.489847128926605,28,34,7,7,29,33,1,10,0.8173567152718573,24.11907332378604
3545,4174,0.431,0.5,0.43100757370769005,0.6264301268198852,28,34,7,7,30,33,1,10,0.6601219584288951,49.238661694389535
3545,4175,0.389,0.667,0.3880962573659086,0.5733848341504324,28,34,7,7,31,33,1,10,0.7721463591832833,59.74890410423871
3545,4176,0.706,0.834,0.07102488783982885,0.38847045057403073,28,34,7,7,32,33,1,10,1.0926994097188851,49.75132531526819
3545,4177,1,0.75,1.4419224951822684e-6,0.2929811864634959,28,34,7,7,10,34,1,10,1.25,36.86989764584402
3545,4178,1,0.739,1.8958031395843733e-6,0.29299521227003744,28,34,7,7,11,34,1,10,1.2434311400314855,36.46440107064317
3545,4179,1,0.728,2.593874209977365e-6,0.2930141126708554,28,34,7,7,12,34,1,10,1.2369252200517216,36.05461816646104
3545,4180,1,0.715,3.656330349599557e-6,0.2930390273658079,28,34,7,7,13,34,1,10,1.2293189171244376,35.56476799303516
3545,4181,1,0.7,5.335563946662347e-6,0.29307267049177677,28,34,7,7,14,34,1,10,1.2206555615733703,34.99202019855866
3545,4182,1,0.685,8.261028847655894e-6,0.29312173771474237,28,34,7,7,15,34,1,10,1.212115918549047,34.41114338393872
3545,4183,1,0.667,1.3466938501016656e-5,0.29319294134800256,28,34,7,7,16,34,1,10,1.202035357217083,33.70328759485296
3545,4184,1,0.647,2.2999809742851873e-5,0.2932974904516771,28,34,7,7,17,34,1,10,1.191053735143801,32.902867180587094
3545,4185,1,0.625,4.063043406377087e-5,0.29345013988499313,28,34,7,7,18,34,1,10,1.1792476415070754,32.005383208083494
3545,4186,1,0.6,7.160735271782848e-5,0.29366238548429413,28,34,7,7,19,34,1,10,1.16619037896906,30.96375653207352
3545,4187,1,0.572,1.3256103497794047e-4,0.29399100710978454,28,34,7,7,20,34,1,10,1.15203472169896,29.7695564803922
3545,4188,0.999,0.539,2.7040209741180377e-4,0.2945632746525626,28,34,7,7,21,34,1,10,1.1351308294641635,28.348616191222078
3545,4189,0.999,0.5,6.402362260908845e-4,0.29569562308200925,28,34,7,7,22,34,1,10,1.1171396510732219,26.587987836986883
3545,4190,0.998,0.455,0.001726867357034978,0.29806798798222656,28,34,7,7,23,34,1,10,1.096826786689676,24.50880321667345
3545,4191,0.995,0.4,0.004479337393623717,0.302551766881618,28,34,7,7,24,34,1,10,1.0723921857231151,21.900622858208287
3545,4192,0.99,0.333,0.00999133886260517,0.3097580633159711,28,34,7,7,25,34,1,10,1.0445041885985906,18.591067726780306
3545,4193,0.977,0.25,0.023214004846661696,0.32391779995581227,28,34,7,7,26,34,1,10,1.0084785570352996,14.353172156847224
3545,4194,0.946,0.143,0.054498523514276864,0.35241069581868123,28,34,7,7,27,34,1,10,0.9567470930188395,8.595911436920971
3545,4195,0.868,0,0.1279682438845564,0.41423022995888426,28,34,7,7,28,34,1,10,0.868,0
3545,4196,0.671,0.167,0.31194180457427234,0.562463024270704,28,34,7,7,29,34,1,10,0.6914694497951447,13.97595329777629
3545,4197,0.355,0.333,0.5689889397337186,0.716028661993202,28,34,7,7,30,34,1,10,0.48673812260804067,43.16849159199268
3545,4198,0.34,0.5,0.4809435090397526,0.6132476814554697,28,34,7,7,31,34,1,10,0.604648658313239,55.7842978675626
3545,4199,0.773,0.667,0.08614768621177848,0.40259870459260827,28,34,7,7,32,34,1,10,1.0209887364706822,40.78998717061142
3545,4200,0.994,0.834,0.0014715980737244339,0.3060878686422013,28,34,7,7,33,34,1,10,1.297533043895222,39.997800142411734
3545,4201,1,0.76,4.69661505020369e-6,0.2931139564182489,28,34,7,7,10,35,1,10,1.2560254774486066,37.23483398157467
3545,4202,1,0.75,6.081960605364145e-6,0.29314727320651934,28,34,7,7,11,35,1,10,1.25,36.86989764584402
3545,4203,1,0.739,8.171895193975764e-6,0.29319174384182156,28,34,7,7,12,35,1,10,1.2434311400314855,36.46440107064317
3545,4204,1,0.727,1.1310182853718764e-5,0.29324985822025595,28,34,7,7,13,35,1,10,1.236336928187458,36.01715173092213
3545,4205,1,0.714,1.6202424021338757e-5,0.29332762018395164,28,34,7,7,14,35,1,10,1.2287375635179385,35.52683658500573
3545,4206,1,0.7,2.4549055674616405e-5,0.29343942830377967,28,34,7,7,15,35,1,10,1.2206555615733703,34.99202019855866
3545,4207,1,0.684,3.900218308017234e-5,0.2935990164565232,28,34,7,7,16,35,1,10,1.2115510719734435,34.37212791915244
3545,4208,1,0.667,6.469441226875094e-5,0.2938287153355307,28,34,7,7,17,35,1,10,1.202035357217083,33.70328759485296
3545,4209,1,0.647,1.1030370280107338e-4,0.2941567660884914,28,34,7,7,18,35,1,10,1.191053735143801,32.902867180587094
3545,4210,1,0.625,1.8798007849940568e-4,0.2946051004338063,28,34,7,7,19,35,1,10,1.1792476415070754,32.005383208083494
3545,4211,0.999,0.6,3.3588805254780585e-4,0.29528809404181555,28,34,7,7,20,35,1,10,1.165332999618564,30.98905268032532
3545,4212,0.999,0.572,6.604043663026582e-4,0.29645309097075423,28,34,7,7,21,35,1,10,1.1511667993822614,29.79426887614514
3545,4213,0.997,0.539,0.0014944351572830916,0.2986878250638575,28,34,7,7,22,35,1,10,1.1333710778028527,28.39662527294926
3545,4214,0.995,0.5,0.003749126148401616,0.3031358399522768,28,34,7,7,23,35,1,10,1.1135640978408023,26.680102788531915
3545,4215,0.991,0.454,0.008939140717174943,0.3109396356087736,28,34,7,7,24,35,1,10,1.0900444945046968,24.613609997968368
3545,4216,0.981,0.4,0.01870949741299255,0.322668830474923,28,34,7,7,25,35,1,10,1.0594154048341944,22.183040936565046
3545,4217,0.961,0.333,0.04039627111962263,0.3440481734013814,28,34,7,7,26,35,1,10,1.0170594869524594,19.11191968864762
3545,4218,0.915,0.25,0.08660779841677257,0.3833721455607061,28,34,7,7,27,35,1,10,0.9485383492510991,15.281607734694827
3545,4219,0.815,0.143,0.1858772434019651,0.46169823608569105,28,34,7,7,28,35,1,10,0.8274503006223395,9.951823216708098
3545,4220,0.595,0.286,0.40619691675060887,0.631685562778584,28,34,7,7,29,35,1,10,0.6601674030122966,25.672303018719713
3545,4221,0.282,0.429,0.6888128273333971,0.7860183697905581,28,34,7,7,30,35,1,10,0.5133858198275445,56.68137478739102
3545,4222,0.31,0.572,0.5095640748114181,0.6238700201229203,28,34,7,7,31,35,1,10,0.6506027974117541,61.54416546764159
3545,4223,0.837,0.714,0.08520351081907518,0.39856696313237416,28,34,7,7,32,35,1,10,1.1001658965810566,40.465723695378806
3545,4224,0.997,0.857,0.0014715980739709034,0.30414257132984457,28,34,7,7,33,35,1,10,1.3147083326730686,40.68165332935897
3545,4225,1,1,0,0.2928932188134524,28,34,7,7,34,35,1,10,1.4142135623730951,45
3545,4379,1,1,0,0.2928932188134524,28,34,7,7,10,28,4,10,1.4142135623730951,45
3545,4380,1,1,0,0.2928932188134524,28,34,7,7,11,28,4,10,1.4142135623730951,45
3545,4381,1,1,0,0.2928932188134524,28,34,7,7,12,28,4,10,1.4142135623730951,45
3545,4382,1,1,0,0.2928932188134524,28,34,7,7,13,28,4,10,1.4142135623730951,45
3545,4383,1,1,0,0.2928932188134524,28,34,7,7,14,28,4,10,1.4142135623730951,45
3545,4384,1,1,0,0.2928932188134524,28,34,7,7,15,28,4,10,1.4142135623730951,45
3545,4385,1,1,0,0.2928932188134524,28,34,7,7,16,28,4,10,1.4142135623730951,45
3545,4386,1,1,0,0.2928932188134524,28,34,7,7,17,28,4,10,1.4142135623730951,45
3545,4387,1,1,0,0.2928932188134524,28,34,7,7,18,28,4,10,1.4142135623730951,45
3545,4388,1,1,0,0.2928932188134524,28,34,7,7,19,28,4,10,1.4142135623730951,45
3545,4389,1,1,0,0.2928932188134524,28,34,7,7,20,28,4,10,1.4142135623730951,45
3545,4390,1,1,0,0.2928932188134524,28,34,7,7,21,28,4,10,1.4142135623730951,45
3545,4391,1,1,0,0.2928932188134524,28,34,7,7,22,28,4,10,1.4142135623730951,45
3545,4392,1,1,0,0.2928932188134524,28,34,7,7,23,28,4,10,1.4142135623730951,45
3545,4393,1,1,0,0.2928932188134524,28,34,7,7,24,28,4,10,1.4142135623730951,45
3545,4394,1,1,0,0.2928932188134524,28,34,7,7,25,28,4,10,1.4142135623730951,45
3545,4395,1,1,0,0.2928932188134524,28,34,7,7,26,28,4,10,1.4142135623730951,45
3545,4396,1,1,0,0.2928932188134524,28,34,7,7,27,28,4,10,1.4142135623730951,45
3545,4397,1,0.959,3.782862911805296e-12,0.29289321930414747,28,34,7,7,10,29,4,10,1.385525532063556,43.80102906682782
3545,4398,1,0.957,5.982880857402506e-12,0.29289321944366353,28,34,7,7,11,29,4,10,1.3841419724869266,43.7412763666856
3545,4399,1,0.955,9.884648655145156e-12,0.29289321964301673,28,34,7,7,12,29,4,10,1.3827599213167845,43.681404157171436
3545,4400,1,0.953,1.712652242247259e-11,0.2928932199367046,28,34,7,7,13,29,4,10,1.3813793830805496,43.62141221053497
3545,4401,1,0.95,3.13112868965959e-11,0.29289322038106824,28,34,7,7,14,29,4,10,1.379311422413372,43.53119928561418
3545,4402,1,0.948,5.973321837160483e-11,0.29289322106696736,28,34,7,7,15,29,4,10,1.3779346864057092,43.470907000688804
3545,4403,1,0.945,1.1864509374959198e-10,0.29289322214448776,28,34,7,7,16,29,4,10,1.3758724504836921,43.38024250274473
3545,4404,1,0.942,2.4499002826416927e-10,0.29289322386997596,28,34,7,7,17,29,4,10,1.3738136700440857,43.289306039103366
3545,4405,1,0.938,5.252019930068741e-10,0.292893226750352,28,34,7,7,18,29,4,10,1.3710740315533658,43.16763304046667
3545,4406,1,0.934,1.2179059982742046e-9,0.29289323199768524,28,34,7,7,19,29,4,10,1.3683406008739198,43.045473375173806
3545,4407,1,0.929,3.215473887152598e-9,0.2928932426386931,28,34,7,7,20,29,4,10,1.3649325990685401,42.8920866639288
3545,4408,1,0.923,9.842623049927113e-9,0.2928932671136055,28,34,7,7,21,29,4,10,1.3608559806239602,42.707010169212275
3545,4409,1,0.917,3.542726190186585e-8,0.29289333104888016,28,34,7,7,22,29,4,10,1.3567936468011634,42.52082345847564
3545,4410,1,0.91,1.401291415126238e-7,0.2928935120850281,28,34,7,7,23,29,4,10,1.3520724832641184,42.3021943666837
3545,4411,1,0.9,5.352821011994635e-7,0.2928940273923091,28,34,7,7,24,29,4,10,1.3453624047073711,41.98721249581666
3545,4412,1,0.889,2.025247773040917e-6,0.2928957960550631,28,34,7,7,25,29,4,10,1.3380287739805896,41.63709543013025
3545,4413,1,0.875,9.012175492428831e-6,0.29290469582625567,28,34,7,7,26,29,4,10,1.3287682265918312,41.18592516570965
3545,4414,1,0.857,4.499767607124561e-5,0.2929766392503096,28,34,7,7,27,29,4,10,1.3169848138835922,40.59657583596283
3545,4415,0.999,0.834,2.2277061920883412e-4,0.29420162672272077,28,34,7,7,28,29,4,10,1.3013673578202274,39.85630524032165
3545,4416,1,0.917,3.2414303463568217e-9,0.29289340611977976,28,34,7,7,10,30,4,10,1.3567936468011634,42.52082345847564
3545,4417,1,0.913,4.956479893181154e-9,0.292893455878386,28,34,7,7,11,30,4,10,1.3540934236602733,42.39607920836728
3545,4418,1,0.91,7.857358541585313e-9,0.2928935256114654,28,34,7,7,12,30,4,10,1.3520724832641184,42.3021943666837
3545,4419,1,0.905,1.2986632214051497e-8,0.2928936258804635,28,34,7,7,13,30,4,10,1.348712348872064,42.14509520315724
3545,4420,1,0.9,2.2360826856804294e-8,0.2928937731439589,28,34,7,7,14,30,4,10,1.3453624047073711,41.98721249581666
3545,4421,1,0.895,4.0058828143507696e-8,0.29289399275006234,28,34,7,7,15,30,4,10,1.3420227270802831,41.82854278370222
3545,4422,1,0.889,7.407593782815525e-8,0.292894325030436,28,34,7,7,16,30,4,10,1.3380287739805896,41.63709543013025
3545,4423,1,0.883,1.4169715145673223e-7,0.2928948380407085,28,34,7,7,17,30,4,10,1.3340498491435768,41.4445038973404
3545,4424,1,0.875,2.8215112679585985e-7,0.29289566616504514,28,34,7,7,18,30,4,10,1.3287682265918312,41.18592516570965
3545,4425,1,0.867,6.043179821002553e-7,0.2928971178683941,28,34,7,7,19,30,4,10,1.323513883569039,40.92528797789907
3545,4426,1,0.857,1.4272095474332502e-6,0.29289991690975914,28,34,7,7,20,30,4,10,1.3169848138835922,40.59657583596283
3545,4427,1,0.846,3.7528787119045504e-6,0.29290589889965013,28,34,7,7,21,30,4,10,1.30985342691463,40.23122105657414
3545,4428,1,0.833,1.1033843388075226e-5,0.29291978318467027,28,34,7,7,22,30,4,10,1.3014949097096,39.79429794346564
3545,4429,1,0.819,3.3527374430963874e-5,0.2929523721935492,28,34,7,7,23,30,4,10,1.2925792045364184,39.31747620953449
3545,4430,1,0.8,9.535290205409108e-5,0.2930266687123795,28,34,7,7,24,30,4,10,1.2806248474865698,38.659808254090095
3545,4431,1,0.778,2.780133378916805e-4,0.2932240514117852,28,34,7,7,25,30,4,10,1.266998026833507,37.88291605856699
3545,4432,0.999,0.75,8.911006023828438e-4,0.2938686077494257,28,34,7,7,26,30,4,10,1.2492001440922107,36.89741723042958
3545,4433,0.997,0.714,0.002705860539633287,0.2963144124875713,28,34,7,7,27,30,4,10,1.226297272279442,35.60828588341545
3545,4434,0.985,0.667,0.00822415074050753,0.30753313335842347,28,34,7,7,28,30,4,10,1.1895856421460373,34.104182293121426
3545,4435,0.912,0.834,0.026200124883368203,0.340954686187539,28,34,7,7,29,30,4,10,1.2358397954427587,42.442095449807816
3545,4436,1,0.875,1.3049450608981772e-7,0.29289780038883095,28,34,7,7,10,31,4,10,1.3287682265918312,41.18592516570965
3545,4437,1,0.87,1.9399181905299656e-7,0.29289894153768015,28,34,7,7,11,31,4,10,1.3254810447531868,41.023269024922435
3545,4438,1,0.864,2.979014269710589e-7,0.292900512606982,28,34,7,7,12,31,4,10,1.3215506044037815,40.8270155239205
3545,4439,1,0.858,4.734966732033996e-7,0.29290272294742925,28,34,7,7,13,31,4,10,1.317635761506191,40.62959351305883
3545,4440,1,0.85,7.802486818864196e-7,0.2929058862802849,28,34,7,7,14,31,4,10,1.3124404748406686,40.36453657309736
3545,4441,1,0.843,1.326739780593833e-6,0.29291046987519165,28,34,7,7,15,31,4,10,1.3079178108734508,40.1308887134993
3545,4442,1,0.834,2.312996688513813e-6,0.2929172022363751,28,34,7,7,16,31,4,10,1.3021351696348578,39.82810630428432
3545,4443,1,0.824,4.135506262104016e-6,0.2929273126829415,28,34,7,7,17,31,4,10,1.2957530628943155,39.48852258397938
3545,4444,1,0.813,7.723765278133676e-6,0.2929432172668023,28,34,7,7,18,31,4,10,1.2887858627405873,39.111110804715416
3545,4445,1,0.8,1.5446291588228078e-5,0.2929702366010304,28,34,7,7,19,31,4,10,1.2806248474865698,38.659808254090095
3545,4446,1,0.786,3.395626178215316e-5,0.2930201247871951,28,34,7,7,20,31,4,10,1.2719260984821406,38.1673468344621
3545,4447,1,0.769,8.221712191858188e-5,0.29311993809011705,28,34,7,7,21,31,4,10,1.2614915774590014,37.560284279318815
3545,4448,1,0.75,2.1183702595706233e-4,0.2933283128902999,28,34,7,7,22,31,4,10,1.25,36.86989764584402
3545,4449,0.999,0.728,5.405229576914694e-4,0.2937486577571804,28,34,7,7,23,31,4,10,1.2361169038565891,36.08189858557171
3545,4450,0.999,0.7,0.0012991428238556813,0.2945696253049894,28,34,7,7,24,31,4,10,1.219836464449231,35.01895575443812
3545,4451,0.997,0.667,0.0030700861865028406,0.29638782796161245,28,34,7,7,25,31,4,10,1.1995407454521918,33.78280049855468
3545,4452,0.992,0.625,0.007369243174208506,0.3008460047564394,28,34,7,7,26,31,4,10,1.1724713216108955,32.2125815798382
3545,4453,0.978,0.572,0.01806148054716339,0.31227757306402393,28,34,7,7,27,31,4,10,1.1329907325305004,30.321959627420835
3545,4454,0.934,0.5,0.047414907210366675,0.34524782083200256,28,34,7,7,28,31,4,10,1.0594130450395636,28.161564144837747
3545,4455,0.783,0.667,0.12320032857193619,0.4185591010395091,28,34,7,7,29,31,4,10,1.0285805753561557,40.426078740099136
3545,4456,0.517,0.834,0.18366189143387401,0.46177977157932926,28,34,7,7,30,31,4,10,0.9812466560452575,58.205057295713296
3545,4457,1,0.834,1.5158160812100974e-6,0.29293136130225006,28,34,7,7,10,32,4,10,1.3021351696348578,39.82810630428432
3545,4458,1,0.826,2.195130154647451e-6,0.29294030124294246,28,34,7,7,11,32,4,10,1.2970258285785985,39.556706487655674
3545,4459,1,0.819,3.2680169989030006e-6,0.292952413407247,28,34,7,7,12,32,4,10,1.2925792045364184,39.31747620953449
3545,4460,1,0.81,5.0128875517252425e-6,0.2929691292780032,28,34,7,7,13,32,4,10,1.2868954891520912,39.007472552121044
3545,4461,1,0.8,7.933634157408775e-6,0.29299252884026783,28,34,7,7,14,32,4,10,1.2806248474865698,38.659808254090095
3545,4462,1,0.79,1.2919350928952689e-5,0.2930256431580299,28,34,7,7,15,32,4,10,1.2744018204632321,38.30873556744772
3545,4463,1,0.778,2.1603291330718477e-5,0.2930731585157732,28,34,7,7,16,32,4,10,1.266998026833507,37.88291605856699
3545,4464,1,0.765,3.725367087115128e-5,0.2931430114816853,28,34,7,7,17,32,4,10,1.2590571869458511,37.41598861857788
3545,4465,1,0.75,6.67998019436844e-5,0.29325063338904434,28,34,7,7,18,32,4,10,1.25,36.86989764584402
3545,4466,1,0.733,1.275292499578473e-4,0.293428589281297,28,34,7,7,19,32,4,10,1.2398745904324355,36.24141615772501
3545,4467,1,0.714,2.626333306616768e-4,0.29374454490786117,28,34,7,7,20,32,4,10,1.2287375635179385,35.52683658500573
3545,4468,0.999,0.692,5.863803540478996e-4,0.29433917465507686,28,34,7,7,21,32,4,10,1.2152633459460547,34.71006265905596
3545,4469,0.998,0.667,0.0013626398023920405,0.2954680196226548,28,34,7,7,22,32,4,10,1.2003720256653767,33.75625947840964
3545,4470,0.997,0.637,0.002997157508630388,0.29748572534132334,28,34,7,7,23,32,4,10,1.183122140778373,32.5751907392162
3545,4471,0.994,0.6,0.006176014086493931,0.3010070455730829,28,34,7,7,24,32,4,10,1.1610495252141486,31.116093548476528
3545,4472,0.986,0.556,0.01294830811451797,0.30780519152313257,28,34,7,7,25,32,4,10,1.1319593632282035,29.41841315195077
3545,4473,0.97,0.5,0.027904053506613735,0.3215763161522265,28,34,7,7,26,32,4,10,1.091283647820309,27.269471988458072
3545,4474,0.933,0.429,0.06059407636553871,0.3503930609808169,28,34,7,7,27,32,4,10,1.0269031113011586,24.69330621178924
3545,4475,0.842,0.333,0.13734919905359888,0.41678150455041474,28,34,7,7,28,32,4,10,0.9054573430040754,21.578149785570016
3545,4476,0.62,0.5,0.2867794112369638,0.5317399712715883,28,34,7,7,29,32,4,10,0.7964923100695951,38.884496433714595
3545,4477,0.378,0.667,0.4243485101006148,0.6063177870366214,28,34,7,7,30,32,4,10,0.7666635507183057,60.459050401226975
3545,4478,0.432,0.834,0.27238361970660663,0.5122122269957634,28,34,7,7,31,32,4,10,0.939244377145799,62.616493361233395
3545,4479,1,0.792,8.970452440304477e-6,0.2930687106814158,28,34,7,7,10,33,4,10,1.2756425831713207,38.379223917685025
3545,4480,1,0.783,1.2708893026180945e-5,0.2931075283408643,28,34,7,7,11,33,4,10,1.2700744072691175,38.060944025477326
3545,4481,1,0.773,1.8494187517648086e-5,0.2931593635209051,28,34,7,7,12,33,4,10,1.2639339381470853,37.70402318982563
3545,4482,1,0.762,2.7699769272415686e-5,0.2932296964053487,28,34,7,7,13,33,4,10,1.2572366523451342,37.30740066286194
3545,4483,1,0.75,4.268989665845435e-5,0.2933263053924029,28,34,7,7,14,33,4,10,1.25,36.86989764584402
3545,4484,1,0.737,6.739426034507723e-5,0.29346037801654934,28,34,7,7,15,33,4,10,1.2422435348996588,36.39021467612443
3545,4485,1,0.722,1.0897723568192852e-4,0.29364917391359135,28,34,7,7,16,33,4,10,1.2334034214319336,35.82928433102471
3545,4486,1,0.706,1.810373227285611e-4,0.29392197317643265,28,34,7,7,17,33,4,10,1.2241062045427267,35.222091694589956
3545,4487,0.999,0.688,3.125881755355886e-4,0.29433475429285105,28,34,7,7,18,33,4,10,1.2129901071319584,34.55474494650793
3545,4488,0.999,0.667,5.727402010413662e-4,0.29500054368705886,28,34,7,7,19,33,4,10,1.2012035630982785,33.729755198814786
3545,4489,0.998,0.643,0.0011266245640859651,0.29613952235641305,28,34,7,7,20,33,4,10,1.1872038578104436,32.79322086692087
3545,4490,0.996,0.615,0.002342759637512737,0.29816230614424133,28,34,7,7,21,33,4,10,1.1705729366425657,31.694080759199956
3545,4491,0.994,0.584,0.004881244674975527,0.3016890660826156,28,34,7,7,22,33,4,10,1.152862524328031,30.435307022972733
3545,4492,0.989,0.545,0.009694105966022049,0.3074100150942667,28,34,7,7,23,33,4,10,1.1292236270996105,28.85747506609787
3545,4493,0.98,0.5,0.01855815114031456,0.3165754358067727,28,34,7,7,24,33,4,10,1.1001818031580053,27.03086025984298
3545,4494,0.962,0.444,0.036019084576153104,0.3325132564946761,28,34,7,7,25,33,4,10,1.0595187586824502,24.77514056883192
3545,4495,0.927,0.375,0.07008754265185113,0.3609916237824238,28,34,7,7,26,33,4,10,0.999976999735494,22.02484593396929
3545,4496,0.857,0.286,0.13716598327025553,0.4139654677137121,28,34,7,7,27,33,4,10,0.9034627828527305,18.45500334765889
3545,4497,0.717,0.167,0.2716634890244758,0.5185963185365603,28,34,7,7,28,33,4,10,0.73619155116043,13.111284884616344
3545,4498,0.445,0.334,0.49536497421925285,0.6721180654490512,28,34,7,7,29,33,4,10,0.5564000359453619,36.89049282091427
3545,4499,0.275,0.5,0.6366243381296979,0.7338746615607503,28,34,7,7,30,33,4,10,0.5706356105256664,61.18920625702693
3545,4500,0.42,0.667,0.3791863678918769,0.5691549356346663,28,34,7,7,31,33,4,10,0.7882188782311674,57.801987812494076
3545,4501,0.784,0.834,0.06764153233807513,0.3840565885520466,28,34,7,7,32,33,4,10,1.1446449231093456,46.770010867001005
3545,4502,1,0.75,3.5522357193396026e-5,0.2934441300287697,28,34,7,7,10,34,4,10,1.25,36.86989764584402
3545,4503,1,0.739,4.950199334941008e-5,0.2935594065623415,28,34,7,7,11,34,4,10,1.2434311400314855,36.46440107064317
3545,4504,1,0.728,7.068120439546188e-5,0.29371134040449665,28,34,7,7,12,34,4,10,1.2369252200517216,36.05461816646104
3545,4505,1,0.715,1.0345965057800832e-4,0.2939144251920639,28,34,7,7,13,34,4,10,1.2293189171244376,35.56476799303516
3545,4506,1,0.7,1.553190944560967e-4,0.2941888781347627,28,34,7,7,14,34,4,10,1.2206555615733703,34.99202019855866
3545,4507,0.999,0.685,2.383142113669967e-4,0.29456356397470795,28,34,7,7,15,34,4,10,1.2112910467761249,34.43787471334586
3545,4508,0.999,0.667,3.740074734850385e-4,0.2950830054670326,28,34,7,7,16,34,4,10,1.2012035630982785,33.729755198814786
3545,4509,0.998,0.647,6.038972333209935e-4,0.29582255018840065,28,34,7,7,17,34,4,10,1.1893750459800307,32.955203935520316
3545,4510,0.998,0.625,0.0010145752570547284,0.2969231314519709,28,34,7,7,18,34,4,10,1.1775521219886618,32.056959195154654
3545,4511,0.996,0.6,0.0017993244250388285,0.2986565060248555,28,34,7,7,19,34,4,10,1.1627622284886967,31.065164885498643
3545,4512,0.994,0.572,0.00336568619556854,0.3015168061199144,28,34,7,7,20,34,4,10,1.1468304146646966,29.918391671395902
3545,4513,0.99,0.539,0.006538641929468736,0.30632399721252423,28,34,7,7,21,34,4,10,1.1272182574816645,28.56583679374657
3545,4514,0.984,0.5,0.012697944411430684,0.3140947953813532,28,34,7,7,22,34,4,10,1.1037463476723264,26.936493490448793
3545,4515,0.973,0.455,0.023588132158610997,0.3257529644957162,28,34,7,7,23,34,4,10,1.0741294149216845,25.06200825579446
3545,4516,0.954,0.4,0.04238659409069068,0.34322376880697447,28,34,7,7,24,34,4,10,1.0344641124756335,22.747681019876847
3545,4517,0.92,0.333,0.07608481580984927,0.37127481436460463,28,34,7,7,25,34,4,10,0.9784114676351663,19.898053471230824
3545,4518,0.86,0.25,0.13592353399191093,0.41726684529018776,28,34,7,7,26,34,4,10,0.8956003573022958,16.20902492780798
3545,4519,0.754,0.143,0.24351148787776444,0.49598192342838376,28,34,7,7,27,34,4,10,0.7674405514435629,10.73889710090544
3545,4520,0.57,0,0.43183286499337525,0.6341393549758094,28,34,7,7,28,34,4,10,0.57,0
3545,4521,0.271,0.167,0.7072551924185966,0.8143857184237356,28,34,7,7,29,34,4,10,0.3183237345847777,31.642877285701115
3545,4522,0.201,0.333,0.7506721300448781,0.7889531125017742,28,34,7,7,30,34,4,10,0.38896015220071073,58.88466768525817
3545,4523,0.54,0.5,0.3537291430516478,0.5569459592775661,28,34,7,7,31,34,4,10,0.735934779718964,42.797401838234194
3545,4524,0.888,0.667,0.06065652537109245,0.3742214894852348,28,34,7,7,32,34,4,10,1.1106002881325037,36.9111695850504
3545,4525,0.996,0.834,0.0012691107864011286,0.30191486715487315,28,34,7,7,33,34,4,10,1.299065818193982,39.94110195601155
3545,4526,1,0.76,1.0743407000612937e-4,0.29422170413196724,28,34,7,7,10,35,4,10,1.2560254774486066,37.23483398157467
3545,4527,1,0.75,1.472502950927712e-4,0.2944852832244722,28,34,7,7,11,35,4,10,1.25,36.86989764584402
3545,4528,0.999,0.739,2.064555118888034e-4,0.29482861246671344,28,34,7,7,12,35,4,10,1.2426270558779895,36.49180447648103
3545,4529,0.999,0.727,2.961699955182917e-4,0.2952814976879161,28,34,7,7,13,35,4,10,1.2355282271158357,36.04442062634799
3545,4530,0.999,0.714,4.345332184153561e-4,0.29588498816828146,28,34,7,7,14,35,4,10,1.227923857574239,35.553950378731706
3545,4531,0.998,0.7,0.00065184804740892055,0.29669745038715123,28,34,7,7,15,35,4,10,1.2190176372801174,35.04592750208645
3545,4532,0.997,0.684,0.0010008078065268933,0.29780884467732016,28,34,7,7,16,35,4,10,1.209076093552428,34.45238895686392
3545,4533,0.996,0.667,0.0015805619858485498,0.29937036537684825,28,34,7,7,17,35,4,10,1.198709722993853,33.80937832428409
3545,4534,0.994,0.647,0.0025868150735579576,0.3016575969105625,28,34,7,7,18,35,4,10,1.1860206574929462,33.06032168933993
3545,4535,0.991,0.625,0.004426919262137785,0.3051769275840207,28,34,7,7,19,35,4,10,1.1716253667448482,32.238649817393316
3545,4536,0.986,0.6,0.00793780406961031,0.3107832575712933,28,34,7,7,20,35,4,10,1.1542079535335044,31.321318419101328
3545,4537,0.978,0.572,0.014701497527520035,0.31972630169482963,28,34,7,7,21,35,4,10,1.1329907325305004,30.321959627420835
3545,4538,0.965,0.539,0.026956530765451236,0.3332492512073003,28,34,7,7,22,35,4,10,1.1053261961973035,29.185508112727142
3545,4539,0.945,0.5,0.047148406130710585,0.35229082787439336,28,34,7,7,23,35,4,10,1.0691234727570058,27.883340620448212
3545,4540,0.912,0.454,0.0795897802553227,0.37933886480672674,28,34,7,7,24,35,4,10,1.018754141095878,26.464444117153604
3545,4541,0.858,0.4,0.133332585672006,0.4201269697004689,28,34,7,7,25,35,4,10,0.9466593896433922,24.99495508242177
3545,4542,0.771,0.333,0.2218192779754431,0.48279206914007655,28,34,7,7,26,35,4,10,0.8398392703368901,23.359835246064495
3545,4543,0.631,0.25,0.3670609276249076,0.5828657021297508,28,34,7,7,27,35,4,10,0.6787201190476086,21.613298163846892
3545,4544,0.413,0.143,0.5953856681250886,0.743108105027326,28,34,7,7,28,35,4,10,0.43705606047737167,19.09825672226366
3545,4545,0.108,0.286,0.892882968711381,0.9318524684596944,28,34,7,7,29,35,4,10,0.30571228303749914,69.31234142956515
3545,4546,0.294,0.429,0.6874482415467631,0.7565204165231109,28,34,7,7,30,35,4,10,0.5200740331914293,55.576586544968755
3545,4547,0.683,0.572,0.2835419289106522,0.5111136142994945,28,34,7,7,31,35,4,10,0.8908832695701497,39.94555762770863
3545,4548,0.934,0.714,0.04711544486379449,0.3519154394717936,28,34,7,7,32,35,4,10,1.1756496076637801,37.39624760453568
3545,4549,0.998,0.857,0.0010342923933088777,0.2975311318866918,28,34,7,7,33,35,4,10,1.315466837286292,40.65326144924435
3545,4550,1,1,0,0.2928932188134524,28,34,7,7,34,35,4,10,1.4142135623730951,45
3545,4704,1,1,0,0.2928932188134524,28,34,7,7,10,28,7,10,1.4142135623730951,45
3545,4705,1,1,0,0.2928932188134524,28,34,7,7,11,28,7,10,1.4142135623730951,45
3545,4706,1,1,0,0.2928932188134524,28,34,7,7,12,28,7,10,1.4142135623730951,45
3545,4707,1,1,0,0.2928932188134524,28,34,7,7,13,28,7,10,1.4142135623730951,45
3545,4708,1,1,0,0.2928932188134524,28,34,7,7,14,28,7,10,1.4142135623730951,45
3545,4709,1,1,0,0.2928932188134524,28,34,7,7,15,28,7,10,1.4142135623730951,45
3545,4710,1,1,0,0.2928932188134524,28,34,7,7,16,28,7,10,1.4142135623730951,45
3545,4711,1,1,0,0.2928932188134524,28,34,7,7,17,28,7,10,1.4142135623730951,45
3545,4712,1,1,0,0.2928932188134524,28,34,7,7,18,28,7,10,1.4142135623730951,45
3545,4713,1,1,0,0.2928932188134524,28,34,7,7,19,28,7,10,1.4142135623730951,45
3545,4714,1,1,0,0.2928932188134524,28,34,7,7,20,28,7,10,1.4142135623730951,45
3545,4715,1,1,0,0.2928932188134524,28,34,7,7,21,28,7,10,1.4142135623730951,45
3545,4716,1,1,0,0.2928932188134524,28,34,7,7,22,28,7,10,1.4142135623730951,45
3545,4717,1,1,0,0.2928932188134524,28,34,7,7,23,28,7,10,1.4142135623730951,45
3545,4718,1,1,0,0.2928932188134524,28,34,7,7,24,28,7,10,1.4142135623730951,45
3545,4719,1,1,0,0.2928932188134524,28,34,7,7,25,28,7,10,1.4142135623730951,45
3545,4720,1,1,0,0.2928932188134524,28,34,7,7,26,28,7,10,1.4142135623730951,45
3545,4721,1,1,0,0.2928932188134524,28,34,7,7,27,28,7,10,1.4142135623730951,45
3545,4722,1,0.959,4.9564574666760564e-11,0.292893220864781,28,34,7,7,10,29,7,10,1.385525532063556,43.80102906682782
3545,4723,1,0.957,8.02756749962441e-11,0.29289322151025454,28,34,7,7,11,29,7,10,1.3841419724869266,43.7412763666856
3545,4724,1,0.955,1.342846944751841e-10,0.29289322243258453,28,34,7,7,12,29,7,10,1.3827599213167845,43.681404157171436
3545,4725,1,0.953,2.318962799563451e-10,0.2928932237731534,28,34,7,7,13,29,7,10,1.3813793830805496,43.62141221053497
3545,4726,1,0.95,4.105636941531543e-10,0.2928932257570618,28,34,7,7,14,29,7,10,1.379311422413372,43.53119928561418
3545,4727,1,0.948,7.468601292970334e-10,0.29289322876217794,28,34,7,7,15,29,7,10,1.3779346864057092,43.470907000688804
3545,4728,1,0.945,1.4191903208171652e-9,0.29289323347514373,28,34,7,7,16,29,7,10,1.3758724504836921,43.38024250274473
3545,4729,1,0.942,2.8540939611687577e-9,0.2928932412630495,28,34,7,7,17,29,7,10,1.3738136700440857,43.289306039103366
3545,4730,1,0.938,6.127254148502459e-9,0.2928932550565754,28,34,7,7,18,29,7,10,1.3710740315533658,43.16763304046667
3545,4731,1,0.934,1.440198349467181e-8,0.2928932815278382,28,34,7,7,19,29,7,10,1.3683406008739198,43.045473375173806
3545,4732,1,0.929,3.7400109897944844e-8,0.2928933369799175,28,34,7,7,20,29,7,10,1.3649325990685401,42.8920866639288
3545,4733,1,0.923,1.0686828133543713e-7,0.29289346305182973,28,34,7,7,21,29,7,10,1.3608559806239602,42.707010169212275
3545,4734,1,0.917,3.179353180726707e-7,0.292893764213754,28,34,7,7,22,29,7,10,1.3567936468011634,42.52082345847564
3545,4735,1,0.91,9.232510836953978e-7,0.292894496361625,28,34,7,7,23,29,7,10,1.3520724832641184,42.3021943666837
3545,4736,1,0.9,2.603615277374516e-6,0.2928964732441758,28,34,7,7,24,29,7,10,1.3453624047073711,41.98721249581666
3545,4737,1,0.889,8.076645245380654e-6,0.29290326168988856,28,34,7,7,25,29,7,10,1.3380287739805896,41.63709543013025
3545,4738,1,0.875,2.7404005061737458e-5,0.2929338350237467,28,34,7,7,26,29,7,10,1.3287682265918312,41.18592516570965
3545,4739,1,0.857,9.30265369120109e-5,0.2931351369194749,28,34,7,7,27,29,7,10,1.3169848138835922,40.59657583596283
3545,4740,0.999,0.834,3.356716822729977e-4,0.29523743108011713,28,34,7,7,28,29,7,10,1.3013673578202274,39.85630524032165
3545,4741,1,0.917,3.692456718162873e-8,0.2928939717825162,28,34,7,7,10,30,7,10,1.3567936468011634,42.52082345847564
3545,4742,1,0.913,5.73052498786808e-8,0.2928941905967255,28,34,7,7,11,30,7,10,1.3540934236602733,42.39607920836728
3545,4743,1,0.91,9.131539990825388e-8,0.29289449542398416,28,34,7,7,12,30,7,10,1.3520724832641184,42.3021943666837
3545,4744,1,0.905,1.494756550757259e-7,0.2928949264770444,28,34,7,7,13,30,7,10,1.348712348872064,42.14509520315724
3545,4745,1,0.9,2.5054929075896126e-7,0.2928955467420554,28,34,7,7,14,30,7,10,1.3453624047073711,41.98721249581666
3545,4746,1,0.895,4.3125272930488734e-7,0.29289646101022593,28,34,7,7,15,30,7,10,1.3420227270802831,41.82854278370222
3545,4747,1,0.889,7.704274096465014e-7,0.29289785730652307,28,34,7,7,16,30,7,10,1.3380287739805896,41.63709543013025
3545,4748,1,0.883,1.4341958927133192e-6,0.292900098763224,28,34,7,7,17,30,7,10,1.3340498491435768,41.4445038973404
3545,4749,1,0.875,2.8113536497675895e-6,0.2929039247783569,28,34,7,7,18,30,7,10,1.3287682265918312,41.18592516570965
3545,4750,1,0.867,5.9278439586973874e-06,0.2929108993298103,28,34,7,7,19,30,7,10,1.323513883569039,40.92528797789907
3545,4751,1,0.857,1.3465837083059817e-5,0.29292442736043134,28,34,7,7,20,30,7,10,1.3169848138835922,40.59657583596283
3545,4752,1,0.846,3.22560057806065e-5,0.2929517255140961,28,34,7,7,21,30,7,10,1.30985342691463,40.23122105657414
3545,4753,1,0.833,7.692473251907916e-5,0.29300675417304944,28,34,7,7,22,30,7,10,1.3014949097096,39.79429794346564
3545,4754,1,0.819,1.7642927293959332e-4,0.29311751429667676,28,34,7,7,23,30,7,10,1.2925792045364184,39.31747620953449
3545,4755,1,0.8,4.1362104684583567e-4,0.2933620250010158,28,34,7,7,24,30,7,10,1.2806248474865698,38.659808254090095
3545,4756,0.999,0.778,0.0010143332219825218,0.29398043778371974,28,34,7,7,25,30,7,10,1.266208908513915,37.910701733027835
3545,4757,0.997,0.75,0.0024026875400275927,0.2956941669549248,28,34,7,7,26,30,7,10,1.2476012984924312,36.952562227091214
3545,4758,0.992,0.714,0.005575781977303573,0.3008889458866131,28,34,7,7,27,30,7,10,1.222235656491824,35.74475693800817
3545,4759,0.973,0.667,0.013778568734533647,0.31794119216344563,28,34,7,7,28,30,7,10,1.1796685975306793,34.43097799398074
3545,4760,0.883,0.834,0.032935797696916014,0.3501660391970226,28,34,7,7,29,30,7,10,1.214596640864777,43.36532824501177
3545,4761,1,0.875,1.3308012400958802e-6,0.29291095569118597,28,34,7,7,10,31,7,10,1.3287682265918312,41.18592516570965
3545,4762,1,0.87,1.9908795465539697e-6,0.2929157406807279,28,34,7,7,11,31,7,10,1.3254810447531868,41.023269024922435
3545,4763,1,0.864,3.038710650105081e-6,0.29292226728711634,28,34,7,7,12,31,7,10,1.3215506044037815,40.8270155239205
3545,4764,1,0.858,4.734665227545953e-6,0.29293129655102945,28,34,7,7,13,31,7,10,1.317635761506191,40.62959351305883
3545,4765,1,0.85,7.564836938422914e-6,0.29294401143681104,28,34,7,7,14,31,7,10,1.3124404748406686,40.36453657309736
3545,4766,1,0.843,1.241328008139142e-5,0.2929623662732139,28,34,7,7,15,31,7,10,1.3079178108734508,40.1308887134993
3545,4767,1,0.834,2.1110057414008843e-5,0.29298980866946167,28,34,7,7,16,31,7,10,1.3021351696348578,39.82810630428432
3545,4768,1,0.824,3.752269510770567e-5,0.29303276666399236,28,34,7,7,17,31,7,10,1.2957530628943155,39.48852258397938
3545,4769,1,0.813,7.021014849428742e-5,0.29310362138806245,28,34,7,7,18,31,7,10,1.2887858627405873,39.111110804715416
3545,4770,1,0.8,0.00013867590294225351,0.2932264916241992,28,34,7,7,19,31,7,10,1.2806248474865698,38.659808254090095
3545,4771,1,0.786,2.868500434922705e-4,0.2934474753599732,28,34,7,7,20,31,7,10,1.2719260984821406,38.1673468344621
3545,4772,0.999,0.769,6.073646769116925e-4,0.2938468456658486,28,34,7,7,21,31,7,10,1.2606990124530122,37.58798896461457
3545,4773,0.999,0.75,0.0012549514319585287,0.2945498784376269,28,34,7,7,22,31,7,10,1.2492001440922107,36.89741723042958
3545,4774,0.998,0.728,0.002466019879195147,0.29578935409619855,28,34,7,7,23,31,7,10,1.2353088682592706,36.10921470001234
3545,4775,0.995,0.7,0.00479131809233424,0.29813952725832993,28,34,7,7,24,31,7,10,1.21656278095296,35.12706050628485
3545,4776,0.99,0.667,0.009500945628384216,0.3028862802617518,28,34,7,7,25,31,7,10,1.1937290312294495,33.969621852620115
3545,4777,0.978,0.625,0.019232925512013055,0.31271196856642836,28,34,7,7,26,31,7,10,1.1606502487829828,32.58099045194743
3545,4778,0.95,0.572,0.04016834957604709,0.3342997316244587,28,34,7,7,27,31,7,10,1.1089111776873746,31.052367317462853
3545,4779,0.878,0.5,0.08682518425608488,0.3829886129975457,28,34,7,7,28,31,7,10,1.0103880442681417,29.66047804911332
3545,4780,0.687,0.667,0.17233336422326795,0.453324426123348,28,34,7,7,29,31,7,10,0.9575270231173636,44.1537427909406
3545,4781,0.481,0.834,0.20065738790524745,0.4718400217175934,28,34,7,7,30,31,7,10,0.9627652881154368,60.026291117208615
3545,4782,1,0.834,1.388526221146602e-5,0.2930358235530358,28,34,7,7,10,32,7,10,1.3021351696348578,39.82810630428432
3545,4783,1,0.826,2.0211176452122892e-5,0.2930717617569746,28,34,7,7,11,32,7,10,1.2970258285785985,39.556706487655674
3545,4784,1,0.819,3.0055252008276412e-5,0.2931199438605371,28,34,7,7,12,32,7,10,1.2925792045364184,39.31747620953449
3545,4785,1,0.81,4.560927250796265e-5,0.2931854553446295,28,34,7,7,13,32,7,10,1.2868954891520912,39.007472552121044
3545,4786,1,0.8,7.063370292370585e-5,0.29327615973850385,28,34,7,7,14,32,7,10,1.2806248474865698,38.659808254090095
3545,4787,1,0.79,1.1230777636606071e-4,0.29340491859021356,28,34,7,7,15,32,7,10,1.2744018204632321,38.30873556744772
3545,4788,1,0.778,1.838350789492571e-4,0.2935939120902247,28,34,7,7,16,32,7,10,1.266998026833507,37.88291605856699
3545,4789,0.999,0.765,3.1276974512794986e-4,0.29388285229510014,28,34,7,7,17,32,7,10,1.2582630885470654,37.443655943560536
3545,4790,0.999,0.75,5.58113226962198e-4,0.29434363292999777,28,34,7,7,18,32,7,10,1.2492001440922107,36.89741723042958
3545,4791,0.998,0.733,0.0010419064741591377,0.29510380552585846,28,34,7,7,19,32,7,10,1.2382620885741435,36.296126109556774
3545,4792,0.997,0.714,0.0019854715018341462,0.2963744072152431,28,34,7,7,20,32,7,10,1.226297272279442,35.60828588341545
3545,4793,0.996,0.692,0.0037239776699862226,0.2984573816057935,28,34,7,7,21,32,7,10,1.2127984168855104,34.79076592393926
3545,4794,0.992,0.667,0.006744229196932738,0.3017595594211241,28,34,7,7,22,32,7,10,1.1953882214577822,33.91605898783147
3545,4795,0.987,0.637,0.012023940953363788,0.3070390269636264,28,34,7,7,23,32,7,10,1.1747076231982152,32.83779648031817
3545,4796,0.977,0.6,0.021683276220364367,0.31593824694861783,28,34,7,7,24,32,7,10,1.1465291099662493,31.555120541386277
3545,4797,0.958,0.556,0.03958139771495539,0.33139741623120034,28,34,7,7,25,32,7,10,1.1076551810017412,30.12984154789708
3545,4798,0.922,0.5,0.07252122471097189,0.3588713462712285,28,34,7,7,26,32,7,10,1.0488488928344255,28.470948075573304
3545,4799,0.851,0.429,0.13589732882879413,0.41043929781377486,28,34,7,7,27,32,7,10,0.953017313588793,26.753258128771314
3545,4800,0.709,0.333,0.24935337601224672,0.5013802612609631,28,34,7,7,28,32,7,10,0.7833070917590367,25.15829878597393
3545,4801,0.447,0.5,0.4139396366438485,0.6052425133329764,28,34,7,7,29,32,7,10,0.6706780151458671,48.20328590290337
3545,4802,0.352,0.667,0.46476476744789785,0.6272168652473826,28,34,7,7,30,32,7,10,0.7541836646334896,62.17776992778235
3545,4803,0.446,0.834,0.2589987728992955,0.5046911820170022,28,34,7,7,31,32,7,10,0.9457652985809957,61.86336804608776
3545,4804,1,0.792,7.671259134767183e-5,0.29352755615012494,28,34,7,7,10,33,7,10,1.2756425831713207,38.379223917685025
3545,4805,1,0.783,1.0920169508998878e-4,0.29367764591707335,28,34,7,7,11,33,7,10,1.2700744072691175,38.060944025477326
3545,4806,1,0.773,1.5825118821299888e-4,0.2938760030339973,28,34,7,7,12,33,7,10,1.2639339381470853,37.70402318982563
3545,4807,0.999,0.762,2.3350494277174505e-4,0.2941418648615237,28,34,7,7,13,33,7,10,1.25644140332926,37.335039409695085
3545,4808,0.999,0.75,3.5176083408261505e-4,0.2945047644862485,28,34,7,7,14,33,7,10,1.2492001440922107,36.89741723042958
3545,4809,0.999,0.737,5.435110515893404e-4,0.29501228145447944,28,34,7,7,15,33,7,10,1.241438681530425,36.41759623176875
3545,4810,0.998,0.722,8.656131617411633e-4,0.2957441451482934,28,34,7,7,16,33,7,10,1.2317824483243784,35.883740957109076
3545,4811,0.997,0.706,0.0014294608885246918,0.29683658584466455,28,34,7,7,17,33,7,10,1.22165666207818,35.30324018898705
3545,4812,0.996,0.688,0.002438287256921856,0.29851944527198637,28,34,7,7,18,33,7,10,1.2105205491853495,34.635283354996076
3545,4813,0.993,0.667,0.004258286058176353,0.3011593408799407,28,34,7,7,19,33,7,10,1.1962182075190129,33.88933328707825
3545,4814,0.99,0.643,0.007496952457867523,0.3052743260464805,28,34,7,7,20,33,7,10,1.1804867640088135,33.00352032148276
3545,4815,0.984,0.615,0.013060331045088636,0.31147860695849605,28,34,7,7,21,33,7,10,1.1603796792429624,32.005383208083494
3545,4816,0.974,0.584,0.022194820418320993,0.32055271111496386,28,34,7,7,22,33,7,10,1.135663682610305,30.946451857422076
3545,4817,0.959,0.545,0.037236632033116446,0.3340218886967893,28,34,7,7,23,33,7,10,1.1030439701117993,29.609582844978405
3545,4818,0.933,0.5,0.06241770426567539,0.3548367063058687,28,34,7,7,24,33,7,10,1.058531529998044,28.187110181796363
3545,4819,0.891,0.444,0.10461202649100565,0.38770833535668403,28,34,7,7,25,33,7,10,0.9954983676531067,26.487833192140016
3545,4820,0.819,0.375,0.17624087854786474,0.4410749524907146,28,34,7,7,26,33,7,10,0.9007696708926205,24.601881005372277
3545,4821,0.697,0.286,0.29661045273616693,0.5300027577397058,28,34,7,7,27,33,7,10,0.7533956463903942,22.309813215078766
3545,4822,0.494,0.167,0.48184680427293425,0.6617786138771513,28,34,7,7,28,33,7,10,0.5214642844912776,18.678167772298107
3545,4823,0.236,0.334,0.6937312970660006,0.7821898757331491,28,34,7,7,29,33,7,10,0.40896454614061595,54.755475997591745
3545,4824,0.282,0.5,0.6232323122747065,0.719027793623958,28,34,7,7,30,33,7,10,0.574041810323952,60.577001718456515
3545,4825,0.521,0.667,0.30067372754521204,0.5291774776890285,28,34,7,7,31,33,7,10,0.8463628063661589,52.006268789364256
3545,4826,0.829,0.834,0.05533315726774668,0.3726482041825556,28,34,7,7,32,33,7,10,1.1759238920950623,45.172265805375446
3545,4827,0.999,0.75,2.84603038373743e-4,0.294818588837777,28,34,7,7,10,34,7,10,1.2492001440922107,36.89741723042958
3545,4828,0.999,0.739,3.9707973067204527e-4,0.2952479800207226,28,34,7,7,11,34,7,10,1.2426270558779895,36.49180447648103
3545,4829,0.998,0.728,5.637297661706953e-4,0.29580848040910723,28,34,7,7,12,34,7,10,1.2353088682592706,36.10921470001234
3545,4830,0.998,0.715,8.155940580619747e-4,0.29655040556444434,28,34,7,7,13,34,7,10,1.2276925510892374,35.61905608141482
3545,4831,0.997,0.7,0.0012045286729812643,0.2975501572805337,28,34,7,7,14,34,7,10,1.2181990806103902,35.07293550251782
3545,4832,0.995,0.685,0.0018204986958832992,0.2989283211613287,28,34,7,7,15,34,7,10,1.2079942052841148,34.545164922246514
3545,4833,0.993,0.667,0.0028207894437839443,0.3008800762584709,28,34,7,7,16,34,7,10,1.1962182075190129,33.88933328707825
3545,4834,0.991,0.647,0.004488331330437467,0.303721487092553,28,34,7,7,17,34,7,10,1.1835074989200534,33.139550847015464
3545,4835,0.987,0.625,0.007335855482258902,0.30794459504943617,28,34,7,7,18,34,7,10,1.168243981366906,32.34330013826957
3545,4836,0.981,0.6,0.012246018072737841,0.31424511155983026,28,34,7,7,19,34,7,10,1.149939563629324,31.450823014127717
3545,4837,0.972,0.572,0.020511822505344002,0.3234512011164411,28,34,7,7,20,34,7,10,1.1278155877624674,30.475848062580813
3545,4838,0.958,0.539,0.03375542367502593,0.3363928063876155,28,34,7,7,21,34,7,10,1.0992201781262934,29.363432295883644
3545,4839,0.938,0.5,0.05405430575792858,0.3541808294286828,28,34,7,7,22,34,7,10,1.0629412025131022,28.059803863672055
3545,4840,0.906,0.455,0.08505391312724975,0.3791152732883135,28,34,7,7,23,34,7,10,1.013834799166018,26.666146404345913
3545,4841,0.858,0.4,0.13319773863933437,0.4152393511891751,28,34,7,7,24,34,7,10,0.9466593896433922,24.99495508242177
3545,4842,0.785,0.333,0.20818909700016186,0.4685814674258689,28,34,7,7,25,34,7,10,0.8527097982314968,22.98684236953925
3545,4843,0.673,0.25,0.3242750558604437,0.5491383804218677,28,34,7,7,26,34,7,10,0.7179338409630793,20.378572717268078
3545,4844,0.506,0.143,0.4985198490426551,0.6705826437982978,28,34,7,7,27,34,7,10,0.5258184097195533,15.780753309515388
3545,4845,0.262,0,0.7368111196473215,0.8323393579607242,28,34,7,7,28,34,7,10,0.262,0
3545,4846,0.125,0.167,0.8641913157413474,0.8898067885052707,28,34,7,7,29,34,7,10,0.20860009587725506,53.185035970605455
3545,4847,0.385,0.333,0.560916869757218,0.6891387686145571,28,34,7,7,30,34,7,10,0.5090324154707635,40.85767720180893
3545,4848,0.717,0.5,0.21920212829800434,0.4810265883992244,28,34,7,7,31,34,7,10,0.8741218450536515,34.88999408233308
3545,4849,0.935,0.667,0.03694213355530995,0.34957663479471257,28,34,7,7,32,34,7,10,1.148526882576111,35.50288278845036
3545,4850,0.998,0.834,8.585464167352175e-4,0.29881536023360633,28,34,7,7,33,34,7,10,1.30059986160233,39.88453746411934
3545,4851,0.997,0.76,8.124327583768354e-4,0.29738282037463803,28,34,7,7,10,35,7,10,1.253638305094416,37.31779745546713
3545,4852,0.996,0.75,0.0011164278350616064,0.2983296711783423,28,34,7,7,11,35,7,10,1.2468023099112384,36.98018774930181
3545,4853,0.995,0.739,0.0015606804350126735,0.29955209059732324,28,34,7,7,12,35,7,10,1.239413571008483,36.60177347659559
3545,4854,0.993,0.727,0.0022182338777376742,0.30115184713442134,28,34,7,7,13,35,7,10,1.230681924788042,36.20878602423973
3545,4855,0.991,0.714,0.0032097765396049693,0.30328113031922754,28,34,7,7,14,35,7,10,1.2214241687472864,35.772160019495
3545,4856,0.988,0.7,0.0047356901126843765,0.3061740156576359,28,34,7,7,15,35,7,10,1.2108443335127765,35.31764899835184
3545,4857,0.984,0.684,0.007153933938595536,0.31019425056998995,28,34,7,7,16,35,7,10,1.1983789050212792,34.804011752713215
3545,4858,0.978,0.667,0.011083280360168035,0.31589572716312186,28,34,7,7,17,35,7,10,1.183796012833292,34.29414778450639
3545,4859,0.969,0.647,0.01759109800131775,0.32406488824554414,28,34,7,7,18,35,7,10,1.1651480592611396,33.730983333958996
3545,4860,0.956,0.625,0.028244863555813682,0.3356706304925198,28,34,7,7,19,35,7,10,1.1421738046374554,33.17528199960569
3545,4861,0.939,0.6,0.04504999540122212,0.35166585412270157,28,34,7,7,20,35,7,10,1.1143253564376967,32.577667909682
3545,4862,0.913,0.572,0.07002310759296548,0.37288575021005455,28,34,7,7,21,35,7,10,1.0773824761893986,32.06739160326049
3545,4863,0.877,0.539,0.10577374139650131,0.4006541895222673,28,34,7,7,22,35,7,10,1.0293930250395134,31.574684709226908
3545,4864,0.825,0.5,0.1572334592639767,0.437803402597403,28,34,7,7,23,35,7,10,0.9646890690787369,31.218402764346376
3545,4865,0.75,0.454,0.23215849218884044,0.48885838751003774,28,34,7,7,24,35,7,10,0.876707476870136,31.187917280045088
3545,4866,0.644,0.4,0.3402733686459094,0.5600403939415648,28,34,7,7,25,35,7,10,0.758113447974642,31.84516052865566
3545,4867,0.497,0.333,0.4935488536957672,0.6604021643995053,28,34,7,7,26,35,7,10,0.5982457688943567,33.82288087065125
3545,4868,0.297,0.25,0.7018687204251342,0.7992099466896376,28,34,7,7,27,35,7,10,0.38821257063624304,40.0890241533487
3545,4869,0.047,0.143,0.952382189246261,0.9664506013154583,28,34,7,7,28,35,7,10,0.15052574530624319,71.8057883297998
3545,4870,0.274,0.286,0.734246137434611,0.8114342553129893,28,34,7,7,29,35,7,10,0.39607070075934675,46.22757883213454
3545,4871,0.587,0.429,0.4099606923212302,0.5978935925573656,28,34,7,7,30,35,7,10,0.727055706256405,36.160632617849515
3545,4872,0.838,0.572,0.1404051310926595,0.4181900530733653,28,34,7,7,31,35,7,10,1.0146073132005307,34.316568302400704
3545,4873,0.971,0.714,0.023080170953449608,0.32449874735947437,28,34,7,7,32,35,7,10,1.20525391515647,36.32795240264527
3545,4874,0.999,0.857,4.8351752547470817e-4,0.2946455687287657,28,34,7,7,33,35,7,10,1.3162256645423687,40.624902299009705
3545,4875,1,1,0,0.2928932188134524,28,34,7,7,34,35,7,10,1.4142135623730951,45
3545,5029,1,1,0,0.2928932188134524,28,34,7,7,10,28,10,10,1.4142135623730951,45
3545,5030,1,1,0,0.2928932188134524,28,34,7,7,11,28,10,10,1.4142135623730951,45
3545,5031,1,1,0,0.2928932188134524,28,34,7,7,12,28,10,10,1.4142135623730951,45
3545,5032,1,1,0,0.2928932188134524,28,34,7,7,13,28,10,10,1.4142135623730951,45
3545,5033,1,1,0,0.2928932188134524,28,34,7,7,14,28,10,10,1.4142135623730951,45
3545,5034,1,1,0,0.2928932188134524,28,34,7,7,15,28,10,10,1.4142135623730951,45
3545,5035,1,1,1.1102230246251565e-16,0.29289321881345254,28,34,7,7,16,28,10,10,1.4142135623730951,45
3545,5036,1,1,0,0.2928932188134524,28,34,7,7,17,28,10,10,1.4142135623730951,45
3545,5037,1,1,0,0.2928932188134524,28,34,7,7,18,28,10,10,1.4142135623730951,45
3545,5038,1,1,0,0.2928932188134524,28,34,7,7,19,28,10,10,1.4142135623730951,45
3545,5039,1,1,0,0.2928932188134524,28,34,7,7,20,28,10,10,1.4142135623730951,45
3545,5040,1,1,0,0.2928932188134524,28,34,7,7,21,28,10,10,1.4142135623730951,45
3545,5041,1,1,0,0.2928932188134524,28,34,7,7,22,28,10,10,1.4142135623730951,45
3545,5042,1,1,0,0.2928932188134524,28,34,7,7,23,28,10,10,1.4142135623730951,45
3545,5043,1,1,0,0.2928932188134524,28,34,7,7,24,28,10,10,1.4142135623730951,45
3545,5044,1,1,0,0.2928932188134524,28,34,7,7,25,28,10,10,1.4142135623730951,45
3545,5045,1,1,0,0.2928932188134524,28,34,7,7,26,28,10,10,1.4142135623730951,45
3545,5046,1,1,0,0.2928932188134524,28,34,7,7,27,28,10,10,1.4142135623730951,45
3545,5047,1,0.959,3.4228442302719486e-10,0.29289322510046967,28,34,7,7,10,29,10,10,1.385525532063556,43.80102906682782
3545,5048,1,0.957,5.47506262549291e-10,0.2928932271281234,28,34,7,7,11,29,10,10,1.3841419724869266,43.7412763666856
3545,5049,1,0.955,8.938086937249068e-10,0.2928932300010607,28,34,7,7,12,29,10,10,1.3827599213167845,43.681404157171436
3545,5050,1,0.953,1.5087850968598104e-9,0.2928932341581739,28,34,7,7,13,29,10,10,1.3813793830805496,43.62141221053497
3545,5051,1,0.95,2.6290891685931683e-9,0.29289324034334274,28,34,7,7,14,29,10,10,1.379311422413372,43.53119928561418
3545,5052,1,0.948,4.734304503983822e-9,0.29289324989257237,28,34,7,7,15,29,10,10,1.3779346864057092,43.470907000688804
3545,5053,1,0.945,8.946307916701812e-9,0.2928932653429529,28,34,7,7,16,29,10,10,1.3758724504836921,43.38024250274473
3545,5054,1,0.942,1.7919728922954903e-8,0.2928932917639917,28,34,7,7,17,29,10,10,1.3738136700440857,43.289306039103366
3545,5055,1,0.938,3.820434246737392e-8,0.29289333979585164,28,34,7,7,18,29,10,10,1.3710740315533658,43.16763304046667
3545,5056,1,0.934,8.758769987071702e-8,0.2928934327970788,28,34,7,7,19,29,10,10,1.3683406008739198,43.045473375173806
3545,5057,1,0.929,2.1085762302863742e-7,0.29289362312769307,28,34,7,7,20,29,10,10,1.3649325990685401,42.8920866639288
3545,5058,1,0.923,5.25074391077851e-7,0.2928940261682228,28,34,7,7,21,29,10,10,1.3608559806239602,42.707010169212275
3545,5059,1,0.917,1.2581733008776297e-6,0.29289489654150846,28,34,7,7,22,29,10,10,1.3567936468011634,42.52082345847564
3545,5060,1,0.91,2.979849044293381e-6,0.2928969068139018,28,34,7,7,23,29,10,10,1.3520724832641184,42.3021943666837
3545,5061,1,0.9,7.414313102471759e-6,0.29290233589756776,28,34,7,7,24,29,10,10,1.3453624047073711,41.98721249581666
3545,5062,1,0.889,1.9795601075900393e-5,0.29292010633363463,28,34,7,7,25,29,10,10,1.3380287739805896,41.63709543013025
3545,5063,1,0.875,5.438897435361412e-5,0.2929927451844244,28,34,7,7,26,29,10,10,1.3287682265918312,41.18592516570965
3545,5064,1,0.857,1.471628240247158e-4,0.29338751334728685,28,34,7,7,27,29,10,10,1.3169848138835922,40.59657583596283
3545,5065,0.999,0.834,4.27958881043522e-4,0.2962392698964257,28,34,7,7,28,29,10,10,1.3013673578202274,39.85630524032165
3545,5066,1,0.917,2.2606328142771304e-7,0.2928954357626252,28,34,7,7,10,30,10,10,1.3567936468011634,42.52082345847564
3545,5067,1,0.913,3.462112847518739e-7,0.29289609194386745,28,34,7,7,11,30,10,10,1.3540934236602733,42.39607920836728
3545,5068,1,0.91,5.421350413037374e-7,0.29289700135097485,28,34,7,7,12,30,10,10,1.3520724832641184,42.3021943666837
3545,5069,1,0.905,8.682578614971348e-7,0.2928982889281808,28,34,7,7,13,30,10,10,1.348712348872064,42.14509520315724
3545,5070,1,0.9,1.4232462788310585e-6,0.29290016321173307,28,34,7,7,14,30,10,10,1.3453624047073711,41.98721249581666
3545,5071,1,0.895,2.3978873501251385e-6,0.2929029888623783,28,34,7,7,15,30,10,10,1.3420227270802831,41.82854278370222
3545,5072,1,0.889,4.201874317821819e-6,0.2929074300653485,28,34,7,7,16,30,10,10,1.3380287739805896,41.63709543013025
3545,5073,1,0.883,7.72994530506832e-6,0.2929147364954908,28,34,7,7,17,30,10,10,1.3340498491435768,41.4445038973404
3545,5074,1,0.875,1.4987819700884586e-5,0.29292731173239417,28,34,7,7,18,30,10,10,1.3287682265918312,41.18592516570965
3545,5075,1,0.867,3.032640739486503e-5,0.2929497813995874,28,34,7,7,19,30,10,10,1.323513883569039,40.92528797789907
3545,5076,1,0.857,6.261634514248549e-5,0.29299070671452854,28,34,7,7,20,30,10,10,1.3169848138835922,40.59657583596283
3545,5077,1,0.846,1.27553120759627e-4,0.29306513059466677,28,34,7,7,21,30,10,10,1.30985342691463,40.23122105657414
3545,5078,1,0.833,2.5615361745690013e-4,0.293201573705842,28,34,7,7,22,30,10,10,1.3014949097096,39.79429794346564
3545,5079,0.999,0.819,5.215896302904754e-4,0.29346771153522855,28,34,7,7,23,30,10,10,1.2918057129460296,39.3455791773593
3545,5080,0.999,0.8,0.0010808373889468204,0.2940375647794158,28,34,7,7,24,30,10,10,1.2798441311347253,38.687774465176346
3545,5081,0.998,0.778,0.0021950497292524407,0.2953450337338067,28,34,7,7,25,30,10,10,1.2654200883501099,37.93852205534109
3545,5082,0.995,0.75,0.004359684246101225,0.2985099464097203,28,34,7,7,26,30,10,10,1.2460036115517483,37.00784869431463
3545,5083,0.986,0.714,0.008865496543259965,0.3067334528093354,28,34,7,7,27,30,10,10,1.2173709377178346,35.90972307917768
3545,5084,0.959,0.667,0.019216882113051836,0.3274181484624026,28,34,7,7,28,30,10,10,1.1681481070480746,34.8192373210297
3545,5085,0.858,0.834,0.03748247173538555,0.3557923848177733,28,34,7,7,29,30,10,10,1.1965450263153492,44.18734840574626
3545,5086,1,0.875,7.259514600788108e-6,0.29294360149741905,28,34,7,7,10,31,10,10,1.3287682265918312,41.18592516570965
3545,5087,1,0.87,1.072073985441957e-5,0.2929574276916571,28,34,7,7,11,31,10,10,1.3254810447531868,41.023269024922435
3545,5088,1,0.864,1.614932879145936e-5,0.29297626497542684,28,34,7,7,12,31,10,10,1.3215506044037815,40.8270155239205
3545,5089,1,0.858,2.4915251880641698e-5,0.29300248153782116,28,34,7,7,13,31,10,10,1.317635761506191,40.62959351305883
3545,5090,1,0.85,3.940768744137291e-5,0.29303994963515023,28,34,7,7,14,31,10,10,1.3124404748406686,40.36453657309736
3545,5091,1,0.843,6.416896319716425e-5,0.2930952189324758,28,34,7,7,15,31,10,10,1.3079178108734508,40.1308887134993
3545,5092,1,0.834,1.0814901250078002e-4,0.2931796411955201,28,34,7,7,16,31,10,10,1.3021351696348578,39.82810630428432
3545,5093,1,0.824,1.8863199534824293e-4,0.29331309464045185,28,34,7,7,17,31,10,10,1.2957530628943155,39.48852258397938
3545,5094,0.999,0.813,3.4055095997265195e-4,0.2935300003411222,28,34,7,7,18,31,10,10,1.2880100931281555,39.13917245226401
3545,5095,0.999,0.8,6.299435354878424e-4,0.2938872930227153,28,34,7,7,19,31,10,10,1.2798441311347253,38.687774465176346
3545,5096,0.999,0.786,0.0011630554492494394,0.2944720629773252,28,34,7,7,20,31,10,10,1.2711400394921089,38.19520098498541
3545,5097,0.998,0.769,0.0020784139775662513,0.29541556497246957,28,34,7,7,21,31,10,10,1.259906742580577,37.61572849959682
3545,5098,0.996,0.75,0.0036086773020518326,0.2969547890335914,28,34,7,7,22,31,10,10,1.2468023099112384,36.98018774930181
3545,5099,0.993,0.728,0.006257110892031292,0.29958552602957966,28,34,7,7,23,31,10,10,1.231272918568422,36.24633272336121
3545,5100,0.988,0.7,0.011011446347910403,0.3042753896349607,28,34,7,7,24,31,10,10,1.2108443335127765,35.31764899835184
3545,5101,0.978,0.667,0.01973276364380583,0.312797560685634,28,34,7,7,25,31,10,10,1.183796012833292,34.29414778450639
3545,5102,0.957,0.625,0.03598433032625914,0.32880127276774007,28,34,7,7,26,31,10,10,1.1430109360806657,33.147852361033436
3545,5103,0.914,0.572,0.06712182876355355,0.3604113987515253,28,34,7,7,27,31,10,10,1.0782300311158097,32.03917937768719
3545,5104,0.815,0.5,0.12583569918077475,0.4167437690425779,28,34,7,7,28,31,10,10,0.9561511386804912,31.528988037753418
3545,5105,0.607,0.667,0.20646413581063583,0.47525961758132695,28,34,7,7,29,31,10,10,0.9018525378353159,47.69639599277648
3545,5106,0.465,0.834,0.20582648596595599,0.474065634304621,28,34,7,7,30,31,10,10,0.9548722427633971,60.85797488314563
3545,5107,1,0.834,7.114994701240551e-5,0.2932859919829409,28,34,7,7,10,32,10,10,1.3021351696348578,39.82810630428432
3545,5108,1,0.826,1.0257926162082764e-4,0.2933868784518864,28,34,7,7,11,32,10,10,1.2970258285785985,39.556706487655674
3545,5109,1,0.819,1.5032438705153695e-4,0.29352243408769707,28,34,7,7,12,32,10,10,1.2925792045364184,39.31747620953449
3545,5110,0.999,0.81,2.246446647676814e-4,0.29370832881370723,28,34,7,7,13,32,10,10,1.2861185792919718,39.03551289874689
3545,5111,0.999,0.8,3.4377310310784726e-4,0.2939695012541045,28,34,7,7,14,32,10,10,1.2798441311347253,38.687774465176346
3545,5112,0.999,0.79,5.415165440425529e-4,0.29434643921586057,28,34,7,7,15,32,10,10,1.27361728945551,38.3366227353616
3545,5113,0.998,0.778,8.788758457521917e-4,0.2949052537026041,28,34,7,7,16,32,10,10,1.2654200883501099,37.93852205534109
3545,5114,0.998,0.765,0.0014629482685443174,0.2957521880003505,28,34,7,7,17,32,10,10,1.2574692839190944,37.47135820620178
3545,5115,0.996,0.75,0.0024634359190214283,0.29705001042988366,28,34,7,7,18,32,10,10,1.2468023099112384,36.98018774930181
3545,5116,0.995,0.733,0.004138680747633683,0.2990276411447531,28,34,7,7,19,32,10,10,1.235845459594362,36.37845860302918
3545,5117,0.992,0.714,0.006853245043775047,0.3019827705431162,28,34,7,7,20,32,10,10,1.222235656491824,35.74475693800817
3545,5118,0.987,0.692,0.011192936021882427,0.30633835144504185,28,34,7,7,21,32,10,10,1.205418184697742,35.03485378950813
3545,5119,0.98,0.667,0.018163361304846748,0.31285010563602533,28,34,7,7,22,32,10,10,1.1854488601369526,34.23968261857017
3545,5120,0.968,0.637,0.029679569790600602,0.3229004477347336,28,34,7,7,23,32,10,10,1.158789454560232,33.34722947126772
3545,5121,0.948,0.6,0.04872869402971103,0.3387520753594324,28,34,7,7,24,32,10,10,1.1219197832287298,32.33018573505035
3545,5122,0.914,0.556,0.08027976411185156,0.36422418322255845,28,34,7,7,25,32,10,10,1.069828023562666,31.312780688941423
3545,5123,0.856,0.5,0.13409105028734758,0.40655257861039285,28,34,7,7,26,32,10,10,0.9913304191842395,30.28971963408902
3545,5124,0.753,0.429,0.22293582775635412,0.4763050923011034,28,34,7,7,27,32,10,10,0.8666314095392573,29.671078272694423
3545,5125,0.57,0.333,0.3524866557416979,0.5707090826249743,28,34,7,7,28,32,10,10,0.6601431662904645,30.293922130057503
3545,5126,0.347,0.5,0.49641934034198876,0.6487856761165629,28,34,7,7,29,32,10,10,0.6086123561019773,55.23935199717361
3545,5127,0.358,0.667,0.464055090516867,0.6254543879784622,28,34,7,7,30,32,10,10,0.7570026420033156,61.77613751275595
3545,5128,0.465,0.834,0.23645785050126378,0.4923039128286737,28,34,7,7,31,32,10,10,0.9548722427633971,60.85797488314563
3545,5129,0.999,0.792,3.68735069762649e-4,0.2945913413402028,28,34,7,7,10,33,10,10,1.274858815712548,38.40712729240576
3545,5130,0.999,0.783,5.199411930231213e-4,0.29500193689045506,28,34,7,7,11,33,10,10,1.269287201542661,38.08877288097532
3545,5131,0.998,0.773,7.460166220764064e-4,0.29554668477013535,28,34,7,7,12,33,10,10,1.2623521695628364,37.75954035523315
3545,5132,0.997,0.762,0.001092219344697054,0.2962830434417937,28,34,7,7,13,33,10,10,1.25485178407651,37.39042196570354
3545,5133,0.996,0.75,0.0016319790818043467,0.29729935118489137,28,34,7,7,14,33,10,10,1.2468023099112384,36.98018774930181
3545,5134,0.995,0.737,0.002488190687199965,0.298731998466813,28,34,7,7,15,33,10,10,1.2382221125468564,36.52747823011455
3545,5135,0.993,0.722,0.0038614152679105063,0.3007882684766864,28,34,7,7,16,33,10,10,1.2277349062399423,36.02051120422582
3545,5136,0.99,0.706,0.006083699310661994,0.30376911327489176,28,34,7,7,17,33,10,10,1.2159506568936091,35.49385693664634
3545,5137,0.986,0.688,0.009674573633643213,0.3080760984635964,28,34,7,7,18,33,10,10,1.2023061174260072,34.9061312502682
3545,5138,0.98,0.667,0.015360760517665328,0.3141899503364918,28,34,7,7,19,33,10,10,1.1854488601369526,34.23968261857017
3545,5139,0.971,0.643,0.02408587944609264,0.3226752402523557,28,34,7,7,20,33,10,10,1.1645986433102178,33.51268177844752
3545,5140,0.957,0.615,0.03722847835612619,0.3343647772183149,28,34,7,7,21,33,10,10,1.1375737338739849,32.72614755573404
3545,5141,0.937,0.584,0.057023733410279,0.35074150224848466,28,34,7,7,22,33,10,10,1.104094651739605,31.933873535760036
3545,5142,0.907,0.545,0.08707900024622595,0.3742551684823888,28,34,7,7,23,33,10,10,1.05814649269371,31.000901278579924
3545,5143,0.861,0.5,0.13320203261590613,0.4086226934720656,28,34,7,7,24,33,10,10,0.9956510432877576,30.144596209073075
3545,5144,0.791,0.444,0.20420327965703078,0.4598248606970258,28,34,7,7,25,33,10,10,0.9070926082820872,29.306141936963776
3545,5145,0.684,0.375,0.3117591830399755,0.5369941525673075,28,34,7,7,26,33,10,10,0.7800519213488292,28.733562747438384
3545,5146,0.522,0.286,0.46681891469766124,0.6466913916479662,28,34,7,7,27,33,10,10,0.595214247141313,28.71801396617845
3545,5147,0.28,0.167,0.6672233111391843,0.7706275854877658,28,34,7,7,28,33,10,10,0.32601993804060514,30.813057827731022
3545,5148,0.217,0.334,0.7387963896954024,0.8049797905164268,28,34,7,7,29,33,10,10,0.3983026487484109,56.98819344381746
3545,5149,0.347,0.5,0.5336874396806586,0.6693783204467763,28,34,7,7,30,33,10,10,0.6086123561019773,55.23935199717361
3545,5150,0.607,0.667,0.23308275986042792,0.49161610474948914,28,34,7,7,31,33,10,10,0.9018525378353159,47.69639599277648
3545,5151,0.858,0.834,0.04469755379662055,0.362451164766435,28,34,7,7,32,33,10,10,1.1965450263153492,44.18734840574626
3545,5152,0.996,0.75,0.0013064856237037237,0.297905346572216,28,34,7,7,10,34,10,10,1.2468023099112384,36.98018774930181
3545,5153,0.995,0.739,0.001811531385073728,0.29904919507790284,28,34,7,7,11,34,10,10,1.239413571008483,36.60177347659559
3545,5154,0.993,0.728,0.002548728465576522,0.30054763635278703,28,34,7,7,12,34,10,10,1.231272918568422,36.24633272336121
3545,5155,0.991,0.715,0.003640225310816092,0.3025426009191893,28,34,7,7,13,34,10,10,1.222009001603507,35.810201324282524
3545,5156,0.988,0.7,0.005290645844649999,0.3052431450731814,28,34,7,7,14,34,10,10,1.2108443335127765,35.31764899835184
3545,5157,0.984,0.685,0.007821285795067467,0.3089530135775792,28,34,7,7,15,34,10,10,1.1989499572542635,34.843251170296774
3545,5158,0.979,0.667,0.011770509298833276,0.3140960150742158,28,34,7,7,16,34,10,10,1.1846223026771021,34.266896203373406
3545,5159,0.971,0.647,0.01793268957655547,0.3212189936889859,28,34,7,7,17,34,10,10,1.1668118957226996,33.67644837256073
3545,5160,0.961,0.625,0.0273698229647954,0.3309493961594945,28,34,7,7,18,34,10,10,1.1463620719476024,33.03853460453795
3545,5161,0.947,0.6,0.041376576847203195,0.34393878845476866,28,34,7,7,19,34,10,10,1.1210749305911714,32.35751811517823
3545,5162,0.926,0.572,0.06143033870149417,0.3609494849221696,28,34,7,7,20,34,10,10,1.0884208744782506,31.704064200472825
3545,5163,0.898,0.539,0.08963913960906023,0.3832233551682863,28,34,7,7,21,34,10,10,1.0473418735064497,30.973138516517764
3545,5164,0.858,0.5,0.12960357867491545,0.41292046077252986,28,34,7,7,22,34,10,10,0.9930579036491276,30.2315187338827
3545,5165,0.802,0.455,0.18681642184613612,0.4533153375078327,28,34,7,7,23,34,10,10,0.9220786300527738,29.567614855715565
3545,5166,0.723,0.4,0.2684430741056013,0.5090403424337433,28,34,7,7,24,34,10,10,0.8262741675739355,28.95357720334226
3545,5167,0.613,0.333,0.38362661325764835,0.5867087155580537,28,34,7,7,25,34,10,10,0.6976087728806168,28.512137294489875
3545,5168,0.462,0.25,0.5421895521164852,0.6939486459988606,28,34,7,7,26,34,10,10,0.5253037216696642,28.418952152260424
3545,5169,0.259,0.143,0.7476873352815627,0.8327116892362041,28,34,7,7,27,34,10,10,0.2958546940645019,28.904123080633422
3545,5170,0.075,0,0.9246386516453816,0.9439007549833659,28,34,7,7,28,34,10,10,0.075,0
3545,5171,0.28,0.167,0.6945068018845448,0.7849170500241971,28,34,7,7,29,34,10,10,0.32601993804060514,30.813057827731022
3545,5172,0.57,0.333,0.39026566759042447,0.5923096814977675,28,34,7,7,30,34,10,10,0.6601431662904645,30.293922130057503
3545,5173,0.815,0.5,0.13744365796809777,0.42632559703068873,28,34,7,7,31,34,10,10,0.9561511386804912,31.528988037753418
3545,5174,0.959,0.667,0.02374256693379062,0.3334698357140694,28,34,7,7,32,34,10,10,1.1681481070480746,34.8192373210297
3545,5175,0.999,0.834,5.536617727874837e-4,0.29688079292386826,28,34,7,7,33,34,10,10,1.3013673578202274,39.85630524032165
3545,5176,0.989,0.76,0.0035828020796820903,0.30425681454637643,28,34,7,7,10,35,10,10,1.2472854524927324,37.54058412202328
3545,5177,0.987,0.75,0.004877193167422522,0.3067064704835267,28,34,7,7,11,35,10,10,1.2396245399313455,37.230418121890686
3545,5178,0.983,0.739,0.006736081979472175,0.309873045694696,28,34,7,7,12,35,10,10,1.2298007968772828,36.93512293179888
3545,5179,0.978,0.727,0.009439224092408605,0.31402007264143017,28,34,7,7,13,35,10,10,1.2186110946483295,36.62540704588471
3545,5180,0.971,0.714,0.013454628356676213,0.31951597166725887,28,34,7,7,14,35,10,10,1.20525391515647,36.32795240264527
3545,5181,0.962,0.7,0.019486455660055024,0.3268583172793461,28,34,7,7,15,35,10,10,1.18972433781948,36.04153622735948
3545,5182,0.951,0.684,0.02853377245186528,0.33667424255923584,28,34,7,7,16,35,10,10,1.171433736922409,35.725308432542285
3545,5183,0.935,0.667,0.041965074576021055,0.3496688663980513,28,34,7,7,17,35,10,10,1.148526882576111,35.50288278845036
3545,5184,0.915,0.647,0.06126892588085697,0.36652831148850795,28,34,7,7,18,35,10,10,1.1206399957167335,35.26427676980708
3545,5185,0.888,0.625,0.08796856478713144,0.3878959918613849,28,34,7,7,19,35,10,10,1.0858954830000906,35.138987549067544
3545,5186,0.851,0.6,0.12382360902020706,0.4146140792722659,28,34,7,7,20,35,10,10,1.0412497298919217,35.185860412515495
3545,5187,0.803,0.572,0.17169626906631463,0.44818914841795754,28,34,7,7,21,35,10,10,0.985897053449294,35.46336424154059
3545,5188,0.738,0.539,0.2359686173152188,0.49108662620245425,28,34,7,7,22,35,10,10,0.9138736236482592,36.14261011530481
3545,5189,0.652,0.5,0.3220846117201982,0.5466696226267487,28,34,7,7,23,35,10,10,0.8216471262044309,37.48355828373051
3545,5190,0.541,0.454,0.4362854188140052,0.6191331706052132,28,34,7,7,24,35,10,10,0.7062556194466704,40.00292705770711
3545,5191,0.397,0.4,0.5845280854907069,0.7132405727488054,28,34,7,7,25,35,10,10,0.5635680970388584,45.215666909344
3545,5192,0.218,0.333,0.7681268921258702,0.831532450888165,28,34,7,7,26,35,10,10,0.39801130637206783,56.78904977592439
3545,5193,0.058,0.25,0.9377176335729889,0.9459529216363158,28,34,7,7,27,35,10,10,0.2566398254363496,76.93844891667189
3545,5194,0.259,0.143,0.7509208164493802,0.8328510743589013,28,34,7,7,28,35,10,10,0.2958546940645019,28.904123080633422
3545,5195,0.522,0.286,0.4866030531036718,0.6558485932015529,28,34,7,7,29,35,10,10,0.595214247141313,28.71801396617845
3545,5196,0.753,0.429,0.23627208195828053,0.4867911979362851,28,34,7,7,30,35,10,10,0.8666314095392573,29.671078272694423
3545,5197,0.914,0.572,0.0730509407325296,0.36665416000966544,28,34,7,7,31,35,10,10,1.0782300311158097,32.03917937768719
3545,5198,0.986,0.714,0.01196724529487958,0.30989903331824475,28,34,7,7,32,35,10,10,1.2173709377178346,35.90972307917768
3545,5199,1,0.857,2.073119000922663e-4,0.2935276546991614,28,34,7,7,33,35,10,10,1.3169848138835922,40.59657583596283
3545,5200,1,1,0,0.2928932188134524,28,34,7,7,34,35,10,10,1.4142135623730951,45
