spA_par,spB_par,Dissimilarity,Exclusivity,D,I,a_A,b_A,alpha_A,gamma_A,a_B,b_B,alpha_B,gamma_B
3604,3604,0,0,1,1,10,18,10,7,10,18,10,7
3604,3605,0.189,0.125,0.8830621320749934,0.9062738691428924,10,18,10,7,11,18,10,7
3604,3606,0.388,0.25,0.752632053893006,0.8061443723505086,10,18,10,7,12,18,10,7
3604,3607,0.586,0.375,0.614933941160368,0.7035676628348686,10,18,10,7,13,18,10,7
3604,3608,0.765,0.5,0.4930043099560767,0.6102239604660489,10,18,10,7,14,18,10,7
3604,3609,0.903,0.625,0.4073449787315172,0.5445945939711383,10,18,10,7,15,18,10,7
3604,3610,0.978,0.75,0.3725432565233673,0.51691206194283,10,18,10,7,16,18,10,7
3604,3611,0.999,0.876,0.3731225343072213,0.5286588940859815,10,18,10,7,17,18,10,7
3604,3612,0.233,0.111,0.8079731436377248,0.859828445684786,10,18,10,7,10,19,10,7
3604,3613,0.416,0.222,0.7036617320080928,0.7820932680213739,10,18,10,7,11,19,10,7
3604,3614,0.594,0.333,0.5976953702784634,0.6958338228791725,10,18,10,7,12,19,10,7
3604,3615,0.754,0.444,0.5035989343849994,0.6115231131620278,10,18,10,7,13,19,10,7
3604,3616,0.88,0.556,0.42618014298793616,0.5422261772399697,10,18,10,7,14,19,10,7
3604,3617,0.96,0.667,0.37364789093306405,0.49996450884964483,10,18,10,7,15,19,10,7
3604,3618,0.994,0.778,0.35794283542886485,0.48795608869642115,10,18,10,7,16,19,10,7
3604,3619,1,0.889,0.3631836507664714,0.49927493814586765,10,18,10,7,17,19,10,7
3604,3620,1,1,0.3734150679502013,0.5282252948127771,10,18,10,7,18,19,10,7
3604,3621,0.422,0.2,0.6485691605639097,0.7489793744359656,10,18,10,7,10,20,10,7
3604,3622,0.586,0.3,0.5573242426807536,0.6811840241200992,10,18,10,7,11,20,10,7
3604,3623,0.733,0.4,0.4717372232168423,0.6107011109249907,10,18,10,7,12,20,10,7
3604,3624,0.853,0.5,0.40238843274793323,0.5464646937351927,10,18,10,7,13,20,10,7
3604,3625,0.937,0.6,0.36093877086517423,0.49876061322360754,10,18,10,7,14,20,10,7
3604,3626,0.982,0.7,0.35350865904165285,0.47443244613614943,10,18,10,7,15,20,10,7
3604,3627,0.998,0.8,0.34944649990540777,0.4727077497661586,10,18,10,7,16,20,10,7
3604,3628,1,0.9,0.3573180255449597,0.4859128561882333,10,18,10,7,17,20,10,7
3604,3629,1,1,0.36614796089885693,0.5044659370530015,10,18,10,7,18,20,10,7
3604,3631,0.569,0.273,0.5253306794745076,0.6659896875900542,10,18,10,7,10,21,10,7
3604,3632,0.708,0.364,0.45026844603897587,0.6085305122966199,10,18,10,7,11,21,10,7
3604,3633,0.824,0.455,0.38506535223507543,0.5525142442566708,10,18,10,7,12,21,10,7
3604,3634,0.911,0.546,0.33816075186574446,0.5051683879738682,10,18,10,7,13,21,10,7
3604,3635,0.966,0.637,0.3169640328660205,0.47362779878844796,10,18,10,7,14,21,10,7
3604,3636,0.992,0.728,0.32440109953762086,0.4608590383770118,10,18,10,7,15,21,10,7
3604,3637,0.999,0.819,0.34366608319813907,0.46310981619867153,10,18,10,7,16,21,10,7
3604,3638,1,0.91,0.35045117452234076,0.4717312004212446,10,18,10,7,17,21,10,7
3604,3639,1,1,0.35678069132789636,0.48168293163809395,10,18,10,7,18,21,10,7
3604,3642,0.682,0.333,0.4340978865171021,0.6050555583729158,10,18,10,7,10,22,10,7
3604,3643,0.796,0.417,0.37494930926588055,0.5572719892416813,10,18,10,7,11,22,10,7
3604,3644,0.884,0.5,0.3277301827583221,0.5132592865985286,10,18,10,7,12,22,10,7
3604,3645,0.946,0.583,0.2979994770754415,0.4785193096549235,10,18,10,7,13,22,10,7
3604,3646,0.981,0.667,0.28853701282581323,0.457434594013966,10,18,10,7,14,22,10,7
3604,3647,0.996,0.75,0.2982557308072509,0.4501827638338374,10,18,10,7,15,22,10,7
3604,3648,1,0.833,0.3207940647612241,0.45187134839986576,10,18,10,7,16,22,10,7
3604,3649,1,0.917,0.3414157613461887,0.45649094172781934,10,18,10,7,17,22,10,7
3604,3650,1,1,0.34685087335881526,0.4630048998720556,10,18,10,7,18,22,10,7
3604,3654,0.766,0.385,0.36723505166164583,0.559609853399103,10,18,10,7,10,23,10,7
3604,3655,0.857,0.461,0.3219075943170636,0.5200772487798453,10,18,10,7,11,23,10,7
3604,3656,0.923,0.539,0.28835012171596386,0.4854113444268636,10,18,10,7,12,23,10,7
3604,3657,0.967,0.616,0.26899967772321665,0.4595893804891408,10,18,10,7,13,23,10,7
3604,3658,0.989,0.692,0.26403666309013973,0.44494799821720976,10,18,10,7,14,23,10,7
3604,3659,0.998,0.769,0.270854358409392,0.440238298875663,10,18,10,7,15,23,10,7
3604,3660,1,0.847,0.2840402713090304,0.44120431730188525,10,18,10,7,16,23,10,7
3604,3661,1,0.923,0.3007626386975213,0.4443782207356314,10,18,10,7,17,23,10,7
3604,3662,1,1,0.3235434164560401,0.4494863885210052,10,18,10,7,18,23,10,7
3604,3667,0.828,0.429,0.31683353302433914,0.5247895172851288,10,18,10,7,10,24,10,7
3604,3668,0.899,0.5,0.2823245598262405,0.49209812959706023,10,18,10,7,11,24,10,7
3604,3669,0.949,0.572,0.25785465437016863,0.46466350782041954,10,18,10,7,12,24,10,7
3604,3670,0.979,0.643,0.2443846749060914,0.4452218428699215,10,18,10,7,13,24,10,7
3604,3671,0.994,0.714,0.24123388593186024,0.434761782301226,10,18,10,7,14,24,10,7
3604,3672,0.999,0.786,0.2453631992018479,0.43155347305723535,10,18,10,7,15,24,10,7
3604,3673,1,0.857,0.2532350091691328,0.43231611529971503,10,18,10,7,16,24,10,7
3604,3674,1,0.929,0.2642972829807917,0.43495540728920523,10,18,10,7,17,24,10,7
3604,3675,1,1,0.28056926571845375,0.4393748957026833,10,18,10,7,18,24,10,7
3604,3681,0.874,0.467,0.2775694284846726,0.49769538590987517,10,18,10,7,10,25,10,7
3604,3682,0.929,0.533,0.2512317348665468,0.4707443242692273,10,18,10,7,11,25,10,7
3604,3683,0.966,0.6,0.2334937930157721,0.4490668036005223,10,18,10,7,12,25,10,7
3604,3684,0.987,0.667,0.22450027694262709,0.4344570298441043,10,18,10,7,13,25,10,7
3604,3685,0.996,0.733,0.22286777242374145,0.4271186955923627,10,18,10,7,14,25,10,7
3604,3686,0.999,0.8,0.22572845939475916,0.4253425387362677,10,18,10,7,15,25,10,7
3604,3687,1,0.867,0.2315951883176992,0.4267399963835573,10,18,10,7,16,25,10,7
3604,3688,1,0.934,0.24101302436176564,0.4301038213421361,10,18,10,7,17,25,10,7
3604,3689,1,1,0.25667774904460616,0.4356484900834169,10,18,10,7,18,25,10,7
3604,3696,0.907,0.5,0.24777178467980632,0.4769451822045415,10,18,10,7,10,26,10,7
3604,3697,0.95,0.563,0.2279448884088583,0.45493848705351037,10,18,10,7,11,26,10,7
3604,3698,0.977,0.625,0.21552918343197602,0.4380252469267356,10,18,10,7,12,26,10,7
3604,3699,0.991,0.688,0.21009502851666795,0.42732682104110453,10,18,10,7,13,26,10,7
3604,3700,0.998,0.75,0.2097650244198006,0.42264154708024837,10,18,10,7,14,26,10,7
3604,3701,1,0.813,0.21290122869468897,0.4224726054485026,10,18,10,7,15,26,10,7
3604,3702,1,0.875,0.2192345285888676,0.42511727301145963,10,18,10,7,16,26,10,7
3604,3703,1,0.938,0.23023697395931464,0.42990961881169887,10,18,10,7,17,26,10,7
3604,3704,1,1,0.24873521829752832,0.437198747789753,10,18,10,7,18,26,10,7
3604,3712,0.932,0.53,0.22605646413113822,0.4616256479785603,10,18,10,7,10,27,10,7
3604,3713,0.964,0.588,0.21164114437271064,0.4438830882650555,10,18,10,7,11,27,10,7
3604,3714,0.984,0.647,0.20349458442015578,0.4309403328068516,10,18,10,7,12,27,10,7
3604,3715,0.994,0.706,0.20078035206221978,0.4234659096857366,10,18,10,7,13,27,10,7
3604,3716,0.999,0.765,0.20201771784265932,0.4210809206651982,10,18,10,7,14,27,10,7
3604,3717,1,0.824,0.206642636710065,0.4225406738755533,10,18,10,7,15,27,10,7
3604,3718,1,0.883,0.2151800392793991,0.42663237958131517,10,18,10,7,16,27,10,7
3604,3719,1,0.941,0.22958016745977905,0.43299753536606844,10,18,10,7,17,27,10,7
3604,3720,1,1,0.2528953685386961,0.44196694267480685,10,18,10,7,18,27,10,7
3604,3729,0.949,0.556,0.21134143665762495,0.4508221605204259,10,18,10,7,10,28,10,7
3604,3730,0.974,0.611,0.20137852339250384,0.4367147511588524,10,18,10,7,11,28,10,7
3604,3731,0.989,0.667,0.19661000032017406,0.42706853437338244,10,18,10,7,12,28,10,7
3604,3732,0.996,0.722,0.19606847298784436,0.4222652226805488,10,18,10,7,13,28,10,7
3604,3733,0.999,0.778,0.19932186159971965,0.4218713715054654,10,18,10,7,14,28,10,7
3604,3734,1,0.834,0.20636545298278508,0.42486609633374317,10,18,10,7,15,28,10,7
3604,3735,1,0.889,0.21803081146748304,0.43035530515622233,10,18,10,7,16,28,10,7
3604,3736,1,0.945,0.23618174083404664,0.4380906048978209,10,18,10,7,17,28,10,7
3604,3737,1,1,0.2633848444999187,0.4481791922073497,10,18,10,7,18,28,10,7
3604,3747,0.962,0.579,0.20228850852375302,0.44364249120556687,10,18,10,7,10,29,10,7
3604,3748,0.981,0.632,0.19588349500307323,0.4326042227161897,10,18,10,7,11,29,10,7
3604,3749,0.992,0.684,0.19384987345222993,0.4256892649657017,10,18,10,7,12,29,10,7
3604,3750,0.998,0.737,0.19557543627233187,0.4230985153700235,10,18,10,7,13,29,10,7
3604,3751,0.999,0.79,0.20088067974112345,0.42438810591953235,10,18,10,7,14,29,10,7
3604,3752,1,0.843,0.21007617914128507,0.42868929332200756,10,18,10,7,15,29,10,7
3604,3753,1,0.895,0.22423230270526062,0.4352571619799561,10,18,10,7,16,29,10,7
3604,3754,1,0.948,0.2450434925040078,0.4437576333756639,10,18,10,7,17,29,10,7
3604,3755,1,1,0.27377629951983473,0.45389111299687057,10,18,10,7,18,29,10,7
3604,3766,0.972,0.6,0.19748259789641853,0.43924187825218997,10,18,10,7,10,30,10,7
3604,3767,0.987,0.65,0.19383462319210953,0.43076723570941255,10,18,10,7,11,30,10,7
3604,3768,0.995,0.7,0.19378986417506028,0.4260908353458345,10,18,10,7,12,30,10,7
3604,3769,0.998,0.75,0.19728861881134052,0.4252874439323747,10,18,10,7,13,30,10,7
3604,3770,1,0.8,0.204476777008896,0.4278995088641897,10,18,10,7,14,30,10,7
3604,3771,1,0.85,0.2157044796496257,0.43312733534109926,10,18,10,7,15,30,10,7
3604,3772,1,0.9,0.2317745344074995,0.44024026352790613,10,18,10,7,16,30,10,7
3604,3773,1,0.95,0.2535563716046231,0.4487116538908512,10,18,10,7,17,30,10,7
3604,3774,1,1,0.2810900408287801,0.45787318653167175,10,18,10,7,18,30,10,7
3604,3786,0.979,0.619,0.1952401765902244,0.43687751143711295,10,18,10,7,10,31,10,7
3604,3787,0.99,0.667,0.19365289248215123,0.43052352339320155,10,18,10,7,11,31,10,7
3604,3788,0.996,0.714,0.19549514674885105,0.42765332389900235,10,18,10,7,12,31,10,7
3604,3789,0.999,0.762,0.20079701871972222,0.4282374734480684,10,18,10,7,13,31,10,7
3604,3790,1,0.81,0.20959680098211775,0.4317825814720161,10,18,10,7,14,31,10,7
3604,3791,1,0.858,0.22203351656511838,0.437489995171359,10,18,10,7,15,31,10,7
3604,3792,1,0.905,0.23868854274113838,0.4445695421505692,10,18,10,7,16,31,10,7
3604,3793,1,0.953,0.2596012001505199,0.45231268269449665,10,18,10,7,17,31,10,7
3604,3794,1,1,0.28387776325108716,0.4598834283898092,10,18,10,7,18,31,10,7
3604,3807,0.984,0.637,0.19492091295636105,0.43594817588869406,10,18,10,7,10,32,10,7
3604,3808,0.993,0.682,0.1952523572980569,0.4313253800974851,10,18,10,7,11,32,10,7
3604,3809,0.997,0.727,0.19870713787328542,0.4298709220904293,10,18,10,7,12,32,10,7
3604,3810,0.999,0.773,0.20527278406204919,0.4314551783140754,10,18,10,7,13,32,10,7
3604,3811,1,0.818,0.2148137737442558,0.4355262824211805,10,18,10,7,14,32,10,7
3604,3812,1,0.864,0.22758113968330063,0.44124963418528085,10,18,10,7,15,32,10,7
3604,3813,1,0.909,0.24362320434369,0.44777111421283966,10,18,10,7,16,32,10,7
3604,3814,1,0.955,0.262350351234958,0.45430222433451284,10,18,10,7,17,32,10,7
3604,3815,1,1,0.28235467993557073,0.4600715333562758,10,18,10,7,18,32,10,7
3604,3829,0.988,0.652,0.19617691636496692,0.43597418440043434,10,18,10,7,10,33,10,7
3604,3830,0.995,0.696,0.19789402979041637,0.43273280658374336,10,18,10,7,11,33,10,7
3604,3831,0.998,0.739,0.202447848074913,0.43233310014529114,10,18,10,7,12,33,10,7
3604,3832,0.999,0.783,0.20963526943497246,0.43454596686901714,10,18,10,7,13,33,10,7
3604,3833,1,0.826,0.21945626822030506,0.43875383033788606,10,18,10,7,14,33,10,7
3604,3834,1,0.87,0.23188332067649253,0.44409051434744407,10,18,10,7,15,33,10,7
3604,3835,1,0.913,0.2464062852202854,0.4496928923122985,10,18,10,7,16,33,10,7
3604,3836,1,0.957,0.2620890445059936,0.454827737729972,10,18,10,7,17,33,10,7
3604,3837,1,1,0.2776573804494683,0.4589454955094521,10,18,10,7,18,33,10,7
3604,3852,0.991,0.667,0.1983264321492888,0.4365953288758284,10,18,10,7,10,34,10,7
3604,3853,0.996,0.709,0.20108415818204628,0.4344233876974152,10,18,10,7,11,34,10,7
3604,3854,0.999,0.75,0.20634206549822554,0.43475495380038387,10,18,10,7,12,34,10,7
3604,3855,1,0.792,0.21390393002907127,0.4372697630776806,10,18,10,7,13,34,10,7
3604,3856,1,0.833,0.22357567062422778,0.44130002451230343,10,18,10,7,14,34,10,7
3604,3857,1,0.875,0.23493343779401488,0.4459870149079047,10,18,10,7,15,34,10,7
3604,3858,1,0.917,0.24740849022531008,0.45053747482475126,10,18,10,7,16,34,10,7
3604,3859,1,0.959,0.2601276262653226,0.4543762858856054,10,18,10,7,17,34,10,7
3604,3860,1,1,0.27201473430913314,0.457219235387642,10,18,10,7,18,34,10,7
3604,3876,0.993,0.68,0.2013267015728426,0.43759844089688904,10,18,10,7,10,35,10,7
3604,3877,0.997,0.72,0.20498397589905304,0.4362361768061329,10,18,10,7,11,35,10,7
3604,3878,0.999,0.76,0.2107724949551163,0.43704031327564874,10,18,10,7,12,35,10,7
3604,3879,1,0.8,0.21836801166930264,0.4396200660755425,10,18,10,7,13,35,10,7
3604,3880,1,0.84,0.22750126598470743,0.44329199753871196,10,18,10,7,14,35,10,7
3604,3881,1,0.88,0.23774776497464167,0.4472580524725672,10,18,10,7,15,35,10,7
3604,3882,1,0.92,0.2483543883314684,0.4508592775899173,10,18,10,7,16,35,10,7
3604,3883,1,0.96,0.2583579181922503,0.45371888222748136,10,18,10,7,17,35,10,7
3604,3884,1,1,0.2671590261282535,0.4557784028328079,10,18,10,7,18,35,10,7
3604,3901,1,0.876,0.3800334371987174,0.5641977823663964,10,18,10,7,10,11,1,10
3604,3902,1,0.75,0.3789596447386647,0.5567138635478828,10,18,10,7,10,12,1,10
3604,3903,0.999,0.876,0.3794982794896652,0.5602336915649562,10,18,10,7,11,12,1,10
3604,3904,0.999,0.625,0.3779331740865701,0.5490374252412373,10,18,10,7,10,13,1,10
3604,3905,0.994,0.75,0.37852333384948234,0.550606407763254,10,18,10,7,11,13,1,10
3604,3906,0.962,0.875,0.38160417694686466,0.5618424610305184,10,18,10,7,12,13,1,10
3604,3907,0.996,0.5,0.3775664469753791,0.5422708089259047,10,18,10,7,10,14,1,10
3604,3908,0.983,0.625,0.37957350250848654,0.5438540340276637,10,18,10,7,11,14,1,10
3604,3909,0.929,0.75,0.38783732106317803,0.5594752320644483,10,18,10,7,12,14,1,10
3604,3910,0.753,0.875,0.4005029521176573,0.5790780954396321,10,18,10,7,13,14,1,10
3604,3911,0.988,0.375,0.3789617823210063,0.5378866516754969,10,18,10,7,10,15,1,10
3604,3912,0.965,0.5,0.3844249710432466,0.5420522370325471,10,18,10,7,11,15,1,10
3604,3913,0.887,0.625,0.40078203762705245,0.5647830114239394,10,18,10,7,12,15,1,10
3604,3914,0.686,0.75,0.4321091154489246,0.5982456631703352,10,18,10,7,13,15,1,10
3604,3915,0.485,0.875,0.4433797292172662,0.6074438119103696,10,18,10,7,14,15,1,10
3604,3916,0.977,0.25,0.38318459421750306,0.5373503180711565,10,18,10,7,10,16,1,10
3604,3917,0.94,0.375,0.39359819026178866,0.5465403082157274,10,18,10,7,11,16,1,10
3604,3918,0.839,0.5,0.42062498164536566,0.5793029887993044,10,18,10,7,12,16,1,10
3604,3919,0.619,0.625,0.47397915994548967,0.6296232227210969,10,18,10,7,13,16,1,10
3604,3920,0.429,0.75,0.5218526600627309,0.6585003539134908,10,18,10,7,14,16,1,10
3604,3921,0.463,0.875,0.4691129502005037,0.6187821832974377,10,18,10,7,15,16,1,10
3604,3922,0.96,0.125,0.3905419117919283,0.5418912960626168,10,18,10,7,10,17,1,10
3604,3923,0.909,0.25,0.4075171711156228,0.5582061938294177,10,18,10,7,11,17,1,10
3604,3924,0.787,0.375,0.4480326992452397,0.6034511656206443,10,18,10,7,12,17,1,10
3604,3925,0.553,0.5,0.5259096528849141,0.6725351791379754,10,18,10,7,13,17,1,10
3604,3926,0.374,0.625,0.6055816838437313,0.713568810621188,10,18,10,7,14,17,1,10
3604,3927,0.428,0.75,0.5444225775509083,0.657484439634646,10,18,10,7,15,17,1,10
3604,3928,0.766,0.876,0.4121872889364976,0.580883044385605,10,18,10,7,16,17,1,10
3604,3929,0.938,0,0.401531199572322,0.551888908483873,10,18,10,7,10,18,1,10
3604,3930,0.872,0.125,0.4268315363010591,0.5766527997464352,10,18,10,7,11,18,1,10
3604,3931,0.731,0.25,0.48324963021411427,0.6354115334324038,10,18,10,7,12,18,1,10
3604,3932,0.487,0.375,0.5868136992271087,0.7221413885935615,10,18,10,7,13,18,1,10
3604,3933,0.321,0.5,0.6863104339105496,0.7648150423709851,10,18,10,7,14,18,1,10
3604,3934,0.407,0.625,0.6006533424763079,0.6796046911568645,10,18,10,7,15,18,1,10
3604,3935,0.827,0.75,0.41619421149141234,0.5752087114046671,10,18,10,7,16,18,1,10
3604,3936,0.995,0.876,0.3756018171002763,0.5410510908202955,10,18,10,7,17,18,1,10
3604,3937,0.912,0.111,0.4168129100898291,0.5667117890002022,10,18,10,7,10,19,1,10
3604,3938,0.83,0.222,0.45202884147238687,0.6002274032819779,10,18,10,7,11,19,1,10
3604,3939,0.673,0.333,0.5251433479934594,0.6718643645087189,10,18,10,7,12,19,1,10
3604,3940,0.422,0.444,0.6521870274630557,0.7728302518916618,10,18,10,7,13,19,1,10
3604,3941,0.269,0.556,0.7608232720883819,0.8043951681021713,10,18,10,7,14,19,1,10
3604,3942,0.423,0.667,0.6175873993592891,0.6837289348898694,10,18,10,7,15,19,1,10
3604,3943,0.877,0.778,0.40956050398275823,0.5614180423991997,10,18,10,7,16,19,1,10
3604,3944,0.997,0.889,0.36936736129441305,0.518360085430712,10,18,10,7,17,19,1,10
3604,3945,1,1,0.3744664442564447,0.533692971575761,10,18,10,7,18,19,1,10
3604,3946,0.881,0.2,0.4365809152792788,0.5850266887795008,10,18,10,7,10,20,1,10
3604,3947,0.785,0.3,0.4827293180241382,0.6266418496153645,10,18,10,7,11,20,1,10
3604,3948,0.613,0.4,0.5719353049122149,0.7091664498036107,10,18,10,7,12,20,1,10
3604,3949,0.358,0.5,0.7178016094562945,0.8193450976306478,10,18,10,7,13,20,1,10
3604,3950,0.221,0.6,0.8270667516985389,0.8258139547215749,10,18,10,7,14,20,1,10
3604,3951,0.518,0.7,0.6085361388205537,0.6754458550301323,10,18,10,7,15,20,1,10
3604,3952,0.903,0.8,0.40316579824046794,0.5461728234380326,10,18,10,7,16,20,1,10
3604,3953,0.998,0.9,0.36230812732017337,0.5012538005437701,10,18,10,7,17,20,1,10
3604,3954,1,1,0.3681719824903894,0.5110063006193506,10,18,10,7,18,20,1,10
3604,3956,0.846,0.273,0.46068673339393784,0.6052473995570771,10,18,10,7,10,21,1,10
3604,3957,0.737,0.364,0.517805787149785,0.6536307452847432,10,18,10,7,11,21,1,10
3604,3958,0.553,0.455,0.6213735127529764,0.7441818991115108,10,18,10,7,12,21,1,10
3604,3959,0.296,0.546,0.7792192646960479,0.8569781646553698,10,18,10,7,13,21,1,10
3604,3960,0.189,0.637,0.8669466198201884,0.8282689710019844,10,18,10,7,14,21,1,10
3604,3961,0.582,0.728,0.5985802898453771,0.6611374009212426,10,18,10,7,15,21,1,10
3604,3962,0.918,0.819,0.3972865420306828,0.5320615550796999,10,18,10,7,16,21,1,10
3604,3963,0.999,0.91,0.35580792798724603,0.48800181340772764,10,18,10,7,17,21,1,10
3604,3964,1,1,0.3619248163071661,0.4956320352054794,10,18,10,7,18,21,1,10
3604,3967,0.808,0.333,0.48844804352978277,0.6258974029753899,10,18,10,7,10,22,1,10
3604,3968,0.687,0.417,0.5555157560439914,0.6793515615437855,10,18,10,7,11,22,1,10
3604,3969,0.494,0.5,0.6699431530504187,0.7745570567012215,10,18,10,7,12,22,1,10
3604,3970,0.242,0.583,0.8298211605938606,0.8811761575011507,10,18,10,7,13,22,1,10
3604,3971,0.201,0.667,0.862386512681262,0.8170028949394004,10,18,10,7,14,22,1,10
3604,3972,0.629,0.75,0.5879151723964684,0.6448780189965282,10,18,10,7,15,22,1,10
3604,3973,0.928,0.833,0.392114927898328,0.5196539698528349,10,18,10,7,16,22,1,10
3604,3974,0.999,0.917,0.3500316564662338,0.4776262560915644,10,18,10,7,17,22,1,10
3604,3975,1,1,0.3563068100556188,0.4839263930419164,10,18,10,7,18,22,1,10
3604,3979,0.768,0.385,0.5185501731416566,0.6457932885662023,10,18,10,7,10,23,1,10
3604,3980,0.637,0.461,0.5935059351248982,0.7024791766752335,10,18,10,7,11,23,1,10
3604,3981,0.438,0.539,0.7136972556304508,0.7986432392557153,10,18,10,7,12,23,1,10
3604,3982,0.201,0.616,0.8645202092761519,0.8888177179653887,10,18,10,7,13,23,1,10
3604,3983,0.257,0.692,0.845907003118977,0.7986448463149215,10,18,10,7,14,23,1,10
3604,3984,0.664,0.769,0.5726622630884537,0.6286933669248995,10,18,10,7,15,23,1,10
3604,3985,0.936,0.847,0.3874605692931151,0.5089148254300457,10,18,10,7,16,23,1,10
3604,3986,0.999,0.923,0.34472472651554686,0.4692845671762288,10,18,10,7,17,23,1,10
3604,3987,1,1,0.3510974717317016,0.47425919887825707,10,18,10,7,18,23,1,10
3604,3992,0.726,0.429,0.5492955485508949,0.6640740706151844,10,18,10,7,10,24,1,10
3604,3993,0.587,0.5,0.629316418407837,0.7221531471752879,10,18,10,7,11,24,1,10
3604,3994,0.389,0.572,0.749726928689936,0.8154519699285147,10,18,10,7,12,24,1,10
3604,3995,0.176,0.643,0.8788478905621737,0.8817137328109022,10,18,10,7,13,24,1,10
3604,3996,0.308,0.714,0.7988921213206126,0.777753890211728,10,18,10,7,14,24,1,10
3604,3997,0.692,0.786,0.5411007021684032,0.61344852523207,10,18,10,7,15,24,1,10
3604,3998,0.941,0.857,0.36455998204182916,0.49962162533654697,10,18,10,7,16,24,1,10
3604,3999,0.999,0.929,0.33588101633655043,0.46234248527342336,10,18,10,7,17,24,1,10
3604,4000,1,1,0.3460395709667001,0.4659506013176816,10,18,10,7,18,24,1,10
3604,4006,0.685,0.467,0.5789952381391643,0.6801674276287313,10,18,10,7,10,25,1,10
3604,4007,0.541,0.533,0.6610679608841645,0.7379026269791633,10,18,10,7,11,25,1,10
3604,4008,0.348,0.6,0.7681840500444456,0.8247522343221472,10,18,10,7,12,25,1,10
3604,4009,0.165,0.667,0.8657908323263962,0.8657158954998972,10,18,10,7,13,25,1,10
3604,4010,0.352,0.733,0.7537726587569576,0.7567078324974769,10,18,10,7,14,25,1,10
3604,4011,0.714,0.8,0.5129706017213285,0.5994328312538209,10,18,10,7,15,25,1,10
3604,4012,0.946,0.867,0.34436972016686096,0.4915220125278563,10,18,10,7,16,25,1,10
3604,4013,0.999,0.934,0.31397027979034176,0.45639385307639013,10,18,10,7,17,25,1,10
3604,4014,1,1,0.3407845937210283,0.45870022382401276,10,18,10,7,18,25,1,10
3604,4021,0.644,0.5,0.6063417312826997,0.6937420543969096,10,18,10,7,10,26,1,10
3604,4022,0.499,0.563,0.6788493221114213,0.7495832481723684,10,18,10,7,11,26,1,10
3604,4023,0.316,0.625,0.7695304007698426,0.8271540908708397,10,18,10,7,12,26,1,10
3604,4024,0.167,0.688,0.8451730542441103,0.8459464977352381,10,18,10,7,13,26,1,10
3604,4025,0.389,0.75,0.7127257398068163,0.7365743831020339,10,18,10,7,14,26,1,10
3604,4026,0.733,0.813,0.4878766577807271,0.5866733229601903,10,18,10,7,15,26,1,10
3604,4027,0.949,0.875,0.327464918001949,0.4843976761635228,10,18,10,7,16,26,1,10
3604,4028,0.999,0.938,0.29577335918708736,0.45119259038285897,10,18,10,7,17,26,1,10
3604,4029,1,1,0.3195261186922055,0.4523402368588396,10,18,10,7,18,26,1,10
3604,4037,0.605,0.53,0.6288555376108131,0.7046622979736854,10,18,10,7,10,27,1,10
3604,4038,0.461,0.588,0.6838104924209492,0.7573230898382604,10,18,10,7,11,27,1,10
3604,4039,0.292,0.647,0.7652166346735118,0.8239401543483954,10,18,10,7,12,27,1,10
3604,4040,0.176,0.706,0.8194137557963272,0.8252557984876021,10,18,10,7,13,27,1,10
3604,4041,0.42,0.765,0.6755819627571047,0.7177643317996945,10,18,10,7,14,27,1,10
3604,4042,0.749,0.824,0.46540451193773014,0.5750934986305362,10,18,10,7,15,27,1,10
3604,4043,0.952,0.883,0.31313093970028594,0.478080398955515,10,18,10,7,16,27,1,10
3604,4044,0.999,0.941,0.2805100911658067,0.4465932572582061,10,18,10,7,17,27,1,10
3604,4045,1,1,0.2980425988918114,0.4467706268842583,10,18,10,7,18,27,1,10
3604,4054,0.569,0.556,0.6339428204746471,0.712948400189293,10,18,10,7,10,28,1,10
3604,4055,0.429,0.611,0.6850150703188358,0.7614643162081094,10,18,10,7,11,28,1,10
3604,4056,0.276,0.667,0.7568265014228959,0.8166576114593486,10,18,10,7,12,28,1,10
3604,4057,0.19,0.722,0.7900348870387253,0.8049752929678756,10,18,10,7,13,28,1,10
3604,4058,0.448,0.778,0.6419403152619702,0.7003851664468825,10,18,10,7,14,28,1,10
3604,4059,0.763,0.834,0.44516608479647524,0.5645883561144807,10,18,10,7,15,28,1,10
3604,4060,0.955,0.889,0.30087864525848673,0.4724479513415897,10,18,10,7,16,28,1,10
3604,4061,0.999,0.945,0.2675976898323329,0.4425111194973079,10,18,10,7,17,28,1,10
3604,4062,1,1,0.27997592662824133,0.4419244484699101,10,18,10,7,18,28,1,10
3604,4072,0.537,0.579,0.6358521847075829,0.7187408142037339,10,18,10,7,10,29,1,10
3604,4073,0.403,0.632,0.6832222293016013,0.7624937103531833,10,18,10,7,11,29,1,10
3604,4074,0.265,0.684,0.7453797188906974,0.8067330563695854,10,18,10,7,12,29,1,10
3604,4075,0.207,0.737,0.757069690342017,0.7856792702864731,10,18,10,7,13,29,1,10
3604,4076,0.473,0.79,0.6113962962242376,0.6844129530506384,10,18,10,7,14,29,1,10
3604,4077,0.774,0.843,0.42689744816220954,0.5550545484737216,10,18,10,7,15,29,1,10
3604,4078,0.957,0.895,0.29031026723170306,0.4674118207512761,10,18,10,7,16,29,1,10
3604,4079,0.999,0.948,0.25657132443753816,0.4388920077477996,10,18,10,7,17,29,1,10
3604,4080,1,1,0.2647981978643381,0.43773916699369275,10,18,10,7,18,29,1,10
3604,4091,0.507,0.6,0.6356850323119341,0.7222663320717525,10,18,10,7,10,30,1,10
3604,4092,0.381,0.65,0.6789188898868546,0.7609675644507405,10,18,10,7,11,30,1,10
3604,4093,0.26,0.7,0.7317546103892076,0.7952853947108087,10,18,10,7,12,30,1,10
3604,4094,0.224,0.75,0.724558436107579,0.7675887073103654,10,18,10,7,13,30,1,10
3604,4095,0.494,0.8,0.5835502010386671,0.6697709828682659,10,18,10,7,14,30,1,10
3604,4096,0.785,0.85,0.41037933805762417,0.5463987160826235,10,18,10,7,15,30,1,10
3604,4097,0.959,0.9,0.2810933627105059,0.4629042682434579,10,18,10,7,16,30,1,10
3604,4098,0.999,0.95,0.24708720071142953,0.435693188015045,10,18,10,7,17,30,1,10
3604,4099,1,1,0.2520751068593491,0.43414737799062886,10,18,10,7,18,30,1,10
3604,4111,0.481,0.619,0.6337082577628406,0.7238054039196284,10,18,10,7,10,31,1,10
3604,4112,0.364,0.667,0.6725685154288581,0.7574441061621413,10,18,10,7,11,31,1,10
3604,4113,0.259,0.714,0.7166482931490498,0.7831101355367203,10,18,10,7,12,31,1,10
3604,4114,0.241,0.762,0.6942029412409048,0.7507596664828595,10,18,10,7,13,31,1,10
3604,4115,0.514,0.81,0.558028527710003,0.6563640471306711,10,18,10,7,14,31,1,10
3604,4116,0.794,0.858,0.39535821967786344,0.5385375133939774,10,18,10,7,15,31,1,10
3604,4117,0.961,0.905,0.27297432500524965,0.45886945703074766,10,18,10,7,16,31,1,10
3604,4118,0.999,0.953,0.2388184264702311,0.4328756941615173,10,18,10,7,17,31,1,10
3604,4119,1,1,0.2414312110234682,0.4310803920239238,10,18,10,7,18,31,1,10
3604,4132,0.459,0.637,0.6301853262137929,0.7236621907610741,10,18,10,7,10,32,1,10
3604,4133,0.351,0.682,0.6646162221830665,0.7524347731667173,10,18,10,7,11,32,1,10
3604,4134,0.261,0.727,0.7005536434778299,0.7707397547766579,10,18,10,7,12,32,1,10
3604,4135,0.256,0.773,0.6659634036936433,0.735170296916315,10,18,10,7,13,32,1,10
3604,4136,0.532,0.818,0.5347023988066746,0.6440930351192735,10,18,10,7,14,32,1,10
3604,4137,0.802,0.864,0.38159587771696046,0.531396002694412,10,18,10,7,15,32,1,10
3604,4138,0.962,0.909,0.2657089104379212,0.4552590472372545,10,18,10,7,16,32,1,10
3604,4139,0.999,0.955,0.23158881269490872,0.4304028278558445,10,18,10,7,17,32,1,10
3604,4140,1,1,0.23249510726084788,0.42847279126229676,10,18,10,7,18,32,1,10
3604,4154,0.44,0.652,0.6253662579672146,0.7221397137201306,10,18,10,7,10,33,1,10
3604,4155,0.341,0.696,0.655450086444693,0.7463776674137186,10,18,10,7,11,33,1,10
3604,4156,0.265,0.739,0.6838796488931342,0.7585160350112076,10,18,10,7,12,33,1,10
3604,4157,0.27,0.783,0.639762399151622,0.720762201550383,10,18,10,7,13,33,1,10
3604,4158,0.548,0.826,0.5133954164748797,0.632861265466732,10,18,10,7,14,33,1,10
3604,4159,0.809,0.87,0.3687655318713229,0.5249064292700762,10,18,10,7,15,33,1,10
3604,4160,0.963,0.913,0.2591011495907438,0.4520303147849112,10,18,10,7,16,33,1,10
3604,4161,0.999,0.957,0.22525330429798984,0.4282402483060146,10,18,10,7,17,33,1,10
3604,4162,1,1,0.22499239527270543,0.42626473049862,10,18,10,7,18,33,1,10
3604,4177,0.423,0.667,0.6194892721684575,0.7195217423562736,10,18,10,7,10,34,1,10
3604,4178,0.334,0.709,0.6454014197109341,0.7396295897344929,10,18,10,7,11,34,1,10
3604,4179,0.27,0.75,0.6670139986650173,0.7466499940381954,10,18,10,7,12,34,1,10
3604,4180,0.284,0.792,0.6154985723373514,0.7074609422245182,10,18,10,7,13,34,1,10
3604,4181,0.563,0.833,0.4939027480058491,0.6225772967140865,10,18,10,7,14,34,1,10
3604,4182,0.816,0.875,0.35678567585175347,0.5190074090160659,10,18,10,7,15,34,1,10
3604,4183,0.965,0.917,0.25283536404075335,0.44914514305689346,10,18,10,7,16,34,1,10
3604,4184,0.999,0.959,0.2196502248304698,0.4263560658266343,10,18,10,7,17,34,1,10
3604,4185,1,1,0.21871164215570948,0.4244026248814903,10,18,10,7,18,34,1,10
3604,4201,0.409,0.68,0.6127734155599178,0.7160616946319421,10,18,10,7,10,35,1,10
3604,4202,0.329,0.72,0.6347622431610622,0.7324701418469861,10,18,10,7,11,35,1,10
3604,4203,0.276,0.76,0.6502132119543925,0.7352653864333787,10,18,10,7,12,35,1,10
3604,4204,0.297,0.8,0.5930380011620133,0.6951865752328754,10,18,10,7,13,35,1,10
3604,4205,0.576,0.84,0.476000773178607,0.6131560642772496,10,18,10,7,14,35,1,10
3604,4206,0.822,0.88,0.345745966083965,0.5136432572880161,10,18,10,7,15,35,1,10
3604,4207,0.966,0.92,0.24700628405734326,0.4465692642085711,10,18,10,7,16,35,1,10
3604,4208,0.999,0.96,0.21464582941460963,0.42472078751466347,10,18,10,7,17,35,1,10
3604,4209,1,1,0.21340831393466175,0.4228390250689411,10,18,10,7,18,35,1,10
3604,4226,1,0.876,0.3795940747942058,0.5611295139359462,10,18,10,7,10,11,4,10
3604,4227,1,0.75,0.3778478465116941,0.5492826912156019,10,18,10,7,10,12,4,10
3604,4228,0.998,0.876,0.37891242454440544,0.5562382935928456,10,18,10,7,11,12,4,10
3604,4229,0.996,0.625,0.3764325337847866,0.5376187543954125,10,18,10,7,10,13,4,10
3604,4230,0.988,0.75,0.3779831778887074,0.5433167640160216,10,18,10,7,11,13,4,10
3604,4231,0.949,0.875,0.38287046873281605,0.560286839662583,10,18,10,7,12,13,4,10
3604,4232,0.984,0.5,0.37823341708675673,0.529970843419956,10,18,10,7,10,14,4,10
3604,4233,0.958,0.625,0.38421433028639695,0.5404454817286544,10,18,10,7,11,14,4,10
3604,4234,0.879,0.75,0.3981807091907472,0.564318188386985,10,18,10,7,12,14,4,10
3604,4235,0.699,0.875,0.4118521074275807,0.5850804826188727,10,18,10,7,13,14,4,10
3604,4236,0.955,0.375,0.3872850139393388,0.531674746448437,10,18,10,7,10,15,4,10
3604,4237,0.903,0.5,0.4026306504284898,0.5516829518232045,10,18,10,7,11,15,4,10
3604,4238,0.777,0.625,0.4343865964634651,0.5886971598135318,10,18,10,7,12,15,4,10
3604,4239,0.561,0.75,0.47426423790024264,0.6227331787599125,10,18,10,7,13,15,4,10
3604,4240,0.449,0.875,0.47518768041790604,0.6235208476364282,10,18,10,7,14,15,4,10
3604,4241,0.907,0.25,0.40767042724317926,0.5471007747876233,10,18,10,7,10,16,4,10
3604,4242,0.822,0.375,0.4385392512243429,0.5812164710797703,10,18,10,7,11,16,4,10
3604,4243,0.654,0.5,0.496413201239461,0.6371101014841936,10,18,10,7,12,16,4,10
3604,4244,0.424,0.625,0.5725494072962483,0.6902960811568146,10,18,10,7,13,16,4,10
3604,4245,0.375,0.75,0.5997271056456592,0.6976687849598627,10,18,10,7,14,16,4,10
3604,4246,0.472,0.875,0.48686777119327784,0.6272784110095573,10,18,10,7,15,16,4,10
3604,4247,0.839,0.125,0.44367260558709753,0.5790863899185299,10,18,10,7,10,17,4,10
3604,4248,0.721,0.25,0.4967314206034338,0.6313555777102026,10,18,10,7,11,17,4,10
3604,4249,0.518,0.375,0.5879097990226669,0.7096334591348153,10,18,10,7,12,17,4,10
3604,4250,0.3,0.5,0.6968693048335066,0.7765277270243334,10,18,10,7,13,17,4,10
3604,4251,0.312,0.625,0.7023926823646203,0.7613072874909648,10,18,10,7,14,17,4,10
3604,4252,0.506,0.75,0.5468149642529052,0.6557505882594785,10,18,10,7,15,17,4,10
3604,4253,0.83,0.876,0.40831368094539844,0.5740002405639868,10,18,10,7,16,17,4,10
3604,4254,0.753,0,0.4980301475881884,0.6261264109768496,10,18,10,7,10,18,4,10
3604,4255,0.605,0.125,0.5768624731272227,0.6975637895463253,10,18,10,7,11,18,4,10
3604,4256,0.377,0.25,0.7016708235165524,0.7964972309413443,10,18,10,7,12,18,4,10
3604,4257,0.197,0.375,0.8182606625802002,0.8600944761190761,10,18,10,7,13,18,4,10
3604,4258,0.288,0.5,0.7585562439598565,0.7856716604878511,10,18,10,7,14,18,4,10
3604,4259,0.633,0.625,0.5356579549564249,0.6438494491996366,10,18,10,7,15,18,4,10
3604,4260,0.913,0.75,0.3963328171622219,0.5488726751239326,10,18,10,7,16,18,4,10
3604,4261,0.997,0.876,0.3735068141653757,0.5309324430727181,10,18,10,7,17,18,4,10
3604,4262,0.652,0.111,0.5688941824551261,0.6821006568865011,10,18,10,7,10,19,4,10
3604,4263,0.479,0.222,0.6733544670194218,0.7698549284680598,10,18,10,7,11,19,4,10
3604,4264,0.238,0.333,0.8215671992080075,0.8840343812900062,10,18,10,7,12,19,4,10
3604,4265,0.123,0.444,0.9137336862010988,0.8991487022980346,10,18,10,7,13,19,4,10
3604,4266,0.42,0.556,0.7150767685949746,0.7588067379965545,10,18,10,7,14,19,4,10
3604,4267,0.749,0.667,0.5006107609101682,0.6094666493352998,10,18,10,7,15,19,4,10
3604,4268,0.949,0.778,0.3817714820644431,0.5201455800926309,10,18,10,7,16,19,4,10
3604,4269,0.999,0.889,0.36396756541956554,0.5031045882648837,10,18,10,7,17,19,4,10
3604,4270,1,1,0.37272078731943326,0.5255007753926606,10,18,10,7,18,19,4,10
3604,4271,0.541,0.2,0.6511435609733538,0.7383975313144798,10,18,10,7,10,20,4,10
3604,4272,0.35,0.3,0.7744040848165256,0.835365953335088,10,18,10,7,11,20,4,10
3604,4273,0.111,0.4,0.926398009012762,0.9453345239154258,10,18,10,7,12,20,4,10
3604,4274,0.217,0.5,0.8689073939130134,0.8628771524053723,10,18,10,7,13,20,4,10
3604,4275,0.543,0.6,0.6565298453402286,0.7104021717545512,10,18,10,7,14,20,4,10
3604,4276,0.817,0.7,0.46906138700433886,0.5733713916205581,10,18,10,7,15,20,4,10
3604,4277,0.966,0.8,0.36913109677127354,0.4972915027066238,10,18,10,7,16,20,4,10
3604,4278,0.999,0.9,0.3548174178082636,0.48360237067751966,10,18,10,7,17,20,4,10
3604,4279,1,1,0.3649910101579845,0.5023291056898387,10,18,10,7,18,20,4,10
3604,4281,0.427,0.273,0.7235550524528166,0.7861583067761035,10,18,10,7,10,21,4,10
3604,4282,0.237,0.364,0.836802814268261,0.8778188087695405,10,18,10,7,11,21,4,10
3604,4283,0.076,0.455,0.9245833272776227,0.9174299150801828,10,18,10,7,12,21,4,10
3604,4284,0.335,0.546,0.7665388498752486,0.8036722979484221,10,18,10,7,13,21,4,10
3604,4285,0.631,0.637,0.5749593167877062,0.6626921565347765,10,18,10,7,14,21,4,10
3604,4286,0.861,0.728,0.42428743638723543,0.5429643423193686,10,18,10,7,15,21,4,10
3604,4287,0.976,0.819,0.35829173183158003,0.4802339823775864,10,18,10,7,16,21,4,10
3604,4288,0.999,0.91,0.34785058134407143,0.47107026935125285,10,18,10,7,17,21,4,10
3604,4289,1,1,0.3577004376358962,0.48598500189817084,10,18,10,7,18,21,4,10
3604,4292,0.33,0.333,0.7604954298086979,0.8174810149860238,10,18,10,7,10,22,4,10
3604,4293,0.177,0.417,0.8467658375962361,0.8812784208924952,10,18,10,7,11,22,4,10
3604,4294,0.139,0.5,0.8361457529891522,0.8583479181046423,10,18,10,7,12,22,4,10
3604,4295,0.43,0.583,0.6762685839480755,0.7482879150233356,10,18,10,7,13,22,4,10
3604,4296,0.697,0.667,0.5060082882257284,0.6219709830591094,10,18,10,7,14,22,4,10
3604,4297,0.891,0.75,0.37729483487190885,0.5189320298295872,10,18,10,7,15,22,4,10
3604,4298,0.982,0.833,0.3263042529563216,0.4677518847351281,10,18,10,7,16,22,4,10
3604,4299,1,0.917,0.3417655574914913,0.461848105035217,10,18,10,7,17,22,4,10
3604,4300,1,1,0.35036726200172263,0.4716618524996187,10,18,10,7,18,22,4,10
3604,4304,0.266,0.385,0.7732867935803581,0.8277518590198446,10,18,10,7,10,23,4,10
3604,4305,0.173,0.461,0.8210561395785743,0.8539214663530826,10,18,10,7,11,23,4,10
3604,4306,0.233,0.539,0.7501930097485294,0.8036321010041718,10,18,10,7,12,23,4,10
3604,4307,0.508,0.616,0.6001226653720791,0.7010282322355295,10,18,10,7,13,23,4,10
3604,4308,0.748,0.692,0.45022665541026186,0.5886621118489849,10,18,10,7,14,23,4,10
3604,4309,0.913,0.769,0.34129146929755294,0.5001586107470937,10,18,10,7,15,23,4,10
3604,4310,0.986,0.847,0.3007265017091031,0.45815653237855236,10,18,10,7,16,23,4,10
3604,4311,1,0.923,0.319028493910271,0.4536850125138099,10,18,10,7,17,23,4,10
3604,4312,1,1,0.34263796075042874,0.4591263103976798,10,18,10,7,18,23,4,10
3604,4317,0.24,0.429,0.7637939326758665,0.8191921168704789,10,18,10,7,10,24,4,10
3604,4318,0.195,0.5,0.7738784228372427,0.8163148696793583,10,18,10,7,11,24,4,10
3604,4319,0.314,0.572,0.6746139739066679,0.7562829351051971,10,18,10,7,12,24,4,10
3604,4320,0.573,0.643,0.536559872116217,0.6615318296066351,10,18,10,7,13,24,4,10
3604,4321,0.788,0.714,0.40519184908503214,0.5615787299329833,10,18,10,7,14,24,4,10
3604,4322,0.929,0.786,0.31326033747374415,0.4852238612613837,10,18,10,7,15,24,4,10
3604,4323,0.989,0.857,0.2804855545585456,0.4502248227231065,10,18,10,7,16,24,4,10
3604,4324,1,0.929,0.2927767839440564,0.4461125723452801,10,18,10,7,17,24,4,10
3604,4325,1,1,0.3135129545829791,0.44866582072996375,10,18,10,7,18,24,4,10
3604,4331,0.24,0.467,0.738610612438034,0.79902389988711,10,18,10,7,10,25,4,10
3604,4332,0.219,0.533,0.717551007668484,0.7784128120603999,10,18,10,7,11,25,4,10
3604,4333,0.386,0.6,0.6091266606449532,0.715759688143637,10,18,10,7,12,25,4,10
3604,4334,0.627,0.667,0.4834850815134214,0.6285223720465227,10,18,10,7,13,25,4,10
3604,4335,0.82,0.733,0.3685423158328075,0.5393522657521936,10,18,10,7,14,25,4,10
3604,4336,0.941,0.8,0.2908958826558168,0.47302377304956944,10,18,10,7,15,25,4,10
3604,4337,0.991,0.867,0.2632298349480918,0.4433553386925473,10,18,10,7,16,25,4,10
3604,4338,1,0.934,0.2697379125893602,0.43921428038530685,10,18,10,7,17,25,4,10
3604,4339,1,1,0.2808320358227593,0.44007106467870405,10,18,10,7,18,25,4,10
3604,4346,0.252,0.5,0.7038709786319007,0.7738107825899895,10,18,10,7,10,26,4,10
3604,4347,0.252,0.563,0.6601584845004738,0.7432551684175757,10,18,10,7,11,26,4,10
3604,4348,0.448,0.625,0.552549744186041,0.6810266699211223,10,18,10,7,12,26,4,10
3604,4349,0.673,0.688,0.4390324069937135,0.6007328798365953,10,18,10,7,13,26,4,10
3604,4350,0.846,0.75,0.3384798681648662,0.5208698260996749,10,18,10,7,14,26,4,10
3604,4351,0.951,0.813,0.2724094784751627,0.46283964137882294,10,18,10,7,15,26,4,10
3604,4352,0.993,0.875,0.24787545950399814,0.43732314128883476,10,18,10,7,16,26,4,10
3604,4353,1,0.938,0.2501002527087698,0.433173822185562,10,18,10,7,17,26,4,10
3604,4354,1,1,0.25576444815711696,0.43325978966847234,10,18,10,7,18,26,4,10
3604,4362,0.267,0.53,0.6644574204563509,0.7474132376647757,10,18,10,7,10,27,4,10
3604,4363,0.293,0.588,0.6060014950549227,0.71153334191696,10,18,10,7,11,27,4,10
3604,4364,0.503,0.647,0.5036341189842202,0.6511117512878764,10,18,10,7,12,27,4,10
3604,4365,0.711,0.706,0.40130095995148163,0.5771483362654064,10,18,10,7,13,27,4,10
3604,4366,0.867,0.765,0.31336224862781314,0.5053435888644218,10,18,10,7,14,27,4,10
3604,4367,0.959,0.824,0.25641975406611184,0.45426475742582617,10,18,10,7,15,27,4,10
3604,4368,0.994,0.883,0.23439430539980077,0.432123745133532,10,18,10,7,16,27,4,10
3604,4369,1,0.941,0.23406520272454168,0.4281907988424789,10,18,10,7,17,27,4,10
3604,4370,1,1,0.23703260647349056,0.4282099471521458,10,18,10,7,18,27,4,10
3604,4379,0.282,0.556,0.6237106446699715,0.7217233957162013,10,18,10,7,10,28,4,10
3604,4380,0.339,0.611,0.5568138568882851,0.6832108810344495,10,18,10,7,11,28,4,10
3604,4381,0.552,0.667,0.46124736383172593,0.6252323672334689,10,18,10,7,12,28,4,10
3604,4382,0.744,0.722,0.3688408294787032,0.5570224957628837,10,18,10,7,13,28,4,10
3604,4383,0.884,0.778,0.29159737175933853,0.49224749077094376,10,18,10,7,14,28,4,10
3604,4384,0.965,0.834,0.24225363560153168,0.4470787204674316,10,18,10,7,15,28,4,10
3604,4385,0.995,0.889,0.22281672633346206,0.4278000426503892,10,18,10,7,16,28,4,10
3604,4386,1,0.945,0.22143279565269403,0.42432675094732064,10,18,10,7,17,28,4,10
3604,4387,1,1,0.22333844626489452,0.4247260886058948,10,18,10,7,18,28,4,10
3604,4397,0.301,0.579,0.5836752864046758,0.6975894178604726,10,18,10,7,10,29,4,10
3604,4398,0.386,0.632,0.5130357192550923,0.6580438127366446,10,18,10,7,11,29,4,10
3604,4399,0.595,0.684,0.4245491711103515,0.6027838353108568,10,18,10,7,12,29,4,10
3604,4400,0.773,0.737,0.3410483652251458,0.539808083217411,10,18,10,7,13,29,4,10
3604,4401,0.899,0.79,0.2727798292087832,0.4812107490378902,10,18,10,7,14,29,4,10
3604,4402,0.97,0.843,0.22984251793739396,0.44112720170313025,10,18,10,7,15,29,4,10
3604,4403,0.996,0.895,0.2132300729451918,0.42434328291137824,10,18,10,7,16,29,4,10
3604,4404,1,0.948,0.21171687084766588,0.4215093461204015,10,18,10,7,17,29,4,10
3604,4405,1,1,0.2135930990094589,0.42253662553325255,10,18,10,7,18,29,4,10
3604,4416,0.324,0.6,0.5456405731698692,0.6753471692257108,10,18,10,7,10,30,4,10
3604,4417,0.432,0.65,0.4744931660493331,0.635742605932027,10,18,10,7,11,30,4,10
3604,4418,0.633,0.7,0.3927690707650926,0.5832900600881941,10,18,10,7,12,30,4,10
3604,4419,0.797,0.75,0.31722236836227835,0.5250832229480589,10,18,10,7,13,30,4,10
3604,4420,0.911,0.8,0.25681764987715017,0.47194471607215094,10,18,10,7,14,30,4,10
3604,4421,0.974,0.85,0.21959251435602833,0.4362740047028175,10,18,10,7,15,30,4,10
3604,4422,0.996,0.9,0.20548178346476997,0.4216982792450845,10,18,10,7,16,30,4,10
3604,4423,1,0.95,0.20421107986232034,0.4196105924398471,10,18,10,7,17,30,4,10
3604,4424,1,1,0.2067573313330754,0.4213822236921382,10,18,10,7,18,30,4,10
3604,4436,0.351,0.619,0.5103296584487862,0.6550810983823475,10,18,10,7,10,31,4,10
3604,4437,0.476,0.667,0.44060068253406903,0.616021268256503,10,18,10,7,11,31,4,10
3604,4438,0.666,0.714,0.36520945305619856,0.566363084332743,10,18,10,7,12,31,4,10
3604,4439,0.818,0.762,0.29691773486788464,0.5125059085477341,10,18,10,7,13,31,4,10
3604,4440,0.922,0.81,0.2435526383406944,0.46420911949724,10,18,10,7,14,31,4,10
3604,4441,0.977,0.858,0.21128042036749828,0.432390356602548,10,18,10,7,15,31,4,10
3604,4442,0.997,0.905,0.19951573704878878,0.41978373550359493,10,18,10,7,16,31,4,10
3604,4443,1,0.953,0.19877064318926163,0.4184882529316729,10,18,10,7,17,31,4,10
3604,4444,1,1,0.20230343092616676,0.4210351314810078,10,18,10,7,18,31,4,10
3604,4457,0.379,0.637,0.47798865346909236,0.6367513642549572,10,18,10,7,10,32,4,10
3604,4458,0.516,0.682,0.4107888660282182,0.598611868223458,10,18,10,7,11,32,4,10
3604,4459,0.696,0.727,0.341455002004485,0.5516763337656505,10,18,10,7,12,32,4,10
3604,4460,0.837,0.773,0.279813885058221,0.5017872728552435,10,18,10,7,13,32,4,10
3604,4461,0.931,0.818,0.23259276953302466,0.45779492218536355,10,18,10,7,14,32,4,10
3604,4462,0.98,0.864,0.20474204585267708,0.42935204921016334,10,18,10,7,15,32,4,10
3604,4463,0.997,0.909,0.1951356735056473,0.41850522774411425,10,18,10,7,16,32,4,10
3604,4464,1,0.955,0.19505838392441943,0.41800052750148353,10,18,10,7,17,32,4,10
3604,4465,1,1,0.19965256900731543,0.42129417258189517,10,18,10,7,18,32,4,10
3604,4479,0.409,0.652,0.4486499231085901,0.6202567374555013,10,18,10,7,10,33,4,10
3604,4480,0.554,0.696,0.38478955973666995,0.5832667452811009,10,18,10,7,11,33,4,10
3604,4481,0.723,0.739,0.32109187971396735,0.5389466883418145,10,18,10,7,12,33,4,10
3604,4482,0.853,0.783,0.2654643372632569,0.4926755838757274,10,18,10,7,13,33,4,10
3604,4483,0.938,0.826,0.22371050716055085,0.4525154195919189,10,18,10,7,14,33,4,10
3604,4484,0.982,0.87,0.19980796712380755,0.42703930570298443,10,18,10,7,15,33,4,10
3604,4485,0.998,0.913,0.19200604070467875,0.4177634827441825,10,18,10,7,16,33,4,10
3604,4486,1,0.957,0.19270029629035312,0.418014091808649,10,18,10,7,17,33,4,10
3604,4487,1,1,0.1981024270346926,0.421988395056747,10,18,10,7,18,33,4,10
3604,4502,0.44,0.667,0.4223941305724792,0.605465979692344,10,18,10,7,10,34,4,10
3604,4503,0.588,0.709,0.3621716621954437,0.5697569131249794,10,18,10,7,11,34,4,10
3604,4504,0.747,0.75,0.3036952249980953,0.5279233459277959,10,18,10,7,12,34,4,10
3604,4505,0.867,0.792,0.2535563464264471,0.4849475269795498,10,18,10,7,13,34,4,10
3604,4506,0.945,0.833,0.2166857811330417,0.4482024452879132,10,18,10,7,14,34,4,10
3604,4507,0.984,0.875,0.19614784325830525,0.4253389594236726,10,18,10,7,15,34,4,10
3604,4508,0.998,0.917,0.18987617598326934,0.41746221453709853,10,18,10,7,16,34,4,10
3604,4509,1,0.959,0.19119163132596018,0.4184111908704917,10,18,10,7,17,34,4,10
3604,4510,1,1,0.19740030337106396,0.4229787414845855,10,18,10,7,18,34,4,10
3604,4526,0.47,0.68,0.39905164851803676,0.5922343182856263,10,18,10,7,10,35,4,10
3604,4527,0.619,0.72,0.342534595968783,0.5578705627701119,10,18,10,7,11,35,4,10
3604,4528,0.768,0.76,0.2889280130825218,0.5183819429794209,10,18,10,7,12,35,4,10
3604,4529,0.88,0.8,0.24378093864451633,0.4784044462302356,10,18,10,7,13,35,4,10
3604,4530,0.95,0.84,0.2111595842058035,0.4447059743146291,10,18,10,7,14,35,4,10
3604,4531,0.986,0.88,0.1934718589075517,0.42414801972906335,10,18,10,7,15,35,4,10
3604,4532,0.998,0.92,0.18841619371888807,0.4175143116143748,10,18,10,7,16,35,4,10
3604,4533,1,0.96,0.19034199742317615,0.41909283639389194,10,18,10,7,17,35,4,10
3604,4534,1,1,0.19750381922794014,0.4241555891644607,10,18,10,7,18,35,4,10
3604,4551,1,0.876,0.3795080252358852,0.5605246947293555,10,18,10,7,10,11,7,10
3604,4552,1,0.75,0.37759294335530225,0.5475410146670676,10,18,10,7,10,12,7,10
3604,4553,0.998,0.876,0.3788297646485307,0.5558084746574011,10,18,10,7,11,12,7,10
3604,4554,0.993,0.625,0.3763555945650503,0.535083533692725,10,18,10,7,10,13,7,10
3604,4555,0.981,0.75,0.3787668559713594,0.5440538805020498,10,18,10,7,11,13,7,10
3604,4556,0.936,0.875,0.3839571520018036,0.5615036142483737,10,18,10,7,12,13,7,10
3604,4557,0.968,0.5,0.3819116309084458,0.5314045203071314,10,18,10,7,10,14,7,10
3604,4558,0.928,0.625,0.391178345278408,0.548414514201086,10,18,10,7,11,14,7,10
3604,4559,0.829,0.75,0.40726259868731063,0.5732300052605452,10,18,10,7,12,14,7,10
3604,4560,0.66,0.875,0.41697177313610745,0.5882936098112579,10,18,10,7,13,14,7,10
3604,4561,0.908,0.375,0.4024898143777623,0.5453022367152662,10,18,10,7,10,15,7,10
3604,4562,0.827,0.5,0.42651449438822187,0.5748474259467355,10,18,10,7,11,15,7,10
3604,4563,0.668,0.625,0.4665679938433519,0.6130641615037988,10,18,10,7,12,15,7,10
3604,4564,0.483,0.75,0.4979824202422094,0.6366500331898637,10,18,10,7,13,15,7,10
3604,4565,0.442,0.875,0.4835163513713411,0.6276357799505865,10,18,10,7,14,15,7,10
3604,4566,0.81,0.25,0.44853045986522255,0.5839035748232793,10,18,10,7,10,16,7,10
3604,4567,0.683,0.375,0.4975451265251706,0.6321669974607705,10,18,10,7,11,16,7,10
3604,4568,0.479,0.5,0.5711524516611828,0.6887612464899169,10,18,10,7,12,16,7,10
3604,4569,0.338,0.625,0.6318164772177504,0.7229484971752487,10,18,10,7,13,16,7,10
3604,4570,0.375,0.75,0.6079354189437656,0.7014341653405947,10,18,10,7,14,16,7,10
3604,4571,0.498,0.875,0.4808993508167295,0.6239001385661784,10,18,10,7,15,16,7,10
3604,4572,0.677,0.125,0.5281627542673131,0.6512748546897937,10,18,10,7,10,17,7,10
3604,4573,0.509,0.25,0.6117607922432912,0.7219802347175319,10,18,10,7,11,17,7,10
3604,4574,0.29,0.375,0.720370112302553,0.7941645485297932,10,18,10,7,12,17,7,10
3604,4575,0.25,0.5,0.7645140454135289,0.8123622170791736,10,18,10,7,13,17,7,10
3604,4576,0.355,0.625,0.6768612285874177,0.742883928609874,10,18,10,7,14,17,7,10
3604,4577,0.606,0.75,0.5112195093416123,0.6356200396323006,10,18,10,7,15,17,7,10
3604,4578,0.866,0.876,0.4009483272759149,0.5674909622615124,10,18,10,7,16,17,7,10
3604,4579,0.519,0,0.6415193998894795,0.7402848634348714,10,18,10,7,10,18,7,10
3604,4580,0.322,0.125,0.757151820244422,0.8313771245558975,10,18,10,7,11,18,7,10
3604,4581,0.138,0.25,0.8713277936421068,0.9035091416442153,10,18,10,7,12,18,7,10
3604,4582,0.22,0.375,0.8290874599055778,0.8458205880990183,10,18,10,7,13,18,7,10
3604,4583,0.498,0.5,0.6398844149836049,0.7175690879545312,10,18,10,7,14,18,7,10
3604,4584,0.776,0.625,0.47068352177577344,0.6000982644638392,10,18,10,7,15,18,7,10
3604,4585,0.949,0.75,0.3838719475434683,0.533446522939887,10,18,10,7,16,18,7,10
3604,4586,0.998,0.876,0.37337230139109545,0.5301513451329631,10,18,10,7,17,18,7,10
3604,4587,0.347,0.111,0.7740558504319228,0.8337184754559106,10,18,10,7,10,19,7,10
3604,4588,0.134,0.222,0.9084741363307526,0.93904730609766,10,18,10,7,11,19,7,10
3604,4589,0.123,0.333,0.9215636842620057,0.9210165477161255,10,18,10,7,12,19,7,10
3604,4590,0.4,0.444,0.7462029049035928,0.7896277030110365,10,18,10,7,13,19,7,10
3604,4591,0.666,0.556,0.5642005339819394,0.655637923891778,10,18,10,7,14,19,7,10
3604,4592,0.872,0.667,0.42860891335181417,0.5526410230486012,10,18,10,7,15,19,7,10
3604,4593,0.977,0.778,0.3676423343547187,0.5021316780409083,10,18,10,7,16,19,7,10
3604,4594,0.999,0.889,0.36332853163914025,0.5006950461939713,10,18,10,7,17,19,7,10
3604,4595,1,1,0.3730413950914523,0.526735069472424,10,18,10,7,18,19,7,10
3604,4596,0.186,0.2,0.8702031306784599,0.9007626316353328,10,18,10,7,10,20,7,10
3604,4597,0.058,0.3,0.9337123041606923,0.9333567365975497,10,18,10,7,11,20,7,10
3604,4598,0.297,0.4,0.7921492459555459,0.8347067854591794,10,18,10,7,12,20,7,10
3604,4599,0.551,0.5,0.6322571398241075,0.7127202173711774,10,18,10,7,13,20,7,10
3604,4600,0.772,0.6,0.4915473874835199,0.596907094858528,10,18,10,7,14,20,7,10
3604,4601,0.922,0.7,0.39694116603024443,0.5153025694497586,10,18,10,7,15,20,7,10
3604,4602,0.988,0.8,0.35486229821015314,0.4804560788367088,10,18,10,7,16,20,7,10
3604,4603,1,0.9,0.3552145417410818,0.4830302919184345,10,18,10,7,17,20,7,10
3604,4604,1,1,0.36591754083490013,0.5044534169957808,10,18,10,7,18,20,7,10
3604,4606,0.139,0.273,0.8685032307042798,0.8914114381141205,10,18,10,7,10,21,7,10
3604,4607,0.194,0.364,0.8063611764208691,0.8480451488528206,10,18,10,7,11,21,7,10
3604,4608,0.437,0.455,0.66888589253177,0.7532778206905985,10,18,10,7,12,21,7,10
3604,4609,0.662,0.546,0.5294556771507974,0.6470805839756755,10,18,10,7,13,21,7,10
3604,4610,0.84,0.637,0.41536523879033493,0.5515922844542911,10,18,10,7,14,21,7,10
3604,4611,0.95,0.728,0.3517025807573033,0.4892549244953339,10,18,10,7,15,21,7,10
3604,4612,0.993,0.819,0.3455623538911693,0.46673303701637425,10,18,10,7,16,21,7,10
3604,4613,1,0.91,0.34954879909643066,0.4723313447856474,10,18,10,7,17,21,7,10
3604,4614,1,1,0.35797557762738685,0.4857043302438102,10,18,10,7,18,21,7,10
3604,4617,0.17,0.333,0.7967019861914407,0.8351189639285003,10,18,10,7,10,22,7,10
3604,4618,0.324,0.417,0.6934345225793662,0.7738768513954926,10,18,10,7,11,22,7,10
3604,4619,0.548,0.5,0.5684814084116877,0.6872801137434333,10,18,10,7,12,22,7,10
3604,4620,0.743,0.583,0.4502673725385228,0.5961573716924247,10,18,10,7,13,22,7,10
3604,4621,0.886,0.667,0.36002419817006703,0.5186367995973922,10,18,10,7,14,22,7,10
3604,4622,0.967,0.75,0.31587787033606074,0.4716423949535422,10,18,10,7,15,22,7,10
3604,4623,0.996,0.833,0.3207667176242168,0.4573118203414892,10,18,10,7,16,22,7,10
3604,4624,1,0.917,0.3433921457011696,0.46195225129717765,10,18,10,7,17,22,7,10
3604,4625,1,1,0.3495138065264829,0.4686992185521178,10,18,10,7,18,22,7,10
3604,4629,0.236,0.385,0.7052978202792131,0.7763468561880301,10,18,10,7,10,23,7,10
3604,4630,0.434,0.461,0.5990119741349766,0.7129635013975143,10,18,10,7,11,23,7,10
3604,4631,0.636,0.539,0.48866981705695367,0.6352128740547328,10,18,10,7,12,23,7,10
3604,4632,0.803,0.616,0.39022205439309143,0.5574886727524765,10,18,10,7,13,23,7,10
3604,4633,0.918,0.692,0.32028745113683643,0.49464652785115204,10,18,10,7,14,23,7,10
3604,4634,0.978,0.769,0.2902195424545593,0.4589018070130978,10,18,10,7,15,23,7,10
3604,4635,0.997,0.847,0.29647776528184655,0.44902026558885,10,18,10,7,16,23,7,10
3604,4636,1,0.923,0.32034354261874953,0.45140856826659104,10,18,10,7,17,23,7,10
3604,4637,1,1,0.3404461678509819,0.4548577280420326,10,18,10,7,18,23,7,10
3604,4642,0.327,0.429,0.619769321973998,0.7243177798094395,10,18,10,7,10,24,7,10
3604,4643,0.527,0.5,0.5214048545516095,0.6633525830783038,10,18,10,7,11,24,7,10
3604,4644,0.707,0.572,0.4257746592188466,0.5941047575954364,10,18,10,7,12,24,7,10
3604,4645,0.848,0.643,0.34478169356725885,0.527800247648055,10,18,10,7,13,24,7,10
3604,4646,0.939,0.714,0.2909650412491811,0.47652503186536066,10,18,10,7,14,24,7,10
3604,4647,0.985,0.786,0.2694524908545317,0.4487603882570821,10,18,10,7,15,24,7,10
3604,4648,0.998,0.857,0.2731986590107446,0.44119364779592785,10,18,10,7,16,24,7,10
3604,4649,1,0.929,0.28627846387265143,0.4419598698488115,10,18,10,7,17,24,7,10
3604,4650,1,1,0.29961208853870935,0.4440360367366868,10,18,10,7,18,24,7,10
3604,4656,0.417,0.467,0.5461028750648311,0.6797845431205866,10,18,10,7,10,25,7,10
3604,4657,0.604,0.533,0.45807116751703836,0.6227409289997943,10,18,10,7,11,25,7,10
3604,4658,0.763,0.6,0.3760640000934993,0.5612354981816052,10,18,10,7,12,25,7,10
3604,4659,0.881,0.667,0.3097464119925162,0.5044919206738212,10,18,10,7,13,25,7,10
3604,4660,0.955,0.733,0.2676744188576109,0.46227650634021356,10,18,10,7,14,25,7,10
3604,4661,0.989,0.8,0.2506762559291158,0.4402343622151562,10,18,10,7,15,25,7,10
3604,4662,0.999,0.867,0.2517146227335446,0.4340585640687037,10,18,10,7,16,25,7,10
3604,4663,1,0.934,0.258426608546529,0.43404900204347785,10,18,10,7,17,25,7,10
3604,4664,1,1,0.26673544381853587,0.43569256136329304,10,18,10,7,18,25,7,10
3604,4671,0.498,0.5,0.4837885507480889,0.6418921895759924,10,18,10,7,10,26,7,10
3604,4672,0.669,0.563,0.4057935228105509,0.5891819982790378,10,18,10,7,11,26,7,10
3604,4673,0.808,0.625,0.3360034315909296,0.5345772159975906,10,18,10,7,12,26,7,10
3604,4674,0.907,0.688,0.2815501307335486,0.48584336405711004,10,18,10,7,13,26,7,10
3604,4675,0.966,0.75,0.24776476787556767,0.45082550374789454,10,18,10,7,14,26,7,10
3604,4676,0.992,0.813,0.23404740335259477,0.43309726473072574,10,18,10,7,15,26,7,10
3604,4677,0.999,0.875,0.23363737445521127,0.4281056091987977,10,18,10,7,16,26,7,10
3604,4678,1,0.938,0.2374090836327798,0.42815496140351406,10,18,10,7,17,26,7,10
3604,4679,1,1,0.24376916804420978,0.4302943711731072,10,18,10,7,18,26,7,10
3604,4687,0.569,0.53,0.4312413131105468,0.6096323967355908,10,18,10,7,10,27,7,10
3604,4688,0.722,0.588,0.3625119076615707,0.561256432316635,10,18,10,7,11,27,7,10
3604,4689,0.843,0.647,0.3029741204191122,0.5127927760575687,10,18,10,7,12,27,7,10
3604,4690,0.927,0.706,0.2581396786939788,0.4708562537632709,10,18,10,7,13,27,7,10
3604,4691,0.974,0.765,0.23102318862992233,0.4417131560753591,10,18,10,7,14,27,7,10
3604,4692,0.994,0.824,0.22038019302666634,0.42747287973933057,10,18,10,7,15,27,7,10
3604,4693,0.999,0.883,0.219668841154666,0.4237505600203447,10,18,10,7,16,27,7,10
3604,4694,1,0.941,0.22245941974196037,0.42447966155524974,10,18,10,7,17,27,7,10
3604,4695,1,1,0.22911684195665794,0.4276925691123341,10,18,10,7,18,27,7,10
3604,4704,0.629,0.556,0.38710053247808784,0.5821812491124561,10,18,10,7,10,28,7,10
3604,4705,0.767,0.611,0.32678634459984757,0.537993309734274,10,18,10,7,11,28,7,10
3604,4706,0.872,0.667,0.2760360507041333,0.49502445168959974,10,18,10,7,12,28,7,10
3604,4707,0.942,0.722,0.2389697393486857,0.4589326178477928,10,18,10,7,13,28,7,10
3604,4708,0.98,0.778,0.21749802563092824,0.43469227784435527,10,18,10,7,14,28,7,10
3604,4709,0.996,0.834,0.20966648158904588,0.4234025798719969,10,18,10,7,15,28,7,10
3604,4710,1,0.889,0.20935014519362793,0.4210309153796288,10,18,10,7,16,28,7,10
3604,4711,1,0.945,0.21272623995339834,0.42276815621000585,10,18,10,7,17,28,7,10
3604,4712,1,1,0.22107109712054984,0.4272795062839656,10,18,10,7,18,28,7,10
3604,4722,0.682,0.579,0.350160870341237,0.5588952055611098,10,18,10,7,10,29,7,10
3604,4723,0.804,0.632,0.29737243784242195,0.5186898908899735,10,18,10,7,11,29,7,10
3604,4724,0.895,0.684,0.25432874283189844,0.48065173112672455,10,18,10,7,12,29,7,10
3604,4725,0.953,0.737,0.22393966273953403,0.4496196167129498,10,18,10,7,13,29,7,10
3604,4726,0.985,0.79,0.20719085273605964,0.42952134719004464,10,18,10,7,14,29,7,10
3604,4727,0.997,0.843,0.2017017674063547,0.42077845839227024,10,18,10,7,15,29,7,10
3604,4728,1,0.895,0.20236631939279437,0.41976967842320545,10,18,10,7,16,29,7,10
3604,4729,1,0.948,0.20713805115026318,0.42264211728614154,10,18,10,7,17,29,7,10
3604,4730,1,1,0.21807872429853625,0.42846918408980117,10,18,10,7,18,29,7,10
3604,4741,0.726,0.6,0.31934014863332094,0.5392455777452674,10,18,10,7,10,30,7,10
3604,4742,0.835,0.65,0.2735384894561361,0.5027852396073613,10,18,10,7,11,30,7,10
3604,4743,0.913,0.7,0.2372402221204759,0.469166898974392,10,18,10,7,12,30,7,10
3604,4744,0.963,0.75,0.2125378527917584,0.44252317904735117,10,18,10,7,13,30,7,10
3604,4745,0.988,0.8,0.19984315659861263,0.42594652903654884,10,18,10,7,14,30,7,10
3604,4746,0.998,0.85,0.19636447709709182,0.4194188506039618,10,18,10,7,15,30,7,10
3604,4747,1,0.9,0.19834436842261638,0.41972436160185234,10,18,10,7,16,30,7,10
3604,4748,1,0.95,0.20514413513752472,0.4237289954000433,10,18,10,7,17,30,7,10
3604,4749,1,1,0.21855196589987713,0.43074106148633673,10,18,10,7,18,30,7,10
3604,4761,0.764,0.619,0.29409156818102355,0.5227716620589131,10,18,10,7,10,31,7,10
3604,4762,0.86,0.667,0.2545433339993245,0.4897957118105626,10,18,10,7,11,31,7,10
3604,4763,0.928,0.714,0.2240652990914508,0.4601239450549949,10,18,10,7,12,31,7,10
3604,4764,0.97,0.762,0.20433615302994557,0.4372840080289392,10,18,10,7,13,31,7,10
3604,4765,0.991,0.81,0.19502002466470747,0.42371104405939153,10,18,10,7,14,31,7,10
3604,4766,0.998,0.858,0.19330484102061252,0.41910941644994837,10,18,10,7,15,31,7,10
3604,4767,1,0.905,0.196879338707184,0.4206265545795992,10,18,10,7,16,31,7,10
3604,4768,1,0.953,0.2053207239973075,0.4256533104614795,10,18,10,7,17,31,7,10
3604,4769,1,1,0.22070190981103743,0.43358633714679073,10,18,10,7,18,31,7,10
3604,4782,0.797,0.637,0.27360505148782344,0.5090526220005935,10,18,10,7,10,32,7,10
3604,4783,0.882,0.682,0.23964851179225233,0.4792847951060606,10,18,10,7,11,32,7,10
3604,4784,0.94,0.727,0.2143638055831386,0.4531192793609642,10,18,10,7,12,32,7,10
3604,4785,0.975,0.773,0.19874936185587277,0.433570833901157,10,18,10,7,13,32,7,10
3604,4786,0.992,0.818,0.19215025870435465,0.4225611054919738,10,18,10,7,14,32,7,10
3604,4787,0.999,0.864,0.19202652107340956,0.4196211690507816,10,18,10,7,15,32,7,10
3604,4788,1,0.909,0.19683913353014004,0.4222037191991671,10,18,10,7,16,32,7,10
3604,4789,1,0.955,0.20686859704214744,0.428068554445729,10,18,10,7,17,32,7,10
3604,4790,1,1,0.2239269977258792,0.43658632828390864,10,18,10,7,18,32,7,10
3604,4804,0.824,0.652,0.2572777618751705,0.49769650996365555,10,18,10,7,10,33,7,10
3604,4805,0.9,0.696,0.22827662848937325,0.4708541411909021,10,18,10,7,11,33,7,10
3604,4806,0.95,0.739,0.20735393721245132,0.4477888381460139,10,18,10,7,12,33,7,10
3604,4807,0.98,0.783,0.19513495220912747,0.43108419299626777,10,18,10,7,13,33,7,10
3604,4808,0.994,0.826,0.190636818033462,0.42226026438981745,10,18,10,7,14,33,7,10
3604,4809,0.999,0.87,0.19179028663061803,0.4207378247673753,10,18,10,7,15,33,7,10
3604,4810,1,0.913,0.1979315626216962,0.42421269928039196,10,18,10,7,16,33,7,10
3604,4811,1,0.957,0.20945304058616387,0.43068860001163745,10,18,10,7,17,33,7,10
3604,4812,1,1,0.22733861406743106,0.4394292783720286,10,18,10,7,18,33,7,10
3604,4827,0.848,0.667,0.24442276469849666,0.4883416372434358,10,18,10,7,10,34,7,10
3604,4828,0.915,0.709,0.2196226813529557,0.46414646173493024,10,18,10,7,11,34,7,10
3604,4829,0.958,0.75,0.20237360044705432,0.4438132225193455,10,18,10,7,12,34,7,10
3604,4830,0.983,0.792,0.19287642314483078,0.42956400890245283,10,18,10,7,13,34,7,10
3604,4831,0.995,0.833,0.18999503962329223,0.4226010714778332,10,18,10,7,14,34,7,10
3604,4832,0.999,0.875,0.19255566772485533,0.42226904258154274,10,18,10,7,15,34,7,10
3604,4833,1,0.917,0.2000167655300381,0.42644671332321693,10,18,10,7,16,34,7,10
3604,4834,1,0.959,0.21238439542452792,0.433284750321252,10,18,10,7,17,34,7,10
3604,4835,1,1,0.2302542338153486,0.44189771018702284,10,18,10,7,18,34,7,10
3604,4851,0.868,0.68,0.2342595235268986,0.48066350276927494,10,18,10,7,10,35,7,10
3604,4852,0.927,0.72,0.21308361819388277,0.45885120207981756,10,18,10,7,11,35,7,10
3604,4853,0.965,0.76,0.19882448802512132,0.4409217399208408,10,18,10,7,12,35,7,10
3604,4854,0.986,0.8,0.19160677632153977,0.4287926743002354,10,18,10,7,13,35,7,10
3604,4855,0.996,0.84,0.19036810376728663,0.42340906466680994,10,18,10,7,14,35,7,10
3604,4856,0.999,0.88,0.1941810827711412,0.4240548899368325,10,18,10,7,15,35,7,10
3604,4857,1,0.92,0.2025070914588789,0.4287387768945481,10,18,10,7,16,35,7,10
3604,4858,1,0.96,0.2151875749985267,0.43569017116381115,10,18,10,7,17,35,7,10
3604,4859,1,1,0.23254918597374552,0.44387359928179404,10,18,10,7,18,35,7,10
3604,4876,1,0.876,0.3795346004451574,0.5606757425025775,10,18,10,7,10,11,10,10
3604,4877,0.999,0.75,0.37759166943695366,0.5475018971714236,10,18,10,7,10,12,10,10
3604,4878,0.997,0.876,0.3788753588758127,0.5562009226508853,10,18,10,7,11,12,10,10
3604,4879,0.989,0.625,0.3767758324953778,0.5354427941509026,10,18,10,7,10,13,10,10
3604,4880,0.974,0.75,0.37994684896809083,0.5469546271330576,10,18,10,7,11,13,10,10
3604,4881,0.925,0.875,0.3847835157829369,0.5627727000180324,10,18,10,7,12,13,10,10
3604,4882,0.948,0.5,0.3868006367081238,0.5377569543992677,10,18,10,7,10,14,10,10
3604,4883,0.896,0.625,0.3981878570423548,0.5573703255449394,10,18,10,7,11,14,10,10
3604,4884,0.783,0.75,0.4143884310115121,0.5802723041290394,10,18,10,7,12,14,10,10
3604,4885,0.633,0.875,0.419096365561349,0.5897604437602928,10,18,10,7,13,14,10,10
3604,4886,0.853,0.375,0.4211136534468929,0.5647626895641362,10,18,10,7,10,15,10,10
3604,4887,0.747,0.5,0.4518030396570618,0.5975624167679583,10,18,10,7,11,15,10,10
3604,4888,0.575,0.625,0.49083839770533366,0.6300701541942737,10,18,10,7,12,15,10,10
3604,4889,0.443,0.75,0.51145852447195,0.6441111170090652,10,18,10,7,13,15,10,10
3604,4890,0.443,0.875,0.4825446553417082,0.6273947866003393,10,18,10,7,14,15,10,10
3604,4891,0.7,0.25,0.4969361137615347,0.6271611227717613,10,18,10,7,10,16,10,10
3604,4892,0.54,0.375,0.5582959880683932,0.6785429154968469,10,18,10,7,11,16,10,10
3604,4893,0.358,0.5,0.6297610093553356,0.7234215440408422,10,18,10,7,12,16,10,10
3604,4894,0.326,0.625,0.6552030700253806,0.7345469378551469,10,18,10,7,13,16,10,10
3604,4895,0.388,0.75,0.5946962334362209,0.6938147108082342,10,18,10,7,14,16,10,10
3604,4896,0.522,0.875,0.4717169425233477,0.6189107263719639,10,18,10,7,15,16,10,10
3604,4897,0.504,0.125,0.6257799347966508,0.7282131817096469,10,18,10,7,10,17,10,10
3604,4898,0.307,0.25,0.7238735240236289,0.796667475602304,10,18,10,7,11,17,10,10
3604,4899,0.21,0.375,0.7914897863274164,0.8354080923356964,10,18,10,7,12,17,10,10
3604,4900,0.274,0.5,0.7557003858303746,0.802285265848991,10,18,10,7,13,17,10,10
3604,4901,0.441,0.625,0.6228577317104804,0.7100535941663102,10,18,10,7,14,17,10,10
3604,4902,0.682,0.75,0.48095488659128427,0.6174888695285319,10,18,10,7,15,17,10,10
3604,4903,0.889,0.876,0.3955914552528169,0.5634065840922595,10,18,10,7,16,17,10,10
3604,4904,0.285,0,0.7923532732623668,0.8526916095662832,10,18,10,7,10,18,10,10
3604,4905,0.104,0.125,0.9007032165554502,0.9264249948262825,10,18,10,7,11,18,10,10
3604,4906,0.174,0.25,0.8704496708595151,0.8853925997373017,10,18,10,7,12,18,10,10
3604,4907,0.405,0.375,0.7164020194063887,0.775236130580059,10,18,10,7,13,18,10,10
3604,4908,0.652,0.5,0.5509444066131349,0.6579393021014011,10,18,10,7,14,18,10,10
3604,4909,0.853,0.625,0.43065086047154466,0.5692919244496085,10,18,10,7,15,18,10,10
3604,4910,0.968,0.75,0.37704419719224636,0.525352845376217,10,18,10,7,16,18,10,10
3604,4911,0.999,0.876,0.37368440947989023,0.5313170950077897,10,18,10,7,17,18,10,10
3604,4912,0.069,0.111,0.9555417549855288,0.9665936654397925,10,18,10,7,10,19,10,10
3604,4913,0.154,0.222,0.902770176824291,0.9175086158322634,10,18,10,7,11,19,10,10
3604,4914,0.385,0.333,0.759884531537558,0.804760363627228,10,18,10,7,12,19,10,10
3604,4915,0.61,0.444,0.6074760814678082,0.6899314725788852,10,18,10,7,13,19,10,10
3604,4916,0.802,0.556,0.4770908695131454,0.5884405409933535,10,18,10,7,14,19,10,10
3604,4917,0.931,0.667,0.3918933432617353,0.5210667010330483,10,18,10,7,15,19,10,10
3604,4918,0.989,0.778,0.3620493606695703,0.49537274667509956,10,18,10,7,16,19,10,10
3604,4919,1,0.889,0.3640811350829626,0.5018506468550128,10,18,10,7,17,19,10,10
3604,4920,1,1,0.37365631094515617,0.5293651597565368,10,18,10,7,18,19,10,10
3604,4921,0.132,0.2,0.864919403120229,0.8921193927237299,10,18,10,7,10,20,10,10
3604,4922,0.348,0.3,0.7422936939316578,0.8079785620207411,10,18,10,7,11,20,10,10
3604,4923,0.558,0.4,0.6134005005716563,0.7092337322283935,10,18,10,7,12,20,10,10
3604,4924,0.744,0.5,0.4970962048021681,0.6127462687629552,10,18,10,7,13,20,10,10
3604,4925,0.884,0.6,0.41394334740047467,0.5347831608932478,10,18,10,7,14,20,10,10
3604,4926,0.966,0.7,0.3667405090620235,0.4889667380752655,10,18,10,7,15,20,10,10
3604,4927,0.996,0.8,0.3515110027312701,0.47638898961829956,10,18,10,7,16,20,10,10
3604,4928,1,0.9,0.3575937780466334,0.4869051656430585,10,18,10,7,17,20,10,10
3604,4929,1,1,0.3671506946194095,0.507433300313554,10,18,10,7,18,20,10,10
3604,4931,0.303,0.273,0.7221447464704054,0.7959079220573395,10,18,10,7,10,21,10,10
3604,4932,0.503,0.364,0.6093704239860904,0.7175903814403017,10,18,10,7,11,21,10,10
3604,4933,0.684,0.455,0.5002516907201582,0.6335015925156731,10,18,10,7,12,21,10,10
3604,4934,0.831,0.546,0.40949118347094904,0.5562199606104767,10,18,10,7,13,21,10,10
3604,4935,0.931,0.637,0.35178680996978173,0.49895521052572067,10,18,10,7,14,21,10,10
3604,4936,0.982,0.728,0.33665248407646076,0.46980516974541,10,18,10,7,15,21,10,10
3604,4937,0.998,0.819,0.34512241864948434,0.4660768547277021,10,18,10,7,16,21,10,10
3604,4938,1,0.91,0.3521493221482841,0.475742009145263,10,18,10,7,17,21,10,10
3604,4939,1,1,0.3588369376181718,0.4867061894012482,10,18,10,7,18,21,10,10
3604,4942,0.446,0.333,0.6037349136830438,0.7177251664342204,10,18,10,7,10,22,10,10
3604,4943,0.623,0.417,0.5054832324760006,0.6479436096824105,10,18,10,7,11,22,10,10
3604,4944,0.774,0.5,0.4168112604839884,0.5777479672151171,10,18,10,7,12,22,10,10
3604,4945,0.888,0.583,0.34908410559276337,0.5172005617795621,10,18,10,7,13,22,10,10
3604,4946,0.958,0.667,0.31255526767063946,0.47597927624356673,10,18,10,7,14,22,10,10
3604,4947,0.99,0.75,0.3098178019746709,0.45785194514839045,10,18,10,7,15,22,10,10
3604,4948,0.999,0.833,0.3342647967595268,0.45723753016416113,10,18,10,7,16,22,10,10
3604,4949,1,0.917,0.34504430239474637,0.46265224872388966,10,18,10,7,17,22,10,10
3604,4950,1,1,0.34987145052466395,0.46831904801452173,10,18,10,7,18,22,10,10
3604,4954,0.563,0.385,0.5092484501068097,0.6560143471688116,10,18,10,7,10,23,10,10
3604,4955,0.716,0.461,0.42660473543623056,0.5951937607832192,10,18,10,7,11,23,10,10
3604,4956,0.839,0.539,0.3566590170177363,0.5372141971119271,10,18,10,7,12,23,10,10
3604,4957,0.925,0.616,0.3079685011795469,0.49001108095157364,10,18,10,7,13,23,10,10
3604,4958,0.974,0.692,0.28556471532020233,0.4601267342144001,10,18,10,7,14,23,10,10
3604,4959,0.995,0.769,0.2871928131098208,0.44821533227889887,10,18,10,7,15,23,10,10
3604,4960,1,0.847,0.30342438851342,0.44771848160775785,10,18,10,7,16,23,10,10
3604,4961,1,0.923,0.322647016337651,0.45043395483767046,10,18,10,7,17,23,10,10
3604,4962,1,1,0.3407111114944851,0.4546218101680305,10,18,10,7,18,23,10,10
3604,4967,0.656,0.429,0.43525838214619605,0.6074019517897006,10,18,10,7,10,24,10,10
3604,4968,0.786,0.5,0.3672681588066232,0.5549159235980308,10,18,10,7,11,24,10,10
3604,4969,0.884,0.572,0.31320296638427547,0.5071175961321044,10,18,10,7,12,24,10,10
3604,4970,0.949,0.643,0.2783919621714934,0.47011730021363507,10,18,10,7,13,24,10,10
3604,4971,0.984,0.714,0.26346477071185226,0.4479895973641068,10,18,10,7,14,24,10,10
3604,4972,0.997,0.786,0.264624505932775,0.4395466399579142,10,18,10,7,15,24,10,10
3604,4973,1,0.857,0.27361354957703543,0.43879227134623244,10,18,10,7,16,24,10,10
3604,4974,1,0.929,0.284596172280533,0.44042742809687185,10,18,10,7,17,24,10,10
3604,4975,1,1,0.2992358944147827,0.44370628815560387,10,18,10,7,18,24,10,10
3604,4981,0.731,0.467,0.3771935329726136,0.5687088846871156,10,18,10,7,10,25,10,10
3604,4982,0.839,0.533,0.3220783052079377,0.5235848154517473,10,18,10,7,11,25,10,10
3604,4983,0.917,0.6,0.2802882034888178,0.4841134781541828,10,18,10,7,12,25,10,10
3604,4984,0.965,0.667,0.2543215243696064,0.45488421773594245,10,18,10,7,13,25,10,10
3604,4985,0.99,0.733,0.24345305149699048,0.43817520468946536,10,18,10,7,14,25,10,10
3604,4986,0.998,0.8,0.2435946097861439,0.43194989913761106,10,18,10,7,15,25,10,10
3604,4987,1,0.867,0.24846678980377457,0.4313019187743574,10,18,10,7,16,25,10,10
3604,4988,1,0.934,0.2556298509653633,0.43282628914834675,10,18,10,7,17,25,10,10
3604,4989,1,1,0.2669132900757575,0.4362539631447101,10,18,10,7,18,25,10,10
3604,4996,0.79,0.5,0.3307846376586808,0.5375629012141604,10,18,10,7,10,26,10,10
3604,4997,0.879,0.563,0.28623534310785026,0.4988608310976147,10,18,10,7,11,26,10,10
3604,4998,0.94,0.625,0.25377254084057776,0.46625264878993244,10,18,10,7,12,26,10,10
3604,4999,0.976,0.688,0.23433098498575833,0.44309910790308704,10,18,10,7,13,26,10,10
3604,5000,0.993,0.75,0.22661912117226357,0.43046612787049954,10,18,10,7,14,26,10,10
3604,5001,0.999,0.813,0.2265759093824885,0.4260984766495638,10,18,10,7,15,26,10,10
3604,5002,1,0.875,0.22983567634653235,0.4261857005321371,10,18,10,7,16,26,10,10
3604,5003,1,0.938,0.23606134085276054,0.4285601102518344,10,18,10,7,17,26,10,10
3604,5004,1,1,0.24793682300796493,0.433321084869305,10,18,10,7,18,26,10,10
3604,5012,0.836,0.53,0.2937734963522748,0.5124461595188177,10,18,10,7,10,27,10,10
3604,5013,0.908,0.588,0.25790065935347817,0.4793935058095997,10,18,10,7,11,27,10,10
3604,5014,0.956,0.647,0.23270392917735416,0.4525615442265838,10,18,10,7,12,27,10,10
3604,5015,0.984,0.706,0.21863149642624113,0.43434231096744225,10,18,10,7,13,27,10,10
3604,5016,0.996,0.765,0.2137164139822777,0.42503232255611034,10,18,10,7,14,27,10,10
3604,5017,0.999,0.824,0.21395507350158194,0.4224709536221942,10,18,10,7,15,27,10,10
3604,5018,1,0.883,0.21753908898294483,0.4237509589197288,10,18,10,7,16,27,10,10
3604,5019,1,0.941,0.22513610483665125,0.4274953023961042,10,18,10,7,17,27,10,10
3604,5020,1,1,0.23991132722047903,0.4339950889301587,10,18,10,7,18,27,10,10
3604,5029,0.871,0.556,0.26463405420005703,0.4923877763951334,10,18,10,7,10,28,10,10
3604,5030,0.931,0.611,0.23593178299668516,0.46433675251955564,10,18,10,7,11,28,10,10
3604,5031,0.968,0.667,0.21687348537302742,0.44242357851752834,10,18,10,7,12,28,10,10
3604,5032,0.988,0.722,0.20706346338205317,0.42829658298377493,10,18,10,7,13,28,10,10
3604,5033,0.997,0.778,0.20430726262031906,0.4217956826493555,10,18,10,7,14,28,10,10
3604,5034,1,0.834,0.20584748726968072,0.4209836601789684,10,18,10,7,15,28,10,10
3604,5035,1,0.889,0.21095987917691972,0.4236490698543569,10,18,10,7,16,28,10,10
3604,5036,1,0.945,0.221363726405999,0.4289153679322544,10,18,10,7,17,28,10,10
3604,5037,1,1,0.24036358145309877,0.43712151479087835,10,18,10,7,18,28,10,10
3604,5047,0.899,0.579,0.24220844737311742,0.4766411542705574,10,18,10,7,10,29,10,10
3604,5048,0.947,0.632,0.2196742024736429,0.45300583832957453,10,18,10,7,11,29,10,10
3604,5049,0.977,0.684,0.20565596731279212,0.4352858363206137,10,18,10,7,12,29,10,10
3604,5050,0.992,0.737,0.19937413259331627,0.42458055513594617,10,18,10,7,13,29,10,10
3604,5051,0.998,0.79,0.1985164026241686,0.42048477429464837,10,18,10,7,14,29,10,10
3604,5052,1,0.843,0.20180156396736793,0.42131802584718425,10,18,10,7,15,29,10,10
3604,5053,1,0.895,0.20947123566644388,0.4253843691597783,10,18,10,7,16,29,10,10
3604,5054,1,0.948,0.22332898128751477,0.43209604525816736,10,18,10,7,17,29,10,10
3604,5055,1,1,0.24623477654671422,0.4416768235126157,10,18,10,7,18,29,10,10
3604,5066,0.921,0.6,0.22549564563127622,0.46454693250123735,10,18,10,7,10,30,10,10
3604,5067,0.96,0.65,0.20827357045279749,0.4447797422354298,10,18,10,7,11,30,10,10
3604,5068,0.983,0.7,0.19845680297678514,0.4306248496696524,10,18,10,7,12,30,10,10
3604,5069,0.994,0.75,0.1949062645652433,0.4227920726921921,10,18,10,7,13,30,10,10
3604,5070,0.999,0.8,0.1961071292739337,0.42076078424735086,10,18,10,7,14,30,10,10
3604,5071,1,0.85,0.2015768263065294,0.4230843112403483,10,18,10,7,15,30,10,10
3604,5072,1,0.9,0.2116439133510286,0.42841608676492127,10,18,10,7,16,30,10,10
3604,5073,1,0.95,0.22819687712305903,0.4362646179639459,10,18,10,7,17,30,10,10
3604,5074,1,1,0.2537792953989232,0.44655445691733275,10,18,10,7,18,30,10,10
3604,5086,0.938,0.619,0.21372693928043818,0.45549184294109535,10,18,10,7,10,31,10,10
3604,5087,0.969,0.667,0.20087692094810905,0.43908366021964074,10,18,10,7,11,31,10,10
3604,5088,0.987,0.714,0.19442138309446733,0.42794849627554454,10,18,10,7,12,31,10,10
3604,5089,0.996,0.762,0.19319014328359796,0.42252361565241103,10,18,10,7,13,31,10,10
3604,5090,0.999,0.81,0.196239366597166,0.42223843674202577,10,18,10,7,14,31,10,10
3604,5091,1,0.858,0.2034495247799235,0.4258254492828737,10,18,10,7,15,31,10,10
3604,5092,1,0.905,0.21569520850182589,0.4321389892381352,10,18,10,7,16,31,10,10
3604,5093,1,0.953,0.23448253885934645,0.44062922938267146,10,18,10,7,17,31,10,10
3604,5094,1,1,0.26092870307195803,0.45082687127991117,10,18,10,7,18,31,10,10
3604,5107,0.951,0.637,0.2057793245235272,0.44890578144054893,10,18,10,7,10,32,10,10
3604,5108,0.976,0.682,0.19650188763450382,0.4353910025097738,10,18,10,7,11,32,10,10
3604,5109,0.99,0.727,0.19262479035919877,0.42680121188200226,10,18,10,7,12,32,10,10
3604,5110,0.997,0.773,0.19315573984174184,0.4233796034185867,10,18,10,7,13,32,10,10
3604,5111,0.999,0.818,0.19787157735628103,0.42452940634193503,10,18,10,7,14,32,10,10
3604,5112,1,0.864,0.20694522495786138,0.4290979633631732,10,18,10,7,15,32,10,10
3604,5113,1,0.909,0.22092796085169597,0.4360204194859558,10,18,10,7,16,32,10,10
3604,5114,1,0.955,0.2406260099135643,0.44459463541551114,10,18,10,7,17,32,10,10
3604,5115,1,1,0.26605050400386965,0.4539916859479174,10,18,10,7,18,32,10,10
3604,5129,0.961,0.652,0.20064920432533084,0.44427908808582617,10,18,10,7,10,33,10,10
3604,5130,0.982,0.696,0.1941240510272786,0.43324171119707644,10,18,10,7,11,33,10,10
3604,5131,0.993,0.739,0.19218470726619186,0.4267861869170295,10,18,10,7,12,33,10,10
3604,5132,0.998,0.783,0.19448961297356948,0.42500877638301293,10,18,10,7,13,33,10,10
3604,5133,1,0.826,0.20090464989546464,0.4272849447143484,10,18,10,7,14,33,10,10
3604,5134,1,0.87,0.21136858817822934,0.43251519875569955,10,18,10,7,15,33,10,10
3604,5135,1,0.913,0.2260952729033574,0.43963182076936647,10,18,10,7,16,33,10,10
3604,5136,1,0.957,0.2454554953499355,0.44775983879775594,10,18,10,7,17,33,10,10
3604,5137,1,1,0.268460285609054,0.45585416209872887,10,18,10,7,18,33,10,10
3604,5152,0.969,0.667,0.1974246202630061,0.44117682789205304,10,18,10,7,10,34,10,10
3604,5153,0.986,0.709,0.19318551551746854,0.43225000792590906,10,18,10,7,11,34,10,10
3604,5154,0.995,0.75,0.19317171775334863,0.4275692041610112,10,18,10,7,12,34,10,10
3604,5155,0.998,0.792,0.1970500368675343,0.4271083838343136,10,18,10,7,13,34,10,10
3604,5156,1,0.833,0.20463966686497526,0.4302022212764316,10,18,10,7,14,34,10,10
3604,5157,1,0.875,0.21571253390568357,0.43575719561714077,10,18,10,7,15,34,10,10
3604,5158,1,0.917,0.23047890967507512,0.4426651900432934,10,18,10,7,16,34,10,10
3604,5159,1,0.959,0.24857322681905591,0.44993037143225856,10,18,10,7,17,34,10,10
3604,5160,1,1,0.26834647424581815,0.45648613234120317,10,18,10,7,18,34,10,10
3604,5176,0.976,0.68,0.19594665922523824,0.43924063802708646,10,18,10,7,10,35,10,10
3604,5177,0.989,0.72,0.19367581715678783,0.4321011317515334,10,18,10,7,11,35,10,10
3604,5178,0.996,0.76,0.1951316064499381,0.4288759328051046,10,18,10,7,12,35,10,10
3604,5179,0.999,0.8,0.20017499179908482,0.429428463889309,10,18,10,7,13,35,10,10
3604,5180,1,0.84,0.20843874287005548,0.43304025863923523,10,18,10,7,14,35,10,10
3604,5181,1,0.88,0.21973835452015056,0.4386007947668451,10,18,10,7,15,35,10,10
3604,5182,1,0.92,0.2339880779972875,0.44497194040510246,10,18,10,7,16,35,10,10
3604,5183,1,0.96,0.2500931562886224,0.4511368505259101,10,18,10,7,17,35,10,10
3604,5184,1,1,0.2663530641728874,0.4561812022485868,10,18,10,7,18,35,10,10
